Game_ID,Away_ID,Away_Point,Host_ID,Host_Point
0,12,108,13,96
1,25,121,8,130
2,1,117,0,122
3,7,91,4,109
4,11,107,9,96
5,16,98,27,102
6,15,107,28,102
7,18,103,3,97
8,24,113,23,94
9,26,114,22,120
10,14,99,10,114
11,0,99,5,105
12,29,102,24,94
13,21,114,17,106
14,6,94,4,91
15,8,94,1,103
16,13,82,7,108
17,23,110,18,113
18,11,97,12,91
19,26,106,25,98
20,22,89,19,96
21,20,122,28,114
22,10,104,3,72
23,0,104,11,98
24,27,104,2,111
25,13,99,6,105
26,8,101,5,118
27,1,108,9,110
28,28,79,29,98
29,17,115,15,113
30,16,103,24,106
31,19,75,21,88
32,20,106,23,100
33,29,106,12,99
34,9,83,7,98
35,22,96,18,113
36,25,92,26,93
37,14,103,27,112
38,15,102,4,105
39,5,118,1,88
40,24,95,10,106
41,23,98,21,116
42,26,120,6,128
43,22,108,8,115
44,13,103,3,101
45,24,96,12,108
46,2,89,7,102
47,9,117,28,113
48,27,80,16,116
49,19,106,29,91
50,20,127,17,104
51,4,113,14,103
52,3,93,11,109
53,7,101,1,109
54,26,118,2,99
55,22,123,10,116
56,28,83,27,89
57,5,100,0,107
58,25,81,19,97
59,17,115,23,118
60,18,85,21,83
61,24,94,13,102
62,8,107,9,125
63,15,102,16,99
64,0,122,6,128
65,18,96,20,122
66,10,92,14,95
67,12,87,4,96
68,11,99,1,95
69,2,117,5,104
70,21,99,27,88
71,23,112,28,111
72,17,105,25,95
73,29,100,19,86
74,20,97,22,117
75,16,92,18,112
76,6,102,3,101
77,14,86,13,88
78,15,86,7,103
79,5,94,8,111
80,26,97,10,112
81,24,91,9,117
82,21,116,29,92
83,19,114,2,109
84,17,100,27,94
85,24,96,4,91
86,9,75,25,86
87,15,123,0,107
88,23,108,22,119
89,19,109,3,84
90,26,114,14,106
91,8,100,11,122
92,13,80,5,112
93,12,85,18,97
94,7,82,21,114
95,28,106,20,116
96,10,110,6,106
97,16,110,1,119
98,15,107,27,108
99,23,121,17,124
100,25,109,22,97
101,28,94,24,102
102,1,96,2,110
103,0,93,14,118
104,19,98,11,104
105,16,123,13,107
106,3,115,8,122
107,5,107,10,115
108,4,112,18,102
109,7,100,23,107
110,26,101,29,99
111,17,80,21,111
112,25,95,20,116
113,28,112,9,106
114,5,98,12,95
115,20,125,15,101
116,22,101,24,91
117,8,105,3,109
118,6,105,14,94
119,4,113,11,111
120,19,87,13,74
121,2,87,0,115
122,21,110,18,108
123,7,86,29,96
124,24,120,17,122
125,22,126,28,99
126,0,105,8,99
127,2,107,4,118
128,3,96,10,117
129,14,95,5,106
130,29,106,26,100
131,21,119,16,105
132,19,102,12,91
133,27,96,9,106
134,7,106,15,95
135,1,122,23,104
136,11,93,6,100
137,13,119,18,117
138,22,99,16,125
139,23,120,20,133
140,15,105,17,112
141,13,69,8,88
142,25,77,2,93
143,18,88,7,104
144,0,105,28,106
145,3,88,26,115
146,12,90,29,94
147,27,102,19,96
148,1,95,21,127
149,4,117,6,121
150,10,93,12,90
151,11,115,16,108
152,5,113,17,88
153,1,118,22,125
154,14,102,3,109
155,28,82,13,89
156,6,93,8,103
157,25,83,0,90
158,7,102,2,105
159,9,100,10,107
160,26,103,18,105
161,20,127,4,121
162,23,104,15,120
163,27,111,21,107
164,29,110,24,105
165,2,112,14,119
166,9,73,12,96
167,17,109,26,126
168,3,86,16,110
169,5,85,19,77
170,10,96,11,100
171,23,116,8,96
172,7,81,6,104
173,17,101,28,113
174,1,105,18,124
175,20,104,0,88
176,27,80,25,64
177,4,113,15,111
178,29,116,22,107
179,21,121,24,115
180,19,102,26,111
181,11,116,28,121
182,12,114,14,111
183,25,87,13,95
184,0,94,7,92
185,23,105,3,120
186,16,71,27,93
187,20,124,9,121
188,5,95,21,102
189,10,94,2,104
190,17,129,1,109
191,8,115,18,111
192,4,99,24,102
193,19,91,15,105
194,5,118,22,110
195,12,94,3,101
196,23,101,14,106
197,27,105,11,90
198,20,120,8,83
199,26,99,7,96
200,13,89,9,93
201,0,99,16,93
202,25,91,29,96
203,4,115,21,123
204,17,103,2,107
205,28,112,10,94
206,5,107,15,110
207,18,109,22,111
208,27,104,3,99
209,29,119,11,114
210,23,92,13,87
211,17,125,6,137
212,10,96,8,85
213,0,111,1,92
214,12,84,7,107
215,4,115,26,102
216,21,124,25,104
217,15,83,19,108
218,16,96,28,117
219,22,106,20,149
220,18,101,24,116
236,29,109,0,103
237,14,94,13,91
238,25,90,6,128
239,11,111,2,113
240,5,105,3,89
241,21,97,7,108
242,10,68,19,95
243,4,105,9,99
244,12,90,27,81
245,1,97,8,118
246,18,132,15,129
247,16,98,23,85
248,28,104,17,119
249,20,109,22,85
250,26,117,24,104
251,29,112,14,100
252,2,102,11,107
253,7,88,18,106
254,27,110,12,107
255,16,102,20,115
256,6,112,3,108
257,15,120,23,114
258,24,122,1,105
259,9,104,13,96
260,21,70,8,91
261,28,81,25,91
262,26,130,17,114
263,10,94,22,109
264,24,95,14,101
265,3,95,4,122
266,18,112,2,103
267,0,112,12,104
268,11,104,27,85
269,19,112,16,103
270,10,100,20,105
271,7,112,11,89
272,21,122,1,127
273,6,101,9,118
274,22,88,28,105
275,13,95,29,83
276,26,101,19,120
277,7,121,0,114
278,27,105,4,120
279,22,96,5,90
280,14,115,18,126
281,2,106,16,104
282,29,94,25,87
283,12,106,15,98
284,10,107,23,109
285,8,109,17,131
286,25,87,11,97
287,9,111,1,93
288,13,94,27,95
289,21,113,6,94
290,12,111,19,110
291,26,132,20,127
292,13,105,3,88
293,24,92,0,97
294,22,80,4,113
295,16,114,2,118
296,6,105,5,111
297,21,114,28,96
298,7,121,10,85
299,14,105,29,107
300,26,128,15,110
301,1,103,9,112
302,16,125,11,120
303,10,84,4,128
304,0,107,3,106
305,22,100,27,103
306,5,82,25,107
307,15,98,19,105
308,12,92,17,99
309,23,109,20,138
310,13,98,7,92
311,28,92,18,101
312,24,98,2,106
313,8,111,21,102
314,15,106,3,98
315,6,116,4,112
316,14,118,1,113
317,18,102,10,99
318,17,112,5,110
319,29,97,9,96
320,27,110,28,108
321,0,106,26,107
322,11,109,25,101
323,19,107,22,101
324,8,106,20,142
325,13,124,14,116
326,2,114,12,103
327,5,91,7,102
328,3,91,27,96
329,29,105,16,91
330,23,105,19,112
331,16,110,4,124
332,15,85,14,92
333,17,86,27,88
334,3,99,28,88
335,20,106,19,99
336,29,91,5,95
337,13,88,11,109
338,12,84,6,114
339,4,101,0,94
340,10,114,9,110
341,26,102,18,99
342,7,117,16,90
343,8,103,25,111
344,23,119,22,115
345,2,103,24,100
346,9,105,14,110
347,15,121,13,113
348,17,111,8,118
349,11,105,6,116
350,12,100,5,105
351,20,89,27,110
352,25,87,26,109
353,1,101,29,130
354,24,84,19,104
355,28,105,21,133
356,3,97,7,79
357,0,96,18,99
358,20,116,16,108
359,28,120,23,119
360,2,118,22,112
361,11,94,8,110
362,9,100,4,122
363,14,101,12,112
364,1,118,26,122
365,15,92,25,112
366,17,120,21,121
367,22,92,24,116
368,27,86,6,103
369,13,131,10,120
370,16,99,5,94
371,20,113,28,109
372,2,111,23,113
373,18,95,17,114
374,4,123,3,114
375,11,106,14,109
376,21,113,13,108
377,8,89,12,95
378,22,97,1,107
379,6,85,27,93
380,24,98,26,132
381,7,95,25,85
382,18,89,19,109
383,0,101,29,108
384,5,97,9,108
385,8,95,28,102
386,17,120,15,132
387,29,107,23,92
388,2,90,20,103
389,7,108,14,122
390,1,111,13,118
391,11,88,0,96
392,10,125,4,121
393,9,95,5,69
394,24,96,27,92
395,28,100,26,122
396,22,100,3,89
397,21,102,12,98
398,25,100,19,103
399,23,101,18,114
400,8,105,7,90
401,11,107,10,99
402,22,108,6,119
403,26,111,16,109
404,2,114,15,127
405,17,90,20,135
406,21,110,14,117
407,24,79,25,99
408,19,82,27,73
409,1,107,3,108
410,4,109,13,79
411,0,105,12,95
412,28,100,29,113
413,14,105,8,107
414,7,82,5,113
415,10,110,18,108
416,23,108,16,115
417,25,107,15,117
418,28,108,3,93
419,22,113,11,117
420,1,104,4,116
421,8,111,2,118
422,13,136,12,130
423,6,114,9,108
424,0,112,27,109
425,29,102,26,100
426,15,102,21,119
427,19,74,20,104
428,17,121,24,126
429,9,102,6,113
430,16,92,10,84
431,27,98,7,86
432,14,107,5,97
433,18,121,28,110
434,24,94,19,93
435,26,125,23,111
436,25,96,17,95
437,0,109,8,102
438,20,117,1,101
439,13,95,2,106
440,22,107,12,115
441,29,101,21,106
442,5,91,11,103
443,22,90,13,109
444,1,99,6,119
445,18,117,0,112
446,20,119,7,113
447,14,96,9,123
448,26,109,27,115
449,12,87,28,91
450,24,109,16,105
451,10,109,15,108
452,4,104,19,98
453,3,116,23,123
454,29,110,17,90
455,25,90,21,88
461,0,119,2,114
462,20,108,6,109
463,5,100,29,119
464,16,100,18,112
465,21,102,22,111
466,9,102,14,107
467,27,102,13,112
468,11,118,1,120
469,6,90,7,106
470,8,85,5,90
471,25,104,28,111
472,23,115,26,131
473,10,90,16,104
474,4,95,17,91
475,15,106,21,102
476,3,100,24,102
477,27,103,0,113
478,18,106,12,94
479,26,123,25,107
480,19,102,22,100
481,8,105,14,111
482,11,120,13,101
483,2,98,10,102
484,9,119,7,94
485,1,99,5,101
486,21,98,28,102
487,23,98,29,119
488,16,103,15,105
489,24,89,17,102
490,4,111,20,121
491,12,82,11,91
492,18,80,27,114
493,0,118,6,124
494,3,83,19,100
495,4,91,23,99
496,25,101,22,89
497,5,101,8,111
498,1,95,14,118
499,12,114,0,117
500,2,92,28,104
501,21,116,26,140
502,9,99,16,116
503,7,98,10,105
504,17,94,29,110
505,3,124,15,122
506,25,99,20,108
507,27,112,24,98
508,9,116,5,96
509,6,121,11,109
510,2,122,26,129
511,23,86,19,91
512,21,88,18,114
513,29,112,10,114
514,7,107,12,98
515,13,104,8,117
516,17,95,16,89
517,4,123,22,114
518,18,94,9,98
519,28,82,6,90
520,19,101,1,89
521,13,115,2,103
522,11,111,5,118
523,14,91,26,101
524,23,98,21,109
525,15,119,20,127
526,16,91,3,93
527,19,104,0,115
528,8,121,7,116
529,14,105,25,113
530,4,82,29,110
531,24,120,15,113
532,12,90,23,99
533,27,102,22,116
534,18,112,11,123
535,10,111,13,92
536,9,105,2,104
537,5,106,6,94
538,27,106,21,115
539,17,117,20,125
540,12,107,24,102
541,1,109,8,121
542,19,93,4,101
543,11,114,7,115
544,10,99,28,94
545,18,116,26,118
546,23,102,25,95
547,29,127,15,99
548,22,109,17,118
549,16,105,14,112
550,26,100,13,93
551,3,106,0,110
552,6,116,1,108
553,2,116,9,111
554,12,100,22,127
555,27,128,20,119
556,21,106,24,98
557,2,109,8,123
558,28,108,0,117
559,4,118,5,123
560,15,106,18,121
561,19,94,16,92
562,10,97,25,82
563,11,85,29,102
564,3,105,1,95
565,14,107,9,101
566,12,86,21,98
567,26,129,4,122
568,19,79,27,88
569,6,120,23,116
570,20,117,24,106
571,7,125,17,124
572,13,95,22,111
573,28,110,2,96
574,18,109,5,94
575,25,92,16,101
576,5,99,14,101
577,0,106,4,114
578,10,117,1,97
579,11,114,26,121
580,9,109,29,107
581,6,92,19,100
582,17,108,22,87
583,12,95,20,107
584,7,94,24,100
585,2,97,3,98
586,27,95,18,103
587,26,105,16,119
588,14,108,0,117
589,13,96,21,105
590,6,86,17,102
591,8,112,15,140
592,28,104,1,95
593,5,89,2,104
594,22,94,29,134
595,25,113,23,108
596,7,107,20,127
597,11,93,3,102
598,1,113,4,132
599,12,108,9,116
600,27,110,26,105
601,18,86,16,96
602,0,103,10,101
603,13,115,17,109
604,6,120,24,108
605,7,77,19,110
606,22,97,21,113
607,28,99,5,107
608,29,105,23,108
609,3,93,14,109
610,13,107,19,114
611,16,87,25,98
612,2,101,4,116
613,9,98,10,111
614,26,137,1,112
615,18,122,24,118
616,5,108,27,104
617,7,102,22,97
618,10,108,2,107
619,17,101,14,120
620,3,113,9,104
621,28,95,8,98
622,13,112,15,125
623,11,98,0,108
624,6,91,20,126
625,19,106,23,101
626,18,98,21,120
627,4,119,1,109
628,26,103,12,109
629,25,99,5,98
630,16,114,29,122
631,15,127,22,121
632,4,89,3,94
633,27,101,14,104
634,17,85,11,107
635,2,117,0,106
636,13,98,28,118
637,9,92,26,111
638,10,95,7,118
639,18,100,20,121
640,8,106,24,100
641,23,103,6,118
642,25,95,12,99
643,14,113,2,110
644,15,104,29,118
645,16,104,21,101
646,17,92,3,93
647,4,78,11,113
648,9,96,13,112
649,24,91,27,107
650,1,143,28,114
651,20,125,26,108
652,5,93,10,102
653,19,112,25,107
654,8,96,22,108
655,17,127,0,123
656,14,112,7,113
657,1,105,11,112
658,3,93,10,110
659,23,107,2,105
660,9,97,12,109
661,26,119,27,95
662,29,118,6,115
663,21,98,15,123
664,8,100,19,109
665,24,99,5,102
666,20,118,13,98
667,22,73,25,122
668,23,115,4,103
669,15,108,16,111
670,14,109,11,99
671,29,112,1,86
672,21,115,10,105
673,20,102,12,105
674,24,109,7,104
675,26,114,9,127
676,6,122,28,124
677,2,109,8,103
678,18,97,19,95
679,29,108,4,106
680,21,110,3,121
681,0,108,14,123
682,5,100,13,92
683,19,93,15,103
684,16,112,23,111
685,24,116,6,112
686,26,109,0,120
687,12,109,1,106
688,10,119,5,114
689,3,114,9,109
690,4,99,27,101
691,18,114,28,105
692,20,113,11,103
693,2,95,25,103
694,22,98,17,105
695,25,98,18,109
696,8,109,16,103
697,23,120,15,127
698,22,88,19,96
699,24,111,8,115
700,1,116,6,124
701,13,98,0,128
702,9,86,4,102
703,11,107,2,110
704,12,100,5,88
705,29,103,28,119
706,14,112,10,86
707,26,123,3,118
708,27,109,17,112
709,24,109,11,106
710,7,103,12,116
711,0,112,9,108
712,21,98,20,144
713,27,102,19,95
714,15,123,23,112
715,1,109,16,129
716,2,139,10,142
717,18,91,6,107
718,26,101,8,120
719,14,107,28,94
720,13,114,4,113
721,3,108,5,121
722,25,105,29,101
723,20,113,17,111
724,24,119,3,122
725,1,96,12,104
726,13,105,16,111
727,7,109,0,113
728,6,97,25,104
729,27,115,23,96
730,2,101,14,117
731,28,106,4,108
732,24,83,26,105
733,18,94,29,108
734,11,98,17,115
735,15,116,22,120
736,8,98,13,88
737,16,97,6,125
738,4,104,0,109
739,2,95,1,90
740,10,93,12,116
741,28,98,7,118
742,3,95,25,113
743,27,119,15,99
744,9,88,19,104
745,21,124,23,114
746,5,128,18,100
747,11,111,20,126
748,22,108,14,116
749,10,113,26,108
750,3,86,29,102
751,20,133,21,120
752,4,94,13,102
753,8,106,1,97
754,16,108,7,116
755,5,117,26,121
756,27,102,18,114
757,22,107,0,113
758,9,117,15,121
759,23,105,24,103
760,25,108,17,104
761,28,91,14,105
762,13,86,10,113
763,7,84,8,105
764,3,102,12,125
765,6,111,2,104
766,11,98,19,105
767,9,137,23,112
768,15,97,29,121
769,27,107,16,99
770,20,106,24,109
771,4,103,1,95
772,21,102,0,107
773,17,99,18,105
774,22,121,2,107
775,6,140,14,135
776,18,90,8,93
777,21,109,4,118
778,19,120,10,95
779,3,96,7,113
780,23,106,28,111
781,12,115,16,113
782,25,87,15,110
783,29,74,27,89
784,5,112,24,107
785,1,107,11,111
786,13,104,26,128
787,17,114,25,113
788,29,111,3,103
789,6,132,8,117
790,14,114,1,110
791,15,106,10,117
792,22,102,7,121
793,12,106,9,88
794,23,91,27,110
795,19,127,28,94
796,4,109,16,112
797,21,119,2,115
798,5,92,20,123
799,0,92,24,108
800,26,107,11,95
801,3,112,13,111
802,6,109,18,118
803,19,105,25,112
804,0,120,17,111
805,12,108,1,99
806,15,131,2,123
807,29,103,7,92
808,22,122,9,114
809,20,122,27,107
810,28,122,16,106
811,8,107,14,112
812,10,107,24,108
813,5,97,23,115
814,21,107,11,102
815,9,116,8,100
816,12,109,3,117
817,15,109,6,125
818,20,130,18,114
819,13,80,25,112
820,23,102,26,133
821,0,112,19,104
822,5,89,16,117
823,29,90,2,94
824,7,102,4,101
825,28,99,24,105
826,3,105,11,99
827,29,110,8,106
828,27,112,1,103
829,13,116,12,107
830,7,89,9,102
831,18,98,14,120
832,0,111,25,98
833,20,110,15,132
834,21,88,19,72
835,28,110,23,108
836,10,109,17,104
837,4,94,5,105
838,6,116,16,108
839,24,97,22,96
840,29,107,13,79
841,8,104,6,113
842,3,108,0,116
843,11,85,4,90
844,9,129,1,125
845,25,91,7,98
846,28,95,27,91
847,12,117,26,109
848,16,112,15,99
849,17,88,19,111
850,22,101,23,137
851,2,105,18,116
852,10,84,21,99
853,24,86,20,109
854,14,111,8,98
855,0,103,5,104
856,2,101,13,90
857,14,105,4,96
858,25,95,10,100
859,3,98,12,125
860,15,110,9,98
861,7,86,28,109
862,6,99,0,103
863,8,99,29,100
864,16,107,19,80
865,26,122,21,103
866,1,109,24,100
867,20,87,5,94
868,11,103,23,120
869,18,109,17,114
870,2,102,3,105
871,4,114,14,106
872,12,99,13,110
873,6,135,10,130
874,21,101,9,112
875,27,100,25,104
876,1,97,19,112
877,18,111,23,118
878,29,101,28,98
879,0,115,22,95
880,7,136,3,106
881,4,94,9,101
882,6,92,12,120
883,21,101,5,91
884,11,112,15,102
885,27,108,26,123
886,16,90,29,97
887,1,116,17,130
888,8,97,10,96
889,20,112,2,105
890,0,106,23,109
891,13,114,14,115
892,19,110,24,109
893,18,89,25,104
894,28,105,22,97
895,9,112,3,98
896,2,113,13,105
897,12,106,6,98
898,20,119,10,111
899,5,95,7,109
900,1,122,27,109
901,8,88,11,100
902,26,110,29,112
903,24,96,15,108
904,28,83,19,88
905,0,102,21,116
906,17,126,18,121
907,22,111,25,122
908,14,131,23,127
909,5,91,13,98
910,1,105,10,110
911,11,101,12,108
912,2,93,9,104
913,4,94,28,87
914,19,115,26,108
915,21,91,16,107
916,7,98,8,115
917,24,104,29,114
918,14,123,15,113
919,0,99,20,86
920,6,101,7,106
921,21,114,27,98
922,29,92,18,102
923,3,108,17,114
924,22,122,23,110
925,13,81,11,121
926,26,115,5,94
927,8,85,9,99
928,20,102,16,103
929,4,99,10,105
930,0,99,15,119
931,1,96,25,105
932,14,130,24,122
933,19,104,18,112
934,3,100,21,112
935,2,92,7,112
936,28,125,11,122
937,6,116,13,104
938,16,95,9,102
939,4,89,12,104
940,20,85,29,107
941,10,107,27,90
942,23,100,25,98
943,14,125,17,124
944,15,105,24,92
945,5,80,0,100
946,2,112,1,120
947,12,98,8,102
948,17,110,23,101
949,6,112,26,117
950,3,118,22,116
951,5,115,11,109
952,25,78,4,100
953,9,93,27,113
954,10,99,29,107
955,14,104,16,119
956,21,108,19,114
957,13,115,24,120
958,22,101,15,129
959,7,96,6,128
960,18,122,1,104
961,8,81,2,87
962,17,77,28,100
963,3,104,20,106
964,25,112,14,107
965,11,77,8,98
966,16,104,0,117
967,28,112,12,120
968,19,97,7,83
969,27,98,5,91
970,22,100,26,139
971,17,110,29,106
972,24,107,23,101
973,9,97,21,96
974,19,83,6,91
975,18,123,4,102
976,1,121,2,110
977,27,103,10,91
978,21,114,15,129
979,13,92,20,122
980,25,74,3,116
981,5,107,14,112
982,0,98,1,95
983,4,87,7,75
984,26,112,28,128
985,16,105,12,123
986,13,109,23,103
987,9,107,22,103
988,24,94,18,110
989,17,113,10,97
990,14,93,11,98
991,6,78,21,108
992,19,86,5,95
993,29,96,27,104
994,26,109,15,105
995,9,92,20,117
996,25,111,1,104
997,0,99,3,105
998,23,95,7,112
999,16,109,28,123
1000,8,91,4,116
1001,17,115,12,104
1002,24,102,29,118
1003,6,125,22,120
1004,10,90,11,105
1005,3,109,13,112
1006,19,100,8,107
1007,14,102,0,110
1008,15,124,26,125
1009,20,111,18,95
1010,2,105,21,114
1011,5,120,4,122
1012,7,96,1,98
1013,23,97,12,112
1014,27,82,28,95
1015,20,112,25,87
1016,29,100,16,93
1017,9,93,17,90
1018,21,133,22,109
1019,11,109,13,102
1020,8,100,0,109
1021,7,95,5,117
1022,3,97,18,122
1023,10,100,14,104
1024,6,113,15,126
1025,9,116,24,98
1026,2,101,19,108
1027,23,98,1,126
1028,4,101,12,84
1029,21,95,25,97
1030,27,90,29,97
1031,2,95,17,110
1032,1,108,14,129
1033,6,112,11,105
1034,7,87,13,115
1035,15,125,8,117
1036,23,120,0,130
1037,3,117,5,107
1038,10,97,9,100
1039,28,107,26,117
1040,16,119,22,130
1041,24,100,20,114
1042,19,95,21,108
1043,14,127,6,115
1044,4,94,25,86
1045,2,98,29,106
1046,16,100,17,112
1047,23,106,11,120
1048,1,107,10,92
1049,24,98,21,97
1050,5,109,9,94
1051,18,125,26,137
1052,3,94,8,107
1053,12,108,0,112
1054,27,94,20,106
1055,28,115,15,90
1056,17,97,22,81
1057,13,112,4,131
1058,7,95,2,109
1059,6,74,29,103
1060,18,92,25,91
1061,27,90,24,91
1062,28,100,19,108
1063,9,118,11,108
1064,16,115,8,114
1065,3,106,1,101
1066,23,91,10,95
1067,12,97,7,96
1068,20,113,26,106
1069,15,113,17,122
1070,14,119,22,108
1071,10,99,3,92
1072,18,114,13,106
1073,9,103,0,100
1074,11,110,4,106
1075,12,105,2,88
1076,8,97,27,110
1077,25,118,28,121
1078,20,110,29,98
1079,14,124,21,133
1080,19,112,24,82
1081,1,89,7,90
1082,6,93,5,99
1083,22,104,16,119
1084,21,124,23,118
1085,26,107,17,117
1086,8,100,4,111
1087,15,114,11,122
1088,3,105,6,122
1089,13,116,0,117
1090,7,105,9,108
1091,25,90,27,99
1092,24,89,28,117
1093,2,98,12,94
1094,29,100,18,95
1095,14,88,19,95
1096,26,98,20,107
1097,22,104,21,115
1098,10,104,5,106
1099,13,111,1,121
1100,24,123,16,117
1101,23,117,17,130
1102,0,110,2,94
1103,11,113,18,101
1104,27,103,22,108
1105,25,109,9,105
1106,19,103,29,109
1107,5,117,28,110
1108,3,105,4,113
1109,10,82,1,91
1110,15,116,12,113
1111,8,130,6,135
1112,14,115,20,139
1113,26,123,23,116
1114,17,109,16,110
1115,1,141,3,118
1116,11,111,14,118
1117,13,102,6,122
1118,4,90,8,108
1119,15,134,28,131
1120,9,79,18,110
1121,5,91,2,100
1122,27,89,29,95
1123,17,87,19,106
1124,16,107,20,121
1125,25,87,24,98
1126,12,112,11,99
1127,4,105,7,102
1128,18,103,27,100
1129,15,104,26,110
1130,6,114,0,91
1131,22,102,29,95
1132,20,120,23,111
1133,25,101,21,112
1134,5,102,3,90
1135,1,107,13,115
1136,9,89,8,104
1137,14,106,2,103
1138,0,116,10,123
1139,16,98,17,105
1140,10,114,6,100
1141,12,94,4,96
1142,2,88,27,101
1143,7,114,26,109
1144,29,102,25,89
1145,28,106,15,122
1146,16,113,19,120
1147,18,99,23,120
1148,24,94,22,98
1149,5,106,1,107
1150,0,121,11,114
1151,8,127,13,112
1152,9,90,3,82
1153,12,106,14,103
1154,21,98,29,87
1155,19,86,17,101
1156,28,101,20,123
1157,4,110,2,97
1158,6,125,10,126
1159,18,106,15,105
1160,25,111,23,124
1161,26,135,24,128
1162,7,103,27,90
1163,16,109,22,110
1164,8,120,3,111
1165,1,105,0,114
1166,6,121,12,124
1167,13,75,5,122
1168,11,79,9,89
1169,14,105,7,101
1170,29,98,17,99
1171,26,96,21,125
1172,19,105,20,99
1173,11,76,10,103
1174,18,100,16,98
1175,15,109,25,91
1176,28,96,22,108
1177,23,104,24,129
1178,7,109,13,113
1179,4,98,6,83
1180,9,94,0,112
1181,3,113,2,114
1182,14,102,12,110
1183,1,73,5,112
1184,25,100,27,93
1185,16,118,26,123
1186,15,111,18,105
1187,10,86,8,104
1188,29,97,19,101
1189,24,95,21,115
1190,22,94,20,109
1191,28,103,17,100
1192,7,77,11,87
1193,0,117,13,87
1194,15,111,1,116
1195,12,95,10,103
1196,17,107,9,115
1197,22,95,26,134
1198,6,126,2,94
1199,24,120,25,89
1200,8,109,23,94
1201,20,115,21,98
1208,17,112,13,103
1209,11,108,7,114
1210,26,129,28,99
1211,2,104,6,119
1212,21,113,20,123
1213,15,100,24,116
1214,17,112,13,103
1215,11,108,7,114
1216,26,129,28,99
1217,2,104,6,119
1218,21,113,20,123
1219,15,100,24,116
1220,17,112,13,103
1221,11,108,7,114
1222,26,129,28,99
1223,2,104,6,119
1224,21,113,20,123
1225,15,100,24,116
1226,17,112,13,103
1227,11,108,7,114
1228,26,129,28,99
1229,2,104,6,119
1230,21,113,20,123
1231,15,100,24,116
1232,14,112,3,120
1233,27,92,8,102
1234,0,97,4,107
1235,23,121,5,128
1236,19,109,9,95
1237,22,93,18,110
1238,25,84,16,97
1239,12,108,10,90
1240,1,109,15,129
1241,29,105,21,97
1242,11,99,24,85
1243,10,86,13,105
1244,3,109,2,110
1245,8,95,12,113
1246,28,83,25,96
1247,5,117,6,99
1248,16,130,26,142
1249,1,95,20,112
1250,29,119,22,98
1251,23,96,9,100
1252,27,105,15,98
1253,19,102,14,92
1254,17,106,4,112
1255,0,104,7,98
1256,28,110,18,118
1257,11,121,21,124
1258,4,92,2,91
1259,20,119,3,108
1260,9,95,6,102
1261,10,114,0,98
1262,12,89,25,96
1263,8,117,26,108
1264,16,102,24,88
1265,20,108,14,112
1266,17,113,7,120
1267,15,125,5,107
1268,23,112,27,130
1269,19,106,18,109
1270,11,109,22,104
