Player_ID,G,MP,FG%,3P%,TRB,AST,STL,BLK,PTS,+/-,Game_ID
5,1.0,27:09,0.625,0.25,5.0,6.0,0.0,4.0,11.0,12.0,2
5,2.0,30:03,0.444,0.0,7.0,5.0,0.0,1.0,11.0,-3.0,11
5,3.0,31:11,0.6,1.0,4.0,3.0,0.0,2.0,14.0,11.0,23
5,no play,,,,,,,,,,57
5,no play,,,,,,,,,,64
5,no play,,,,,,,,,,87
5,no play,,,,,,,,,,103
5,no play,,,,,,,,,,121
5,no play,,,,,,,,,,126
5,no play,,,,,,,,,,144
5,no play,,,,,,,,,,157
5,no play,,,,,,,,,,175
5,4.0,33:45,0.583,0.667,11.0,5.0,2.0,3.0,18.0,17.0,184
5,5.0,36:03,0.45,0.28600000000000003,6.0,5.0,1.0,3.0,20.0,10.0,201
5,6.0,30:24,0.583,0.75,5.0,8.0,1.0,2.0,17.0,21.0,213
5,7.0,35:27,0.462,0.0,10.0,4.0,0.0,3.0,12.0,0.0,236
5,no play,,,,,,,,,,267
5,8.0,31:39,0.6,0.5,5.0,4.0,0.0,2.0,9.0,-9.0,277
5,9.0,35:32,0.556,0.5710000000000001,8.0,3.0,2.0,6.0,26.0,9.0,293
5,10.0,33:46,0.4,0.33299999999999996,4.0,3.0,0.0,1.0,11.0,-9.0,304
5,11.0,34:49,0.409,0.2,6.0,9.0,1.0,2.0,21.0,-7.0,321
5,12.0,29:23,0.33299999999999996,0.0,6.0,8.0,0.0,2.0,10.0,31.0,1193
5,13.0,31:34,0.35700000000000004,0.375,7.0,6.0,0.0,1.0,19.0,-9.0,339
5,14.0,33:17,0.47100000000000003,0.375,4.0,6.0,0.0,1.0,19.0,-4.0,357
5,15.0,34:30,0.33299999999999996,0.25,5.0,4.0,0.0,0.0,13.0,-7.0,383
5,16.0,34:32,0.545,,8.0,5.0,2.0,5.0,18.0,6.0,391
5,17.0,31:10,0.43799999999999994,0.0,7.0,8.0,2.0,1.0,17.0,5.0,411
5,18.0,39:48,0.42100000000000004,0.125,14.0,3.0,0.0,1.0,17.0,11.0,424
5,19.0,33:00,0.25,0.0,11.0,1.0,0.0,1.0,8.0,5.0,437
5,20.0,32:33,0.47100000000000003,0.5,6.0,4.0,2.0,1.0,23.0,-9.0,445
5,21.0,34:50,0.5379999999999999,0.33299999999999996,7.0,5.0,3.0,1.0,15.0,5.0,461
5,22.0,34:03,0.35700000000000004,0.25,4.0,5.0,0.0,2.0,11.0,2.0,477
5,23.0,29:06,0.33299999999999996,0.0,1.0,4.0,0.0,3.0,6.0,-18.0,493
5,24.0,31:24,0.667,0.5,6.0,4.0,1.0,0.0,21.0,5.0,499
5,25.0,30:54,0.563,0.5,5.0,4.0,1.0,0.0,21.0,18.0,527
5,26.0,32:25,0.467,0.5710000000000001,12.0,4.0,0.0,2.0,19.0,1.0,551
5,27.0,34:53,0.16699999999999998,0.16699999999999998,7.0,8.0,0.0,2.0,8.0,-2.0,558
5,28.0,34:38,0.455,0.5,9.0,4.0,1.0,0.0,14.0,-10.0,577
5,29.0,32:34,0.583,0.33299999999999996,9.0,3.0,2.0,2.0,16.0,-5.0,588
5,30.0,34:41,0.5,0.4,6.0,6.0,1.0,1.0,10.0,13.0,602
5,31.0,33:44,0.5710000000000001,0.2,6.0,4.0,0.0,0.0,22.0,13.0,623
5,32.0,33:47,0.14300000000000002,0.125,7.0,10.0,1.0,1.0,5.0,2.0,635
5,33.0,38:09,0.462,1.0,10.0,5.0,0.0,0.0,17.0,-4.0,655
5,34.0,33:18,0.75,0.667,2.0,4.0,0.0,1.0,22.0,-14.0,681
5,35.0,33:38,0.6,1.0,3.0,9.0,3.0,2.0,20.0,21.0,686
5,no play,,,,,,,,,,701
5,no play,,,,,,,,,,711
5,36.0,34:30,0.6,0.33299999999999996,6.0,6.0,0.0,2.0,13.0,-3.0,727
5,37.0,31:49,0.308,0.2,3.0,6.0,1.0,0.0,11.0,-3.0,738
5,38.0,30:45,0.364,0.25,8.0,8.0,0.0,1.0,11.0,1.0,757
5,39.0,34:37,0.308,0.33299999999999996,15.0,6.0,1.0,2.0,13.0,15.0,772
5,40.0,31:55,0.5,0.5,6.0,1.0,1.0,1.0,10.0,-9.0,799
5,41.0,32:32,0.41700000000000004,0.5,6.0,4.0,0.0,1.0,12.0,11.0,804
5,42.0,34:15,0.667,0.5,9.0,3.0,0.0,1.0,16.0,8.0,821
5,43.0,31:51,0.41700000000000004,0.5,5.0,4.0,1.0,0.0,11.0,6.0,832
5,44.0,29:25,0.5,0.667,5.0,2.0,2.0,0.0,12.0,19.0,842
5,45.0,27:12,0.3,0.2,2.0,3.0,0.0,1.0,7.0,-11.0,855
5,46.0,29:44,0.6,,5.0,1.0,1.0,0.0,8.0,-19.0,1234
5,47.0,36:28,0.182,0.0,9.0,5.0,0.0,1.0,4.0,4.0,1255
5,48.0,27:33,0.33299999999999996,0.0,6.0,5.0,1.0,1.0,6.0,1.0,1261
5,49.0,32:13,0.5,1.0,10.0,10.0,0.0,1.0,9.0,11.0,862
5,50.0,31:45,0.667,0.5,4.0,3.0,0.0,0.0,17.0,24.0,879
5,no play,,,,,,,,,,890
5,no play,,,,,,,,,,905
5,51.0,31:35,0.5,1.0,6.0,6.0,2.0,0.0,10.0,1.0,919
5,52.0,33:09,0.636,0.5,6.0,2.0,1.0,0.0,15.0,-17.0,930
5,53.0,31:57,0.7140000000000001,1.0,7.0,6.0,1.0,2.0,12.0,25.0,945
5,54.0,29:55,0.75,0.5,9.0,8.0,0.0,1.0,20.0,15.0,966
5,55.0,28:57,0.375,0.5,8.0,4.0,1.0,4.0,14.0,-3.0,982
5,56.0,33:01,0.688,0.5,8.0,6.0,1.0,2.0,27.0,3.0,997
5,57.0,35:39,0.545,0.0,9.0,5.0,1.0,2.0,16.0,10.0,1007
5,58.0,30:39,0.5,0.33299999999999996,8.0,8.0,1.0,0.0,15.0,-2.0,1020
5,59.0,30:16,0.7,0.0,10.0,6.0,2.0,0.0,15.0,6.0,1036
5,60.0,30:41,0.33299999999999996,,10.0,8.0,2.0,1.0,7.0,-3.0,1053
5,61.0,34:37,0.444,1.0,6.0,6.0,1.0,0.0,11.0,-8.0,1073
5,62.0,35:47,0.364,0.0,9.0,6.0,1.0,0.0,12.0,1.0,1089
5,63.0,26:04,0.667,0.25,7.0,1.0,0.0,0.0,14.0,16.0,1102
5,64.0,27:47,0.667,1.0,7.0,3.0,0.0,0.0,12.0,-13.0,1130
5,65.0,26:40,0.125,0.0,5.0,3.0,0.0,1.0,4.0,1.0,1138
5,66.0,34:23,0.467,0.4,4.0,7.0,1.0,1.0,16.0,3.0,1150
5,67.0,32:38,0.47100000000000003,0.33299999999999996,8.0,4.0,1.0,1.0,19.0,6.0,1165
5,68.0,21:24,0.625,0.0,6.0,2.0,2.0,0.0,12.0,10.0,1180
