Player_ID,G,MP,FG%,3P%,TRB,AST,STL,BLK,PTS,+/-,Game_ID
137,1.0,10:54,0.5,,6.0,0.0,0.0,1.0,7.0,-3.0,1
137,2.0,11:59,0.2,,2.0,2.0,0.0,1.0,2.0,-8.0,15
137,3.0,14:31,0.6,,3.0,2.0,0.0,0.0,6.0,-10.0,26
137,4.0,13:41,0.33299999999999996,,7.0,1.0,0.0,0.0,4.0,3.0,43
137,5.0,19:03,0.125,0.0,7.0,0.0,0.0,1.0,5.0,-5.0,62
137,6.0,17:23,0.28600000000000003,,6.0,4.0,0.0,2.0,4.0,11.0,79
137,7.0,19:24,0.5,,10.0,1.0,1.0,0.0,12.0,-4.0,91
137,8.0,20:21,0.75,,7.0,0.0,2.0,0.0,18.0,9.0,106
137,9.0,22:28,0.444,,3.0,2.0,0.0,0.0,10.0,-3.0,117
137,10.0,16:59,0.556,,3.0,0.0,0.0,0.0,10.0,-6.0,126
137,11.0,5:00,,,1.0,0.0,0.0,0.0,0.0,-4.0,141
137,12.0,7:04,0.25,,1.0,0.0,0.0,0.0,2.0,0.0,156
137,13.0,5:40,0.75,,2.0,0.0,0.0,1.0,6.0,-3.0,171
137,14.0,14:29,0.2,,5.0,1.0,0.0,0.0,2.0,-12.0,191
137,15.0,20:53,0.5,,6.0,2.0,0.0,0.0,4.0,-17.0,198
137,16.0,12:36,0.33299999999999996,,1.0,0.0,0.0,0.0,2.0,-11.0,212
137,17.0,18:49,0.5710000000000001,,3.0,1.0,0.0,0.0,16.0,7.0,245
137,18.0,21:12,0.47100000000000003,,8.0,2.0,0.0,0.0,16.0,10.0,260
137,19.0,21:11,0.625,,1.0,1.0,0.0,0.0,13.0,-1.0,285
137,20.0,17:52,0.5,,4.0,2.0,0.0,0.0,6.0,3.0,313
137,21.0,7:55,0.33299999999999996,,3.0,0.0,0.0,0.0,4.0,-5.0,324
137,22.0,19:24,0.7140000000000001,,6.0,0.0,2.0,0.0,15.0,10.0,1200
137,23.0,16:51,0.444,,3.0,0.0,0.0,1.0,10.0,3.0,343
137,24.0,15:01,0.444,,8.0,1.0,0.0,1.0,10.0,-3.0,348
137,25.0,12:14,0.429,,3.0,1.0,0.0,0.0,6.0,3.0,361
137,26.0,10:48,0.4,,2.0,0.0,1.0,0.0,5.0,-8.0,377
137,27.0,17:57,0.462,,5.0,0.0,0.0,1.0,14.0,0.0,385
137,28.0,17:05,0.3,,9.0,1.0,1.0,0.0,8.0,13.0,400
137,29.0,14:46,0.5,,2.0,0.0,0.0,1.0,10.0,-10.0,413
137,30.0,15:33,0.727,,3.0,0.0,0.0,0.0,18.0,0.0,421
137,31.0,14:44,0.5,,7.0,0.0,0.0,0.0,4.0,1.0,437
137,32.0,19:40,0.556,,5.0,3.0,0.0,0.0,11.0,0.0,470
137,33.0,14:01,0.667,,7.0,0.0,1.0,0.0,5.0,-1.0,481
137,34.0,16:32,0.33299999999999996,,7.0,2.0,0.0,0.0,6.0,-2.0,497
137,35.0,13:51,0.556,,3.0,1.0,0.0,1.0,12.0,9.0,515
137,36.0,12:29,0.28600000000000003,,2.0,3.0,0.0,0.0,6.0,7.0,528
137,37.0,13:56,0.4,,2.0,0.0,0.0,0.0,4.0,-19.0,541
137,38.0,15:09,0.444,,7.0,2.0,1.0,0.0,14.0,2.0,557
137,39.0,8:21,0.4,,2.0,0.0,0.0,0.0,4.0,-6.0,591
137,40.0,9:36,0.7140000000000001,,1.0,0.0,2.0,0.0,10.0,-6.0,621
137,41.0,16:34,0.75,,3.0,1.0,0.0,0.0,20.0,-3.0,640
137,42.0,17:24,0.467,,6.0,1.0,2.0,0.0,20.0,1.0,654
137,43.0,13:41,0.75,,4.0,0.0,1.0,1.0,7.0,-11.0,664
137,44.0,19:19,0.625,,3.0,0.0,0.0,1.0,13.0,-6.0,677
137,45.0,11:48,0.667,,6.0,1.0,0.0,0.0,8.0,-7.0,696
137,46.0,12:11,0.444,,1.0,1.0,0.0,0.0,9.0,-10.0,699
137,47.0,9:42,0.8,,0.0,1.0,1.0,0.0,8.0,-3.0,718
137,48.0,16:26,0.5710000000000001,,7.0,3.0,0.0,0.0,10.0,7.0,736
137,49.0,15:20,0.444,,5.0,0.0,0.0,0.0,11.0,-13.0,753
137,50.0,13:38,0.667,,3.0,0.0,0.0,1.0,13.0,-4.0,763
137,51.0,11:43,0.444,,5.0,1.0,0.0,0.0,8.0,0.0,776
137,52.0,3:17,1.0,,3.0,0.0,0.0,0.0,5.0,-4.0,789
137,53.0,17:17,0.5,,8.0,1.0,0.0,0.0,6.0,14.0,811
137,54.0,16:59,0.667,,4.0,0.0,0.0,0.0,8.0,-9.0,815
137,55.0,14:25,0.16699999999999998,,3.0,3.0,1.0,1.0,2.0,10.0,827
137,56.0,13:00,0.429,,6.0,4.0,0.0,0.0,6.0,9.0,841
137,57.0,11:27,0.75,,3.0,0.0,0.0,0.0,12.0,2.0,854
137,no play,,,,,,,,,,1233
137,no play,,,,,,,,,,1245
137,no play,,,,,,,,,,1263
137,no play,,,,,,,,,,863
137,58.0,12:56,0.5,,8.0,2.0,0.0,0.0,4.0,11.0,888
137,59.0,6:33,0.0,,1.0,0.0,0.0,0.0,0.0,-9.0,901
137,60.0,17:48,0.4,,5.0,2.0,0.0,0.0,8.0,1.0,916
137,61.0,12:44,0.28600000000000003,,1.0,0.0,1.0,0.0,6.0,-7.0,927
137,no play,,,,,,,,,,947
137,no play,,,,,,,,,,961
137,no play,,,,,,,,,,965
137,62.0,2:47,0.0,,0.0,0.0,0.0,0.0,0.0,-4.0,1000
137,63.0,10:49,0.556,,4.0,0.0,0.0,0.0,10.0,-2.0,1006
137,64.0,12:39,0.33299999999999996,,3.0,0.0,1.0,1.0,2.0,-9.0,1020
137,65.0,12:12,0.33299999999999996,,6.0,1.0,0.0,0.0,4.0,2.0,1035
137,66.0,10:38,0.667,,7.0,0.0,1.0,0.0,14.0,2.0,1052
137,no play,,,,,,,,,,1064
137,no play,,,,,,,,,,1076
137,no play,,,,,,,,,,1086
137,no play,,,,,,,,,,1111
137,no play,,,,,,,,,,1118
137,no play,,,,,,,,,,1136
137,no play,,,,,,,,,,1151
137,no play,,,,,,,,,,1164
137,no play,,,,,,,,,,1187
