Player_ID,G,MP,FG%,3P%,TRB,AST,STL,BLK,PTS,+/-,Game_ID
398,no play,,,,,,,,,,8
398,no play,,,,,,,,,,17
398,no play,,,,,,,,,,32
398,1.0,3:45,1.0,,1.0,0.0,0.0,0.0,2.0,4.0,41
398,no play,,,,,,,,,,59
398,no play,,,,,,,,,,71
398,no play,,,,,,,,,,88
398,no play,,,,,,,,,,99
398,no play,,,,,,,,,,109
398,2.0,1:32,1.0,,0.0,0.0,0.0,0.0,2.0,-2.0,135
398,no play,,,,,,,,,,139
398,3.0,4:07,0.0,,2.0,0.0,0.0,1.0,0.0,-9.0,162
398,4.0,25:31,0.857,,15.0,1.0,2.0,1.0,15.0,20.0,171
398,5.0,23:16,0.625,,11.0,0.0,2.0,4.0,12.0,1.0,185
398,6.0,16:28,0.667,,8.0,0.0,0.0,1.0,5.0,8.0,196
398,no play,,,,,,,,,,210
398,no play,,,,,,,,,,247
398,7.0,1:59,0.0,,0.0,0.0,0.0,0.0,0.0,-3.0,257
398,no play,,,,,,,,,,284
398,8.0,4:29,0.33299999999999996,,1.0,0.0,1.0,0.0,2.0,1.0,309
398,no play,,,,,,,,,,330
398,no play,,,,,,,,,,1200
398,no play,,,,,,,,,,344
398,no play,,,,,,,,,,359
398,9.0,9:02,,,1.0,0.0,0.0,0.0,1.0,-5.0,372
398,10.0,6:53,0.33299999999999996,,4.0,0.0,0.0,0.0,2.0,-1.0,387
398,11.0,2:26,0.33299999999999996,,2.0,0.0,0.0,0.0,2.0,3.0,399
398,no play,,,,,,,,,,416
398,12.0,2:19,0.0,,3.0,0.0,0.0,0.0,0.0,3.0,435
398,no play,,,,,,,,,,453
398,13.0,5:40,,,1.0,0.0,2.0,1.0,2.0,8.0,472
398,14.0,3:03,,,0.0,0.0,0.0,0.0,0.0,-5.0,487
398,no play,,,,,,,,,,495
398,no play,,,,,,,,,,511
398,no play,,,,,,,,,,524
398,no play,,,,,,,,,,532
398,no play,,,,,,,,,,546
398,no play,,,,,,,,,,569
398,no play,,,,,,,,,,595
398,no play,,,,,,,,,,608
398,15.0,4:14,0.5,,0.0,0.0,0.0,0.0,2.0,1.0,625
398,no play,,,,,,,,,,641
398,no play,,,,,,,,,,659
398,16.0,0:28,,,0.0,0.0,0.0,0.0,0.0,-3.0,668
398,no play,,,,,,,,,,684
398,17.0,1:09,0.0,,0.0,0.0,0.0,0.0,0.0,-2.0,697
398,no play,,,,,,,,,,714
398,18.0,5:07,0.667,,3.0,0.0,0.0,1.0,6.0,6.0,729
398,no play,,,,,,,,,,745
398,no play,,,,,,,,,,759
398,19.0,3:08,0.0,,0.0,0.0,0.0,0.0,1.0,1.0,767
398,no play,,,,,,,,,,780
398,20.0,1:23,,,1.0,0.0,0.0,0.0,0.0,-4.0,794
398,21.0,23:50,0.583,,11.0,0.0,0.0,4.0,14.0,13.0,813
398,22.0,10:02,0.0,,4.0,0.0,0.0,1.0,2.0,-6.0,820
398,no play,,,,,,,,,,835
398,23.0,4:37,0.5,,6.0,1.0,0.0,0.0,2.0,13.0,850
398,24.0,14:52,0.889,,3.0,1.0,0.0,0.0,16.0,11.0,1235
398,25.0,33:52,0.5379999999999999,,15.0,3.0,3.0,1.0,17.0,-2.0,1251
398,26.0,22:09,0.625,,4.0,2.0,0.0,1.0,11.0,-16.0,1268
398,27.0,24:20,0.778,,12.0,0.0,1.0,1.0,16.0,23.0,868
398,28.0,29:32,0.467,,13.0,1.0,1.0,3.0,14.0,3.0,877
398,29.0,30:42,0.41700000000000004,,15.0,0.0,2.0,1.0,11.0,2.0,890
398,30.0,24:11,0.556,,10.0,0.0,0.0,0.0,15.0,-9.0,908
398,31.0,22:24,0.556,,10.0,0.0,1.0,2.0,16.0,-5.0,924
398,32.0,26:23,0.7140000000000001,,5.0,1.0,0.0,1.0,10.0,2.0,942
398,33.0,25:27,0.364,,10.0,1.0,1.0,1.0,12.0,-3.0,948
398,34.0,30:48,0.375,,11.0,2.0,1.0,2.0,14.0,-3.0,972
398,35.0,16:16,0.667,,7.0,2.0,0.0,0.0,12.0,-4.0,986
398,36.0,26:08,0.364,,12.0,2.0,2.0,1.0,11.0,-10.0,998
398,no play,,,,,,,,,,1013
398,37.0,15:35,0.16699999999999998,0.0,7.0,0.0,0.0,0.0,4.0,-19.0,1027
398,38.0,24:16,0.33299999999999996,,14.0,0.0,1.0,0.0,9.0,1.0,1036
398,39.0,26:22,0.7140000000000001,,11.0,2.0,1.0,1.0,11.0,0.0,1047
398,40.0,15:12,0.4,,8.0,0.0,1.0,0.0,4.0,-1.0,1066
398,41.0,18:53,0.33299999999999996,,7.0,0.0,0.0,0.0,6.0,7.0,1084
398,42.0,16:24,0.5710000000000001,,5.0,0.0,0.0,1.0,9.0,-27.0,1101
398,43.0,6:37,0.16699999999999998,,4.0,0.0,0.0,1.0,2.0,0.0,1113
398,44.0,25:19,0.556,,17.0,0.0,4.0,0.0,16.0,13.0,1132
398,45.0,26:46,0.6,,4.0,2.0,0.0,1.0,11.0,12.0,1147
398,46.0,12:56,0.5710000000000001,,3.0,1.0,0.0,0.0,13.0,2.0,1160
398,47.0,27:50,0.7,,11.0,1.0,1.0,0.0,14.0,-15.0,1177
