Player_ID,G,MP,FG%,3P%,TRB,AST,STL,BLK,PTS,+/-,Game_ID
470,1.0,10:52,0.0,,1.0,0.0,0.0,0.0,0.0,-4.0,6
470,no play,,,,,,,,,,21
470,2.0,15:13,0.4,,6.0,0.0,0.0,0.0,4.0,-9.0,28
470,3.0,6:01,0.5,,2.0,0.0,1.0,0.0,2.0,-5.0,47
470,no play,,,,,,,,,,56
470,no play,,,,,,,,,,71
470,4.0,6:03,1.0,,2.0,0.0,0.0,0.0,5.0,2.0,95
470,no play,,,,,,,,,,101
470,no play,,,,,,,,,,113
470,5.0,23:55,0.75,,7.0,0.0,0.0,2.0,6.0,-21.0,125
470,6.0,6:27,0.5,,2.0,1.0,0.0,0.0,4.0,3.0,144
470,7.0,25:09,0.25,,6.0,0.0,0.0,3.0,6.0,-12.0,155
470,no play,,,,,,,,,,173
470,no play,,,,,,,,,,181
470,no play,,,,,,,,,,205
470,no play,,,,,,,,,,218
470,no play,,,,,,,,,,248
470,8.0,3:57,0.0,,2.0,0.0,0.0,0.0,0.0,4.0,261
470,no play,,,,,,,,,,274
470,9.0,10:10,0.33299999999999996,,3.0,0.0,0.0,0.0,2.0,5.0,297
470,no play,,,,,,,,,,311
470,10.0,21:23,0.667,0.0,6.0,0.0,0.0,2.0,9.0,14.0,320
470,11.0,13:44,0.667,,4.0,0.0,0.0,0.0,8.0,-2.0,334
470,12.0,18:32,0.429,0.0,6.0,0.0,0.0,0.0,6.0,-16.0,355
470,13.0,12:10,0.6,,5.0,0.0,2.0,0.0,7.0,-6.0,359
470,14.0,13:06,0.0,,1.0,1.0,1.0,2.0,0.0,-11.0,371
470,15.0,19:03,0.5,,8.0,1.0,2.0,1.0,2.0,2.0,385
470,16.0,22:17,0.28600000000000003,,8.0,1.0,1.0,2.0,8.0,-6.0,395
470,17.0,27:28,0.667,0.0,8.0,1.0,0.0,1.0,16.0,-7.0,412
470,18.0,11:38,0.0,,7.0,2.0,0.0,0.0,0.0,-2.0,418
470,19.0,5:17,,,1.0,0.0,0.0,0.0,0.0,-2.0,433
470,20.0,21:20,0.4,,4.0,0.0,1.0,0.0,5.0,-8.0,449
470,no play,,,,,,,,,,471
470,no play,,,,,,,,,,486
470,no play,,,,,,,,,,500
470,no play,,,,,,,,,,519
470,no play,,,,,,,,,,544
470,no play,,,,,,,,,,558
470,no play,,,,,,,,,,573
470,21.0,3:10,,,1.0,0.0,1.0,0.0,0.0,2.0,592
470,no play,,,,,,,,,,607
470,no play,,,,,,,,,,621
470,no play,,,,,,,,,,636
470,no play,,,,,,,,,,650
470,no play,,,,,,,,,,676
470,no play,,,,,,,,,,691
470,no play,,,,,,,,,,705
470,no play,,,,,,,,,,719
470,no play,,,,,,,,,,731
470,no play,,,,,,,,,,741
470,no play,,,,,,,,,,761
470,no play,,,,,,,,,,780
470,no play,,,,,,,,,,795
470,no play,,,,,,,,,,810
470,no play,,,,,,,,,,825
470,22.0,18:42,0.4,,3.0,0.0,1.0,0.0,5.0,5.0,835
470,23.0,34:32,0.5,,10.0,0.0,3.0,2.0,12.0,2.0,846
470,no play,,,,,,,,,,1228
470,no play,,,,,,,,,,1246
470,24.0,4:50,0.0,,1.0,1.0,0.0,0.0,0.0,0.0,1256
470,25.0,19:29,0.5710000000000001,,8.0,0.0,0.0,3.0,10.0,9.0,861
470,no play,,,,,,,,,,878
470,26.0,10:46,0.0,,1.0,0.0,1.0,0.0,0.0,10.0,894
470,27.0,16:33,0.0,,4.0,1.0,1.0,0.0,1.0,4.0,904
470,28.0,8:42,1.0,,2.0,0.0,0.0,0.0,9.0,-1.0,913
470,no play,,,,,,,,,,936
470,29.0,5:19,1.0,,0.0,0.0,0.0,0.0,2.0,-4.0,962
470,30.0,8:08,1.0,,3.0,1.0,0.0,0.0,4.0,6.0,967
470,31.0,10:01,0.75,,4.0,0.0,0.0,0.0,7.0,5.0,984
470,no play,,,,,,,,,,999
470,32.0,14:08,0.0,,10.0,0.0,0.0,0.0,0.0,-16.0,1014
470,no play,,,,,,,,,,1039
470,33.0,18:30,0.5,,9.0,0.0,2.0,1.0,6.0,20.0,1055
470,34.0,8:03,0.667,,2.0,0.0,0.0,1.0,4.0,-10.0,1062
470,no play,,,,,,,,,,1077
470,no play,,,,,,,,,,1092
470,no play,,,,,,,,,,1107
470,35.0,3:42,0.0,,2.0,0.0,0.0,0.0,0.0,3.0,1119
470,36.0,27:41,0.7,0.0,7.0,0.0,1.0,1.0,15.0,-5.0,1145
470,37.0,28:47,0.5710000000000001,,6.0,1.0,0.0,0.0,17.0,-11.0,1156
470,38.0,24:18,0.625,,8.0,1.0,1.0,1.0,14.0,0.0,1176
470,39.0,25:10,0.41700000000000004,,7.0,0.0,1.0,0.0,11.0,2.0,1191
