Player_ID,G,MP,FG%,3P%,TRB,AST,STL,BLK,PTS,+/-,Game_ID
339,1.0,26:48,0.33299999999999996,0.0,2.0,3.0,1.0,0.0,2.0,-28.0,
339,2.0,30:05,0.5710000000000001,0.33299999999999996,2.0,3.0,1.0,0.0,9.0,16.0,21
339,3.0,28:04,0.4,0.0,3.0,4.0,2.0,0.0,4.0,4.0,32
339,4.0,24:14,0.5710000000000001,1.0,5.0,5.0,0.0,0.0,11.0,39.0,50
339,5.0,24:40,0.2,0.0,3.0,2.0,0.0,1.0,3.0,34.0,65
339,6.0,23:24,0.25,0.33299999999999996,3.0,0.0,2.0,0.0,3.0,-22.0,74
339,7.0,31:06,0.0,0.0,4.0,8.0,3.0,0.0,2.0,16.0,95
339,8.0,12:34,0.5,0.0,2.0,2.0,1.0,1.0,2.0,11.0,112
339,9.0,22:50,0.25,0.0,3.0,4.0,2.0,0.0,2.0,4.0,115
339,10.0,24:02,0.25,0.33299999999999996,3.0,3.0,0.0,1.0,4.0,1.0,139
339,11.0,25:06,1.0,1.0,3.0,5.0,2.0,1.0,10.0,15.0,161
339,12.0,21:42,0.5710000000000001,0.0,6.0,2.0,0.0,0.0,8.0,-1.0,175
339,13.0,24:58,0.5,0.4,3.0,3.0,1.0,0.0,10.0,-7.0,187
339,14.0,18:05,0.429,0.6,0.0,4.0,1.0,0.0,9.0,14.0,198
339,15.0,20:52,0.28600000000000003,0.0,2.0,5.0,0.0,0.0,4.0,12.0,219
339,16.0,24:08,0.6,0.0,4.0,4.0,1.0,0.0,6.0,15.0,249
339,17.0,22:36,0.0,0.0,1.0,3.0,2.0,0.0,0.0,5.0,255
339,18.0,27:51,0.556,0.33299999999999996,5.0,5.0,0.0,1.0,12.0,18.0,270
339,19.0,41:43,0.75,0.667,3.0,5.0,0.0,0.0,10.0,14.0,291
339,20.0,22:36,0.5,1.0,6.0,3.0,0.0,0.0,5.0,8.0,309
339,21.0,19:29,0.5,,2.0,2.0,0.0,1.0,3.0,18.0,324
339,22.0,25:21,0.625,0.0,6.0,2.0,0.0,2.0,10.0,5.0,1201
339,23.0,23:50,0.4,0.0,5.0,3.0,0.0,0.0,4.0,-9.0,335
339,no play,,,,,,,,,,351
339,24.0,28:55,0.16699999999999998,0.33299999999999996,4.0,5.0,1.0,1.0,6.0,4.0,358
339,25.0,30:35,0.33299999999999996,0.4,8.0,3.0,0.0,0.0,6.0,-1.0,371
339,26.0,20:51,0.667,0.0,4.0,3.0,1.0,2.0,5.0,7.0,388
339,27.0,18:31,0.667,0.5,3.0,1.0,0.0,0.0,9.0,15.0,405
339,28.0,25:58,0.33299999999999996,1.0,1.0,4.0,2.0,1.0,3.0,25.0,427
339,29.0,25:17,0.5,0.4,6.0,1.0,2.0,1.0,8.0,0.0,438
339,30.0,26:24,0.5,,3.0,2.0,0.0,0.0,2.0,-6.0,446
339,31.0,24:53,0.0,0.0,4.0,4.0,0.0,1.0,0.0,0.0,462
339,32.0,30:27,1.0,,3.0,2.0,1.0,0.0,11.0,0.0,490
339,33.0,22:42,0.0,0.0,4.0,2.0,0.0,1.0,2.0,-2.0,506
339,34.0,22:12,0.5,0.0,3.0,3.0,2.0,0.0,4.0,-10.0,525
339,35.0,29:53,0.667,1.0,5.0,6.0,2.0,0.0,6.0,1.0,539
339,36.0,26:41,0.33299999999999996,0.0,3.0,0.0,0.0,0.0,2.0,-13.0,555
339,37.0,28:33,0.5,1.0,7.0,5.0,1.0,0.0,8.0,-2.0,570
339,38.0,28:37,0.667,0.5,5.0,4.0,0.0,0.0,9.0,13.0,583
339,39.0,21:15,0.6,0.667,0.0,2.0,0.0,0.0,8.0,8.0,596
339,40.0,24:30,1.0,1.0,3.0,5.0,0.0,1.0,14.0,16.0,624
339,41.0,24:57,0.75,,2.0,5.0,4.0,0.0,6.0,-1.0,639
339,42.0,26:47,0.4,0.5,9.0,2.0,1.0,0.0,5.0,18.0,651
339,43.0,28:38,0.2,0.25,6.0,5.0,1.0,0.0,5.0,12.0,666
339,no play,,,,,,,,,,673
339,44.0,30:19,0.5,,10.0,3.0,1.0,1.0,2.0,25.0,692
339,45.0,23:50,0.5,0.33299999999999996,6.0,5.0,1.0,0.0,9.0,27.0,712
339,46.0,36:13,0.667,0.75,3.0,5.0,2.0,0.0,12.0,-5.0,723
339,47.0,24:35,0.75,0.0,5.0,3.0,0.0,0.0,6.0,0.0,747
339,48.0,29:39,0.556,0.75,4.0,4.0,3.0,0.0,13.0,6.0,751
339,49.0,34:40,0.2,0.0,6.0,1.0,1.0,1.0,2.0,-3.0,770
339,50.0,22:24,0.0,0.0,3.0,5.0,0.0,0.0,2.0,13.0,798
339,51.0,28:25,0.857,0.667,2.0,4.0,1.0,2.0,22.0,2.0,809
339,52.0,28:11,0.375,0.25,5.0,3.0,0.0,0.0,8.0,31.0,818
339,53.0,18:11,0.667,0.25,1.0,2.0,2.0,0.0,15.0,-13.0,833
339,54.0,22:22,0.5,0.5,6.0,3.0,1.0,2.0,5.0,-3.0,853
339,55.0,30:07,0.33299999999999996,0.0,6.0,4.0,1.0,1.0,8.0,16.0,1230
339,56.0,25:34,0.5,0.5,2.0,9.0,2.0,2.0,5.0,19.0,1249
339,57.0,28:24,0.5,0.0,10.0,2.0,3.0,1.0,2.0,19.0,1259
339,58.0,30:57,0.4,0.0,3.0,3.0,1.0,2.0,4.0,1.0,1265
339,59.0,25:39,0.667,0.0,7.0,2.0,0.0,0.0,10.0,-8.0,867
339,60.0,30:47,0.4,0.4,3.0,4.0,2.0,0.0,6.0,3.0,889
339,61.0,34:36,0.75,0.667,5.0,4.0,3.0,1.0,24.0,-2.0,898
339,62.0,28:35,0.667,0.5,3.0,3.0,2.0,0.0,9.0,-15.0,919
339,63.0,31:35,0.667,0.0,2.0,1.0,1.0,0.0,8.0,3.0,928
339,no play,,,,,,,,,,940
339,64.0,32:59,0.375,1.0,1.0,3.0,0.0,0.0,7.0,11.0,963
339,65.0,23:16,0.75,0.0,6.0,3.0,2.0,0.0,14.0,8.0,979
339,66.0,30:26,0.6,0.33299999999999996,4.0,4.0,1.0,2.0,15.0,19.0,995
339,67.0,21:45,0.25,0.0,4.0,4.0,2.0,1.0,6.0,16.0,1009
339,no play,,,,,,,,,,1015
339,68.0,26:30,0.5710000000000001,0.0,1.0,3.0,0.0,0.0,9.0,11.0,1041
339,69.0,31:57,0.875,1.0,7.0,4.0,2.0,1.0,20.0,9.0,1054
339,70.0,30:38,0.444,0.2,6.0,7.0,0.0,0.0,12.0,10.0,1068
339,71.0,30:11,0.667,0.667,6.0,1.0,2.0,0.0,14.0,17.0,1078
339,72.0,28:29,0.5,0.33299999999999996,5.0,5.0,2.0,3.0,14.0,10.0,1096
339,73.0,26:26,0.6,0.33299999999999996,2.0,4.0,1.0,1.0,9.0,3.0,1112
339,74.0,23:00,1.0,1.0,2.0,3.0,0.0,0.0,11.0,14.0,1124
339,no play,,,,,,,,,,1132
339,75.0,21:08,0.7,0.25,5.0,5.0,0.0,0.0,15.0,15.0,1156
339,76.0,23:07,0.4,0.0,4.0,1.0,0.0,2.0,4.0,-2.0,1172
339,no play,,,,,,,,,,1190
