Player_ID,G,MP,FG%,3P%,TRB,AST,STL,BLK,PTS,+/-,Game_ID
459,1.0,38:12,0.14300000000000002,0.0,3.0,4.0,1.0,0.0,4.0,8.0,5
459,2.0,24:39,0.4,0.0,0.0,2.0,0.0,0.0,4.0,0.0,24
459,3.0,29:33,0.375,0.25,1.0,3.0,0.0,0.0,9.0,-7.0,37
459,4.0,31:43,0.28600000000000003,0.5,2.0,5.0,6.0,0.0,12.0,-19.0,48
459,no play,,,,,,,,,,56
459,5.0,3:17,0.0,0.0,0.0,1.0,0.0,0.0,0.0,-10.0,70
459,6.0,17:23,0.16699999999999998,0.0,2.0,1.0,1.0,0.0,5.0,-9.0,84
459,7.0,25:46,0.5,0.5,3.0,6.0,4.0,1.0,10.0,3.0,98
459,8.0,16:34,0.33299999999999996,0.0,0.0,2.0,2.0,1.0,2.0,-6.0,133
459,9.0,26:03,0.25,0.5,2.0,2.0,0.0,0.0,5.0,9.0,147
459,10.0,25:43,0.5,0.5,3.0,3.0,0.0,1.0,5.0,-6.0,163
459,11.0,26:13,0.25,0.25,4.0,1.0,2.0,0.0,6.0,7.0,176
459,12.0,24:29,0.5,0.0,4.0,7.0,1.0,0.0,13.0,19.0,186
459,13.0,24:02,0.33299999999999996,0.5,2.0,3.0,0.0,1.0,5.0,-7.0,197
459,14.0,41:46,0.33299999999999996,0.25,4.0,6.0,4.0,1.0,7.0,7.0,208
459,15.0,34:51,0.0,0.0,5.0,7.0,0.0,2.0,4.0,-13.0,244
459,16.0,24:09,0.0,0.0,2.0,1.0,1.0,1.0,6.0,1.0,254
459,17.0,24:04,0.125,0.2,1.0,4.0,0.0,0.0,3.0,-8.0,268
459,18.0,35:11,0.583,0.8,2.0,4.0,3.0,0.0,21.0,-14.0,278
459,19.0,29:57,0.5,,4.0,8.0,0.0,1.0,11.0,5.0,288
459,20.0,30:04,0.28600000000000003,0.2,4.0,4.0,1.0,1.0,6.0,-7.0,305
459,21.0,40:21,0.231,0.28600000000000003,3.0,4.0,1.0,0.0,12.0,14.0,320
459,22.0,27:45,0.111,0.0,4.0,4.0,0.0,1.0,2.0,6.0,328
459,23.0,26:10,0.16699999999999998,0.0,1.0,3.0,2.0,0.0,6.0,-9.0,333
459,24.0,35:12,0.222,0.0,2.0,5.0,3.0,0.0,11.0,18.0,351
459,25.0,30:51,0.364,0.2,3.0,4.0,1.0,3.0,13.0,-15.0,368
459,26.0,19:31,0.16699999999999998,0.0,1.0,2.0,0.0,1.0,2.0,-12.0,379
459,27.0,19:28,0.5,0.5,0.0,1.0,0.0,1.0,11.0,-11.0,394
459,28.0,23:43,0.14300000000000002,0.0,2.0,1.0,0.0,0.0,2.0,13.0,408
459,29.0,18:17,0.0,0.0,1.0,3.0,1.0,0.0,2.0,-4.0,424
459,30.0,26:53,1.0,1.0,4.0,6.0,0.0,0.0,9.0,13.0,431
459,31.0,19:37,0.16699999999999998,0.0,2.0,6.0,0.0,0.0,5.0,13.0,448
459,32.0,24:07,0.25,,4.0,2.0,0.0,0.0,8.0,7.0,467
459,33.0,44:14,0.33299999999999996,0.0,5.0,6.0,2.0,0.0,12.0,-7.0,477
459,34.0,31:01,0.429,1.0,2.0,3.0,0.0,1.0,10.0,9.0,492
459,35.0,18:42,0.667,0.33299999999999996,2.0,6.0,0.0,0.0,9.0,19.0,507
459,36.0,17:29,0.33299999999999996,0.0,1.0,1.0,0.0,0.0,10.0,-6.0,533
459,37.0,20:24,1.0,1.0,5.0,7.0,0.0,0.0,7.0,-4.0,538
459,38.0,4:46,1.0,,1.0,0.0,0.0,0.0,2.0,-3.0,555
459,39.0,8:24,0.25,0.33299999999999996,0.0,1.0,0.0,0.0,3.0,3.0,568
459,40.0,10:33,0.4,0.0,0.0,0.0,1.0,0.0,6.0,0.0,586
459,no play,,,,,,,,,,600
459,no play,,,,,,,,,,616
459,41.0,8:45,0.0,0.0,1.0,2.0,0.0,0.0,0.0,-9.0,633
459,42.0,13:56,0.25,0.5,3.0,1.0,1.0,0.0,5.0,8.0,649
459,43.0,14:34,0.4,0.25,0.0,0.0,0.0,0.0,7.0,-8.0,661
459,44.0,18:30,0.0,,3.0,3.0,0.0,1.0,2.0,5.0,690
459,45.0,15:50,0.75,0.5,0.0,1.0,0.0,0.0,9.0,-11.0,708
459,46.0,18:20,0.5,0.0,1.0,0.0,2.0,0.0,4.0,-4.0,713
459,47.0,10:05,1.0,1.0,0.0,0.0,0.0,0.0,6.0,-4.0,729
459,48.0,21:19,0.33299999999999996,0.667,0.0,6.0,2.0,0.0,8.0,15.0,743
459,49.0,14:06,0.5,,0.0,2.0,1.0,0.0,2.0,3.0,756
459,50.0,18:40,0.2,0.33299999999999996,1.0,2.0,0.0,0.0,3.0,-16.0,769
459,51.0,2:01,,,1.0,0.0,0.0,0.0,0.0,0.0,783
459,52.0,2:15,,,0.0,0.0,1.0,0.0,2.0,2.0,794
459,53.0,2:14,0.0,0.0,0.0,1.0,0.0,0.0,0.0,1.0,809
459,no play,,,,,,,,,,828
459,no play,,,,,,,,,,846
459,54.0,3:28,1.0,1.0,0.0,0.0,0.0,0.0,5.0,8.0,1233
459,no play,,,,,,,,,,1252
459,55.0,2:03,1.0,1.0,1.0,0.0,0.0,0.0,3.0,3.0,1268
459,no play,,,,,,,,,,875
459,56.0,0:56,,,0.0,0.0,0.0,0.0,0.0,0.0,885
459,57.0,22:09,0.25,0.33299999999999996,2.0,1.0,1.0,0.0,5.0,-2.0,900
459,58.0,13:34,0.4,0.33299999999999996,0.0,4.0,0.0,0.0,7.0,5.0,921
459,59.0,14:27,0.0,0.0,3.0,3.0,1.0,0.0,2.0,8.0,941
459,60.0,20:59,0.33299999999999996,1.0,1.0,5.0,0.0,0.0,9.0,12.0,953
459,61.0,11:07,0.0,0.0,1.0,2.0,0.0,0.0,0.0,-10.0,969
459,62.0,14:33,0.5,0.5,3.0,2.0,1.0,0.0,5.0,-2.0,977
459,63.0,12:09,0.0,0.0,0.0,2.0,0.0,0.0,5.0,5.0,993
459,64.0,23:50,0.6,1.0,4.0,0.0,0.0,1.0,10.0,-10.0,1014
459,65.0,16:07,0.429,0.5,3.0,3.0,1.0,0.0,8.0,2.0,1030
459,66.0,17:55,0.125,0.25,1.0,2.0,2.0,0.0,3.0,-11.0,1054
459,67.0,27:07,0.429,0.5,4.0,2.0,0.0,0.0,7.0,5.0,1061
459,68.0,15:32,1.0,,0.0,3.0,0.0,0.0,4.0,9.0,1076
459,no play,,,,,,,,,,1091
459,no play,,,,,,,,,,1104
459,no play,,,,,,,,,,1122
459,69.0,36:39,0.429,0.5,3.0,3.0,0.0,0.0,12.0,-6.0,1128
459,70.0,22:04,0.0,0.0,4.0,3.0,1.0,0.0,0.0,0.0,1142
459,71.0,12:36,0.667,0.0,1.0,5.0,1.0,0.0,4.0,-3.0,1162
459,72.0,24:57,0.33299999999999996,0.0,4.0,1.0,1.0,2.0,8.0,-13.0,1184
