Player_ID,G,MP,FG%,3P%,TRB,AST,STL,BLK,PTS,+/-,Game_ID
132,1.0,14:49,0.5,0.0,5.0,2.0,0.0,0.0,6.0,-7.0,8
132,2.0,15:07,0.0,0.0,0.0,0.0,0.0,0.0,2.0,-12.0,12
132,3.0,13:16,0.0,0.0,2.0,2.0,0.0,0.0,0.0,-9.0,30
132,4.0,13:41,0.33299999999999996,0.33299999999999996,1.0,1.0,0.0,0.0,3.0,-10.0,40
132,5.0,13:44,0.667,1.0,4.0,0.0,0.0,0.0,5.0,0.0,45
132,no play,,,,,,,,,,61
132,no play,,,,,,,,,,81
132,no play,,,,,,,,,,85
132,no play,,,,,,,,,,101
132,6.0,15:38,0.33299999999999996,0.33299999999999996,3.0,0.0,1.0,0.0,3.0,-3.0,116
132,no play,,,,,,,,,,124
132,no play,,,,,,,,,,164
132,7.0,4:49,0.0,0.0,0.0,0.0,0.0,0.0,3.0,5.0,179
132,8.0,5:23,,,1.0,0.0,0.0,0.0,0.0,3.0,192
132,no play,,,,,,,,,,220
132,no play,,,,,,,,,,250
132,no play,,,,,,,,,,258
132,no play,,,,,,,,,,264
132,no play,,,,,,,,,,293
132,no play,,,,,,,,,,312
132,9.0,2:58,,,0.0,1.0,0.0,0.0,0.0,1.0,1199
132,10.0,26:37,0.444,0.33299999999999996,5.0,2.0,0.0,0.0,10.0,-2.0,345
132,11.0,3:36,,,3.0,0.0,0.0,0.0,0.0,-3.0,354
132,12.0,11:54,0.0,0.0,1.0,3.0,1.0,0.0,0.0,-10.0,367
132,13.0,34:43,0.385,0.125,10.0,0.0,2.0,2.0,12.0,-23.0,380
132,14.0,30:15,0.33299999999999996,0.25,2.0,1.0,0.0,1.0,9.0,2.0,394
132,15.0,22:35,0.33299999999999996,0.25,7.0,1.0,0.0,2.0,7.0,-10.0,407
132,16.0,33:32,0.6,0.75,4.0,0.0,0.0,0.0,11.0,12.0,428
132,17.0,30:08,0.667,0.667,7.0,0.0,1.0,0.0,6.0,16.0,434
132,18.0,30:30,0.667,0.7140000000000001,3.0,0.0,0.0,0.0,17.0,1.0,450
132,19.0,22:34,0.4,0.25,4.0,0.0,0.0,0.0,5.0,3.0,476
132,20.0,29:03,0.16699999999999998,0.25,4.0,3.0,0.0,0.0,3.0,-2.0,489
132,21.0,28:26,0.8,0.8,6.0,2.0,0.0,0.0,16.0,-6.0,507
132,22.0,25:25,0.5,0.33299999999999996,3.0,1.0,0.0,0.0,7.0,6.0,531
132,23.0,28:45,0.833,0.5,3.0,2.0,0.0,0.0,14.0,16.0,540
132,24.0,7:35,0.0,0.0,3.0,0.0,0.0,0.0,0.0,-10.0,556
132,25.0,31:48,0.556,0.75,5.0,0.0,3.0,0.0,16.0,-19.0,570
132,26.0,35:59,0.364,0.429,4.0,3.0,0.0,0.0,17.0,12.0,584
132,27.0,34:06,0.3,0.25,7.0,0.0,2.0,0.0,7.0,-15.0,604
132,28.0,31:47,0.667,0.5,4.0,2.0,2.0,1.0,10.0,10.0,615
132,29.0,22:24,0.667,0.5,3.0,1.0,1.0,0.0,5.0,-9.0,640
132,30.0,26:01,0.222,0.16699999999999998,4.0,1.0,1.0,0.0,6.0,-21.0,649
132,31.0,24:57,0.28600000000000003,0.33299999999999996,1.0,0.0,0.0,0.0,6.0,-11.0,665
132,32.0,24:17,0.5,0.5,2.0,1.0,1.0,0.0,6.0,9.0,674
132,33.0,19:43,0.4,0.0,1.0,1.0,0.0,0.0,4.0,1.0,685
132,34.0,26:10,0.6,0.667,5.0,0.0,0.0,0.0,10.0,2.0,699
132,35.0,30:08,0.556,0.5,7.0,3.0,2.0,1.0,14.0,11.0,709
132,36.0,21:00,0.5,0.667,4.0,1.0,1.0,0.0,7.0,-5.0,724
132,37.0,21:46,0.75,0.667,3.0,0.0,2.0,1.0,10.0,-6.0,732
132,38.0,26:06,0.222,0.2,6.0,0.0,0.0,1.0,7.0,0.0,759
132,39.0,36:00,0.8,1.0,5.0,2.0,0.0,1.0,11.0,4.0,770
132,40.0,30:00,0.75,0.0,6.0,2.0,1.0,0.0,6.0,22.0,784
132,41.0,37:08,0.41700000000000004,0.14300000000000002,4.0,0.0,3.0,0.0,11.0,16.0,799
132,42.0,25:41,0.7140000000000001,0.7140000000000001,3.0,1.0,0.0,0.0,15.0,11.0,812
132,43.0,23:54,0.33299999999999996,0.429,6.0,0.0,2.0,0.0,9.0,2.0,825
132,44.0,18:43,0.5,0.0,2.0,1.0,1.0,0.0,4.0,-17.0,839
132,45.0,29:29,0.14300000000000002,0.0,7.0,3.0,1.0,0.0,3.0,-14.0,853
132,46.0,31:28,0.2,0.5,7.0,3.0,1.0,0.0,3.0,7.0,1231
132,47.0,19:39,0.429,0.5,4.0,1.0,0.0,0.0,11.0,-11.0,1242
132,48.0,20:43,0.0,0.0,2.0,2.0,1.0,1.0,0.0,-15.0,1264
132,49.0,26:33,0.0,0.0,6.0,1.0,0.0,0.0,4.0,2.0,866
132,50.0,26:34,0.75,0.5,3.0,2.0,1.0,1.0,7.0,8.0,892
132,51.0,23:14,0.16699999999999998,0.0,3.0,3.0,0.0,0.0,2.0,-2.0,903
132,52.0,26:47,0.33299999999999996,0.33299999999999996,2.0,2.0,0.0,0.0,5.0,4.0,917
132,53.0,17:12,0.8,1.0,3.0,0.0,0.0,0.0,10.0,-1.0,932
132,54.0,10:55,0.25,0.33299999999999996,2.0,1.0,0.0,0.0,3.0,-13.0,944
132,55.0,27:47,0.667,0.7140000000000001,6.0,1.0,1.0,0.0,19.0,7.0,957
132,no play,,,,,,,,,,972
132,56.0,20:11,0.5710000000000001,1.0,2.0,0.0,0.0,0.0,10.0,-10.0,988
132,57.0,18:58,0.75,1.0,3.0,2.0,0.0,1.0,9.0,-10.0,1002
132,58.0,14:41,0.25,0.25,0.0,2.0,1.0,0.0,3.0,-14.0,1025
132,no play,,,,,,,,,,1041
132,59.0,22:34,0.833,0.833,3.0,0.0,0.0,1.0,15.0,7.0,1049
132,60.0,23:09,0.5710000000000001,0.25,5.0,2.0,0.0,1.0,9.0,2.0,1061
132,61.0,14:34,0.0,0.0,1.0,2.0,0.0,0.0,0.0,0.0,1080
132,no play,,,,,,,,,,1092
132,62.0,28:24,0.4,0.0,4.0,3.0,0.0,3.0,8.0,15.0,1100
132,no play,,,,,,,,,,1125
132,63.0,15:30,0.0,0.0,3.0,2.0,0.0,1.0,0.0,-5.0,1148
132,64.0,24:07,0.33299999999999996,0.0,1.0,2.0,0.0,0.0,8.0,-7.0,1161
132,65.0,21:41,0.5,0.5,7.0,3.0,1.0,1.0,12.0,-2.0,1177
132,no play,,,,,,,,,,1189
