Player_ID,G,MP,FG%,3P%,TRB,AST,STL,BLK,PTS,+/-,Game_ID
475,1.0,41:14,0.5,0.0,15.0,5.0,5.0,4.0,50.0,-3.0,6
475,2.0,39:58,0.5479999999999999,0.5,17.0,3.0,2.0,2.0,45.0,-3.0,21
475,3.0,31:35,0.4,,5.0,0.0,0.0,3.0,18.0,-17.0,28
475,4.0,37:10,0.429,0.0,15.0,2.0,3.0,3.0,35.0,3.0,47
475,5.0,35:40,0.231,0.25,7.0,1.0,2.0,3.0,10.0,-23.0,56
475,6.0,42:33,0.636,0.0,10.0,2.0,1.0,4.0,22.0,-6.0,71
475,7.0,35:00,0.611,0.5,13.0,1.0,0.0,0.0,33.0,-8.0,95
475,8.0,36:37,0.636,0.0,8.0,1.0,2.0,4.0,34.0,-5.0,101
475,9.0,41:27,0.45799999999999996,,8.0,2.0,2.0,4.0,30.0,8.0,113
475,10.0,34:51,0.5,0.0,8.0,2.0,0.0,2.0,34.0,-10.0,125
475,11.0,38:20,0.318,0.0,16.0,0.0,4.0,2.0,25.0,0.0,144
475,no play,,,,,,,,,,155
475,12.0,36:41,0.636,0.4,9.0,6.0,2.0,4.0,38.0,16.0,173
475,13.0,42:19,0.556,0.4,16.0,2.0,1.0,3.0,38.0,5.0,181
475,14.0,18:31,0.5,0.0,3.0,1.0,1.0,3.0,13.0,13.0,205
475,15.0,38:31,0.63,0.5,10.0,3.0,2.0,1.0,45.0,33.0,218
475,16.0,42:39,0.588,0.5,13.0,2.0,0.0,5.0,31.0,-16.0,248
475,17.0,40:15,0.545,0.0,13.0,3.0,1.0,1.0,36.0,-19.0,261
475,18.0,41:18,0.519,0.25,16.0,3.0,4.0,2.0,41.0,19.0,274
475,19.0,32:03,0.47100000000000003,,5.0,4.0,1.0,1.0,21.0,-7.0,297
475,20.0,43:20,0.43799999999999994,0.0,15.0,2.0,2.0,4.0,37.0,-10.0,311
475,21.0,48:29,0.37,0.25,16.0,1.0,1.0,4.0,28.0,-5.0,320
475,22.0,40:33,0.381,0.0,11.0,2.0,0.0,2.0,26.0,-10.0,334
475,no play,,,,,,,,,,355
475,23.0,44:11,0.235,0.0,12.0,4.0,1.0,2.0,14.0,-7.0,359
475,24.0,36:12,0.7140000000000001,1.0,8.0,3.0,2.0,5.0,28.0,-8.0,371
475,25.0,39:07,0.478,0.667,15.0,0.0,0.0,5.0,35.0,14.0,385
475,26.0,22:38,0.529,0.0,5.0,3.0,0.0,0.0,19.0,-14.0,395
475,27.0,29:41,0.41700000000000004,,4.0,1.0,0.0,1.0,12.0,-21.0,412
475,28.0,35:13,0.4,0.0,16.0,2.0,0.0,2.0,31.0,11.0,418
475,29.0,35:46,0.5379999999999999,0.5,14.0,2.0,1.0,2.0,34.0,6.0,433
475,30.0,36:52,0.588,0.667,22.0,1.0,1.0,4.0,28.0,3.0,449
475,31.0,36:37,0.5710000000000001,0.0,16.0,4.0,0.0,2.0,28.0,7.0,471
475,32.0,37:04,0.5,0.0,5.0,1.0,4.0,1.0,20.0,4.0,486
475,33.0,34:28,0.5,,18.0,2.0,2.0,0.0,23.0,12.0,500
475,34.0,40:22,0.37,0.0,16.0,2.0,1.0,3.0,20.0,3.0,519
475,35.0,36:52,0.35,,18.0,3.0,2.0,0.0,20.0,-1.0,544
475,36.0,38:09,0.667,1.0,16.0,2.0,0.0,2.0,36.0,-6.0,558
475,37.0,28:58,0.636,1.0,18.0,2.0,0.0,3.0,40.0,26.0,573
475,no play,,,,,,,,,,592
475,38.0,39:11,0.609,,14.0,2.0,1.0,3.0,36.0,-1.0,607
475,39.0,23:24,0.545,,3.0,3.0,0.0,0.0,16.0,-6.0,621
475,40.0,28:55,0.529,,13.0,4.0,0.0,1.0,21.0,11.0,636
475,41.0,27:02,0.588,0.0,9.0,4.0,1.0,2.0,22.0,-11.0,650
475,no play,,,,,,,,,,676
475,42.0,16:07,0.25,,5.0,0.0,0.0,1.0,8.0,-12.0,691
475,43.0,33:22,0.545,0.0,21.0,2.0,1.0,1.0,16.0,21.0,705
475,44.0,39:54,0.6,0.5,17.0,3.0,3.0,2.0,36.0,-3.0,719
475,45.0,41:22,0.222,0.0,17.0,3.0,1.0,3.0,18.0,-9.0,731
475,46.0,40:46,0.542,0.0,12.0,2.0,2.0,4.0,31.0,-5.0,741
475,47.0,38:46,0.647,,10.0,2.0,1.0,2.0,25.0,-8.0,761
475,48.0,40:29,0.5710000000000001,0.5,9.0,1.0,1.0,5.0,34.0,13.0,780
475,49.0,30:03,0.33299999999999996,,9.0,2.0,0.0,6.0,12.0,-36.0,795
475,50.0,36:15,0.727,0.667,13.0,2.0,1.0,1.0,42.0,13.0,810
475,51.0,40:28,0.45799999999999996,0.5,10.0,3.0,2.0,1.0,32.0,-1.0,825
475,52.0,40:20,0.5,0.0,10.0,2.0,0.0,4.0,24.0,-1.0,835
475,53.0,39:11,0.45,0.0,7.0,2.0,1.0,2.0,18.0,1.0,846
475,54.0,32:53,0.381,0.0,9.0,1.0,2.0,2.0,29.0,-31.0,1228
475,55.0,39:11,0.5,0.25,14.0,0.0,1.0,2.0,39.0,-4.0,1246
475,56.0,32:13,0.536,0.667,7.0,4.0,1.0,0.0,38.0,-4.0,1256
475,57.0,36:28,0.647,0.0,14.0,3.0,0.0,1.0,33.0,20.0,861
475,58.0,42:18,0.389,0.33299999999999996,8.0,3.0,1.0,1.0,29.0,-4.0,878
475,59.0,36:28,0.455,0.0,9.0,2.0,2.0,3.0,31.0,17.0,894
475,60.0,37:18,0.41200000000000003,0.33299999999999996,12.0,1.0,2.0,0.0,20.0,-8.0,904
475,61.0,17:07,0.5,,4.0,1.0,0.0,0.0,7.0,3.0,913
475,62.0,45:17,0.581,0.8,21.0,3.0,0.0,1.0,46.0,8.0,936
475,63.0,29:00,0.33299999999999996,,14.0,2.0,2.0,3.0,15.0,22.0,962
475,64.0,34:41,0.41200000000000003,0.0,8.0,1.0,3.0,3.0,27.0,-9.0,967
475,65.0,37:53,0.556,0.0,15.0,3.0,1.0,3.0,24.0,11.0,984
475,66.0,35:12,0.688,0.0,11.0,3.0,0.0,0.0,28.0,16.0,999
475,67.0,40:15,0.5,0.0,13.0,0.0,0.0,0.0,19.0,24.0,1014
475,68.0,40:52,0.583,0.0,16.0,1.0,3.0,1.0,33.0,-9.0,1039
475,69.0,28:27,0.706,0.5,13.0,3.0,0.0,1.0,31.0,20.0,1055
475,70.0,41:13,0.522,0.5,17.0,3.0,3.0,3.0,36.0,0.0,1062
475,71.0,35:51,0.5,0.0,14.0,2.0,2.0,1.0,30.0,1.0,1077
475,72.0,33:38,0.474,0.0,12.0,2.0,1.0,6.0,19.0,25.0,1092
475,73.0,40:01,0.42100000000000004,0.25,11.0,2.0,3.0,1.0,30.0,-6.0,1107
475,74.0,40:46,0.581,0.4,5.0,0.0,1.0,4.0,41.0,9.0,1119
475,75.0,23:56,0.40700000000000003,0.0,6.0,0.0,1.0,0.0,25.0,-2.0,1145
475,no play,,,,,,,,,,1156
475,no play,,,,,,,,,,1176
475,no play,,,,,,,,,,1191
