Player_ID,G,MP,FG%,3P%,TRB,AST,STL,BLK,PTS,+/-,Game_ID
359,1.0,26:10,0.5,0.0,4.0,2.0,1.0,0.0,8.0,4.0,13
359,2.0,28:51,0.727,0.5,2.0,1.0,0.0,0.0,19.0,12.0,31
359,3.0,23:40,0.444,,0.0,1.0,0.0,0.0,8.0,5.0,41
359,4.0,19:39,0.25,0.0,0.0,2.0,0.0,1.0,4.0,3.0,60
359,5.0,23:15,0.222,0.25,3.0,0.0,2.0,0.0,8.0,15.0,70
359,6.0,21:54,0.3,0.0,1.0,1.0,1.0,1.0,6.0,0.0,82
359,7.0,23:26,0.5,0.33299999999999996,2.0,4.0,0.0,0.0,11.0,-1.0,94
359,8.0,29:33,0.3,0.4,4.0,5.0,0.0,0.0,9.0,9.0,111
359,9.0,17:57,0.4,0.0,1.0,0.0,1.0,0.0,7.0,-13.0,122
359,10.0,16:08,0.25,0.0,0.0,4.0,0.0,0.0,2.0,-3.0,131
359,11.0,25:01,0.16699999999999998,0.0,3.0,6.0,1.0,0.0,3.0,-11.0,148
359,12.0,17:59,0.25,0.0,1.0,0.0,1.0,1.0,2.0,-7.0,163
359,13.0,22:40,0.7140000000000001,0.5,1.0,4.0,1.0,1.0,12.0,10.0,179
359,14.0,20:44,0.5,0.0,2.0,1.0,0.0,0.0,3.0,2.0,188
359,15.0,15:52,0.2,,1.0,1.0,0.0,0.0,3.0,-1.0,203
359,16.0,26:09,0.636,0.857,1.0,1.0,1.0,0.0,22.0,5.0,216
359,17.0,16:44,0.33299999999999996,,1.0,0.0,1.0,0.0,2.0,-1.0,241
359,18.0,25:21,0.4,0.5,1.0,1.0,3.0,0.0,7.0,-11.0,260
359,19.0,26:06,0.556,0.5,2.0,2.0,0.0,0.0,15.0,-7.0,272
359,20.0,23:08,0.5,0.5,4.0,7.0,0.0,0.0,12.0,4.0,289
359,21.0,19:42,0.111,0.0,2.0,1.0,1.0,0.0,2.0,-12.0,297
359,22.0,14:33,0.5,0.0,3.0,0.0,0.0,0.0,5.0,-21.0,313
359,23.0,28:30,0.4,0.5,2.0,2.0,0.0,0.0,14.0,8.0,1201
359,24.0,28:29,0.667,0.667,2.0,4.0,1.0,0.0,18.0,9.0,355
359,no play,,,,,,,,,,366
359,25.0,38:05,0.75,0.7,4.0,2.0,1.0,0.0,25.0,5.0,376
359,26.0,33:41,0.33299999999999996,0.5,1.0,1.0,0.0,0.0,7.0,-7.0,397
359,27.0,25:13,0.667,0.33299999999999996,0.0,2.0,2.0,0.0,13.0,-3.0,406
359,28.0,21:32,0.375,0.25,0.0,6.0,2.0,0.0,9.0,-20.0,426
359,29.0,25:11,0.222,0.33299999999999996,0.0,0.0,1.0,0.0,8.0,-5.0,441
359,30.0,28:53,0.462,0.667,0.0,3.0,2.0,0.0,16.0,4.0,455
359,31.0,25:25,0.3,0.33299999999999996,2.0,1.0,2.0,0.0,7.0,-7.0,465
359,32.0,42:16,0.47100000000000003,0.33299999999999996,3.0,5.0,1.0,0.0,19.0,-4.0,475
359,33.0,32:02,0.45,0.25,4.0,0.0,2.0,0.0,22.0,-3.0,486
359,34.0,14:41,0.375,0.33299999999999996,1.0,3.0,0.0,0.0,9.0,-15.0,501
359,35.0,34:14,0.273,0.2,1.0,3.0,0.0,0.0,14.0,-14.0,512
359,36.0,37:22,0.182,0.33299999999999996,4.0,5.0,0.0,0.0,9.0,4.0,524
359,37.0,44:08,0.625,0.5,4.0,7.0,1.0,1.0,28.0,7.0,538
359,38.0,35:52,0.6,0.5710000000000001,6.0,2.0,0.0,0.0,24.0,8.0,556
359,no play,,,,,,,,,,566
359,39.0,32:40,0.429,0.33299999999999996,4.0,5.0,0.0,0.0,9.0,9.0,589
359,40.0,30:55,0.5,0.2,1.0,2.0,2.0,1.0,15.0,13.0,606
359,41.0,34:35,0.385,0.28600000000000003,2.0,6.0,1.0,0.0,16.0,29.0,626
359,42.0,35:34,0.5,0.5,1.0,2.0,0.0,1.0,20.0,-7.0,645
359,43.0,25:54,0.583,0.5,2.0,5.0,0.0,0.0,16.0,-19.0,663
359,44.0,41:03,0.47600000000000003,0.5,4.0,6.0,0.0,0.0,27.0,7.0,672
359,45.0,39:02,0.467,0.5710000000000001,2.0,3.0,1.0,0.0,20.0,-9.0,680
359,46.0,37:56,0.273,0.25,2.0,6.0,1.0,0.0,10.0,-25.0,712
359,47.0,28:24,0.33299999999999996,0.0,3.0,4.0,2.0,0.0,14.0,9.0,745
359,48.0,36:01,0.467,0.0,4.0,6.0,0.0,1.0,18.0,-9.0,751
359,49.0,33:43,0.125,0.0,3.0,5.0,0.0,0.0,5.0,-3.0,772
359,50.0,38:07,0.5,0.5,2.0,0.0,0.0,1.0,22.0,0.0,777
359,51.0,36:10,0.3,0.33299999999999996,4.0,10.0,1.0,0.0,7.0,5.0,797
359,52.0,38:17,0.583,0.667,3.0,5.0,0.0,0.0,18.0,-2.0,814
359,53.0,32:28,0.5,0.75,3.0,3.0,0.0,0.0,15.0,24.0,834
359,54.0,27:12,0.455,0.33299999999999996,2.0,4.0,3.0,0.0,13.0,20.0,852
359,55.0,36:48,0.43799999999999994,0.444,2.0,2.0,2.0,0.0,19.0,-7.0,1230
359,56.0,26:52,0.5710000000000001,0.33299999999999996,0.0,3.0,0.0,0.0,23.0,1.0,1241
359,57.0,19:54,0.25,0.0,1.0,1.0,0.0,0.0,5.0,-13.0,1257
359,58.0,25:43,0.5,0.5710000000000001,5.0,4.0,2.0,0.0,16.0,-4.0,865
359,59.0,26:33,0.33299999999999996,0.0,2.0,1.0,0.0,0.0,8.0,-28.0,874
359,60.0,18:34,0.2,0.25,2.0,3.0,1.0,0.0,4.0,-1.0,883
359,61.0,31:56,0.5,1.0,3.0,3.0,0.0,0.0,7.0,20.0,905
359,62.0,29:00,0.3,0.5,2.0,3.0,0.0,1.0,10.0,0.0,915
359,63.0,32:06,0.7,0.25,5.0,4.0,0.0,0.0,20.0,7.0,921
359,64.0,19:25,0.25,0.0,2.0,3.0,2.0,0.0,6.0,5.0,934
359,65.0,25:34,0.545,0.4,0.0,2.0,0.0,0.0,15.0,1.0,956
359,66.0,14:45,0.14300000000000002,0.0,0.0,0.0,1.0,0.0,2.0,-10.0,973
359,67.0,33:10,0.583,0.5,1.0,1.0,0.0,0.0,17.0,-12.0,978
359,68.0,29:25,0.444,0.0,3.0,0.0,0.0,0.0,11.0,18.0,991
359,69.0,23:22,0.6,0.25,1.0,2.0,0.0,0.0,17.0,-7.0,1010
359,70.0,31:00,0.545,0.25,4.0,4.0,0.0,0.0,18.0,14.0,1018
359,71.0,26:17,0.5,0.4,2.0,1.0,0.0,0.0,13.0,9.0,1029
359,72.0,24:37,0.5,0.0,1.0,1.0,0.0,0.0,11.0,8.0,1042
359,73.0,42:30,0.308,0.28600000000000003,9.0,4.0,0.0,0.0,10.0,7.0,1049
359,74.0,8:03,0.0,0.0,1.0,0.0,0.0,0.0,0.0,5.0,1079
359,no play,,,,,,,,,,1084
359,no play,,,,,,,,,,1097
359,no play,,,,,,,,,,1133
359,no play,,,,,,,,,,1154
359,no play,,,,,,,,,,1171
359,no play,,,,,,,,,,1189
