Player_ID,G,MP,FG%,3P%,TRB,AST,STL,BLK,PTS,+/-,Game_ID
222,no play,,,,,,,,,,0
222,1.0,22:51,0.2,,3.0,0.0,0.0,1.0,2.0,-23.0,16
222,2.0,19:04,0.33299999999999996,,9.0,0.0,0.0,1.0,3.0,5.0,25
222,3.0,20:36,0.0,,8.0,2.0,0.0,1.0,2.0,-9.0,44
222,4.0,21:36,1.0,,9.0,0.0,1.0,2.0,4.0,7.0,61
222,5.0,24:00,0.667,,12.0,1.0,0.0,3.0,9.0,10.0,77
222,6.0,18:48,0.2,,7.0,1.0,0.0,2.0,2.0,-23.0,92
222,7.0,26:07,0.0,,7.0,2.0,0.0,1.0,3.0,-15.0,105
222,8.0,22:51,0.2,,8.0,0.0,0.0,2.0,4.0,-2.0,120
222,9.0,28:32,0.5,,8.0,1.0,1.0,0.0,5.0,-9.0,137
222,10.0,21:03,1.0,,9.0,0.0,0.0,3.0,9.0,-4.0,141
222,11.0,24:32,0.5,,8.0,1.0,1.0,1.0,5.0,6.0,155
222,12.0,23:29,0.667,,10.0,2.0,0.0,3.0,13.0,1.0,183
222,13.0,22:12,0.75,,10.0,1.0,0.0,1.0,13.0,-8.0,200
222,14.0,22:21,0.0,,7.0,1.0,0.0,2.0,0.0,-2.0,210
222,15.0,29:32,,,6.0,0.0,0.0,0.0,3.0,0.0,237
222,16.0,32:45,0.2,,4.0,2.0,1.0,2.0,4.0,-6.0,259
222,17.0,34:23,0.273,,6.0,1.0,1.0,1.0,9.0,13.0,275
222,18.0,33:50,0.25,,14.0,0.0,0.0,1.0,3.0,5.0,288
222,19.0,32:06,1.0,,13.0,4.0,0.0,0.0,4.0,3.0,292
222,20.0,29:57,0.667,,7.0,4.0,1.0,1.0,5.0,0.0,310
222,21.0,31:05,0.5710000000000001,,13.0,2.0,0.0,3.0,14.0,10.0,325
222,22.0,25:34,0.5,,5.0,0.0,0.0,0.0,4.0,-12.0,1193
222,23.0,15:33,0.8,,3.0,0.0,0.0,0.0,9.0,-7.0,337
222,24.0,34:14,0.556,,6.0,4.0,1.0,1.0,12.0,5.0,347
222,25.0,32:39,0.75,,9.0,2.0,0.0,3.0,7.0,1.0,369
222,26.0,34:21,0.5710000000000001,,12.0,1.0,0.0,0.0,9.0,-11.0,376
222,27.0,25:10,0.0,,7.0,2.0,0.0,3.0,6.0,4.0,390
222,28.0,26:38,0.6,,12.0,1.0,1.0,3.0,8.0,-20.0,410
222,29.0,30:49,0.75,,9.0,1.0,0.0,1.0,6.0,-7.0,422
222,30.0,27:08,0.5,,6.0,0.0,1.0,5.0,9.0,-13.0,439
222,31.0,28:01,0.5,,9.0,1.0,0.0,3.0,8.0,14.0,443
222,32.0,23:51,0.667,,10.0,0.0,0.0,0.0,10.0,15.0,467
222,33.0,21:54,0.667,,4.0,0.0,0.0,1.0,5.0,-14.0,482
222,34.0,22:54,0.667,,6.0,1.0,0.0,0.0,9.0,-16.0,515
222,35.0,19:02,0.0,,2.0,3.0,2.0,2.0,0.0,9.0,521
222,36.0,20:38,0.0,,2.0,0.0,1.0,0.0,2.0,-18.0,535
222,37.0,19:31,0.33299999999999996,,5.0,2.0,2.0,0.0,2.0,-11.0,550
222,38.0,26:18,0.667,,11.0,2.0,0.0,0.0,10.0,-10.0,572
222,39.0,16:21,0.667,,2.0,0.0,1.0,1.0,4.0,0.0,589
222,40.0,15:51,0.33299999999999996,,5.0,0.0,0.0,0.0,2.0,-7.0,603
222,41.0,15:02,0.0,,4.0,0.0,0.0,1.0,4.0,-17.0,610
222,42.0,19:45,0.778,,9.0,0.0,0.0,0.0,15.0,-1.0,622
222,43.0,18:33,0.5,,6.0,0.0,0.0,0.0,4.0,-21.0,636
222,44.0,25:00,0.833,,13.0,0.0,1.0,4.0,13.0,21.0,648
222,45.0,23:34,0.625,,13.0,0.0,0.0,3.0,12.0,-1.0,666
222,46.0,15:30,0.33299999999999996,,4.0,0.0,0.0,0.0,2.0,-14.0,682
222,47.0,24:52,0.7140000000000001,,7.0,3.0,0.0,0.0,10.0,-9.0,701
222,48.0,14:41,0.667,,5.0,1.0,0.0,0.0,4.0,4.0,720
222,49.0,15:24,,,6.0,0.0,0.0,0.0,0.0,-12.0,726
222,50.0,17:27,0.33299999999999996,,2.0,0.0,1.0,0.0,2.0,-11.0,736
222,51.0,17:53,0.5,,7.0,1.0,0.0,1.0,6.0,-1.0,752
222,52.0,24:30,0.5,,2.0,1.0,0.0,3.0,4.0,-2.0,762
222,53.0,17:59,0.33299999999999996,,5.0,1.0,0.0,1.0,4.0,-21.0,786
222,54.0,16:35,1.0,,8.0,2.0,0.0,2.0,9.0,0.0,801
222,55.0,20:43,0.7140000000000001,,7.0,2.0,1.0,1.0,15.0,-11.0,819
222,56.0,16:06,0.5,,10.0,1.0,0.0,1.0,2.0,5.0,829
222,57.0,15:37,0.5,,3.0,0.0,0.0,2.0,4.0,-13.0,840
222,58.0,15:28,,,5.0,0.0,1.0,0.0,2.0,10.0,
222,59.0,16:54,0.33299999999999996,,4.0,0.0,0.0,3.0,2.0,-8.0,1243
222,60.0,21:11,0.5,,7.0,2.0,0.0,1.0,8.0,8.0,856
222,61.0,15:57,0.5,,2.0,0.0,0.0,0.0,4.0,-7.0,872
222,62.0,34:13,0.625,,15.0,1.0,2.0,0.0,14.0,-3.0,891
222,63.0,41:44,0.5,,14.0,0.0,0.0,1.0,10.0,2.0,896
222,64.0,35:17,0.273,,6.0,0.0,0.0,1.0,6.0,3.0,909
222,65.0,29:24,1.0,,10.0,1.0,0.0,1.0,7.0,-13.0,925
222,66.0,16:19,0.5,,8.0,0.0,0.0,0.0,6.0,-5.0,937
222,67.0,15:55,0.33299999999999996,,4.0,1.0,0.0,1.0,4.0,-6.0,957
222,68.0,17:39,0.25,,10.0,0.0,0.0,0.0,3.0,-15.0,979
222,69.0,15:40,1.0,,3.0,1.0,0.0,0.0,4.0,-9.0,986
222,70.0,16:24,0.6,,6.0,0.0,0.0,1.0,7.0,3.0,1005
222,71.0,18:03,0.5,,5.0,2.0,1.0,0.0,4.0,-8.0,1019
222,72.0,15:37,0.4,,4.0,1.0,0.0,1.0,4.0,2.0,1034
222,73.0,17:14,0.5,,5.0,0.0,0.0,2.0,5.0,-10.0,1057
222,74.0,20:16,0.7140000000000001,,11.0,2.0,0.0,2.0,12.0,-3.0,1072
222,75.0,20:38,0.667,,8.0,2.0,0.0,0.0,8.0,1.0,1089
222,76.0,15:36,0.0,,0.0,1.0,0.0,0.0,0.0,-20.0,1099
222,77.0,18:42,0.33299999999999996,,10.0,1.0,0.0,1.0,4.0,9.0,1117
222,78.0,5:38,1.0,,2.0,0.0,0.0,1.0,5.0,0.0,1135
222,79.0,16:56,1.0,,4.0,1.0,1.0,0.0,7.0,-10.0,1151
222,80.0,16:43,0.5,,7.0,0.0,2.0,2.0,7.0,-17.0,1167
222,81.0,8:34,0.33299999999999996,,3.0,1.0,0.0,0.0,2.0,-5.0,1178
