Player_ID,G,MP,FG%,3P%,TRB,AST,STL,BLK,PTS,+/-,Game_ID
134,1.0,23:04,0.529,0.375,5.0,0.0,1.0,0.0,21.0,2.0,2
134,2.0,28:10,0.16699999999999998,0.0,1.0,0.0,0.0,1.0,4.0,5.0,15
134,3.0,31:20,0.6,0.33299999999999996,8.0,1.0,0.0,0.0,26.0,9.0,27
134,4.0,20:45,0.455,0.5,3.0,1.0,0.0,0.0,15.0,-10.0,39
134,5.0,31:59,0.429,0.429,4.0,2.0,0.0,0.0,11.0,3.0,53
134,6.0,33:14,0.235,0.222,4.0,1.0,0.0,0.0,14.0,-15.0,68
134,7.0,27:18,0.33299999999999996,0.375,1.0,2.0,1.0,0.0,13.0,19.0,97
134,8.0,28:48,0.222,0.0,2.0,2.0,3.0,0.0,6.0,-7.0,102
134,9.0,30:39,0.33299999999999996,0.25,5.0,2.0,0.0,0.0,7.0,17.0,135
134,10.0,25:09,0.727,0.33299999999999996,2.0,0.0,1.0,0.0,18.0,-11.0,148
134,11.0,30:23,0.611,0.4,3.0,1.0,2.0,0.0,29.0,-3.0,153
134,12.0,23:55,0.667,1.0,3.0,2.0,0.0,0.0,13.0,-10.0,174
134,13.0,24:08,0.545,0.33299999999999996,2.0,1.0,0.0,0.0,15.0,-10.0,190
134,14.0,28:25,0.5,0.28600000000000003,8.0,2.0,0.0,0.0,14.0,-6.0,213
134,15.0,25:36,0.3,0.4,3.0,1.0,0.0,0.0,8.0,-18.0,245
134,16.0,27:55,0.444,0.4,1.0,2.0,0.0,0.0,13.0,-9.0,258
134,17.0,26:27,0.28600000000000003,0.0,6.0,2.0,0.0,0.0,14.0,1.0,272
134,18.0,26:43,0.35700000000000004,0.33299999999999996,3.0,1.0,0.0,0.0,13.0,-16.0,287
134,19.0,32:02,0.47100000000000003,0.5,2.0,3.0,0.0,0.0,24.0,-15.0,301
134,20.0,28:44,0.35700000000000004,0.28600000000000003,3.0,2.0,0.0,0.0,18.0,-21.0,316
134,21.0,33:54,0.727,0.5,1.0,3.0,0.0,0.0,19.0,15.0,1194
134,22.0,26:37,0.5379999999999999,0.5,4.0,2.0,0.0,0.0,20.0,-23.0,353
134,23.0,22:12,0.375,0.33299999999999996,1.0,1.0,1.0,0.0,7.0,-19.0,364
134,24.0,29:19,0.462,0.429,4.0,1.0,1.0,0.0,23.0,-8.0,378
134,25.0,29:45,0.35700000000000004,0.429,3.0,1.0,1.0,0.0,15.0,1.0,390
134,26.0,25:23,0.385,0.28600000000000003,6.0,2.0,1.0,0.0,14.0,-3.0,409
134,27.0,18:36,0.16699999999999998,0.25,0.0,2.0,0.0,0.0,5.0,-10.0,420
134,28.0,25:51,0.5,0.4,3.0,0.0,0.0,1.0,12.0,-20.0,438
134,29.0,19:32,0.0,0.0,2.0,1.0,0.0,0.0,0.0,-14.0,444
134,30.0,26:32,0.636,0.5710000000000001,4.0,2.0,0.0,0.0,26.0,3.0,468
134,31.0,27:43,0.364,0.25,2.0,2.0,0.0,0.0,10.0,-3.0,485
134,32.0,21:07,0.4,0.5,3.0,1.0,1.0,0.0,12.0,-9.0,498
134,33.0,25:13,0.5710000000000001,0.0,3.0,1.0,0.0,0.0,8.0,-1.0,520
134,34.0,12:00,0.14300000000000002,0.25,1.0,2.0,0.0,0.0,3.0,-22.0,541
134,35.0,31:03,0.643,0.556,2.0,4.0,1.0,0.0,23.0,6.0,552
134,36.0,35:29,0.35700000000000004,0.33299999999999996,8.0,3.0,1.0,0.0,12.0,-14.0,564
134,37.0,25:55,0.5,0.6,6.0,4.0,1.0,0.0,16.0,-2.0,578
134,38.0,25:02,0.364,0.28600000000000003,3.0,2.0,1.0,0.0,10.0,-7.0,592
134,39.0,27:46,0.563,0.625,4.0,2.0,0.0,0.0,23.0,-16.0,598
134,40.0,21:48,0.375,0.4,2.0,0.0,0.0,0.0,8.0,-29.0,614
134,41.0,20:31,0.429,0.4,3.0,0.0,1.0,0.0,11.0,-22.0,627
134,42.0,27:18,0.462,0.4,6.0,2.0,1.0,1.0,23.0,15.0,650
134,43.0,28:29,0.33299999999999996,0.5,3.0,3.0,0.0,0.0,16.0,6.0,657
134,44.0,22:54,0.25,0.33299999999999996,3.0,2.0,0.0,0.0,5.0,-3.0,671
134,45.0,26:11,0.455,0.33299999999999996,5.0,2.0,2.0,0.0,17.0,10.0,687
134,46.0,30:06,0.5379999999999999,0.16699999999999998,2.0,3.0,1.0,0.0,17.0,-17.0,700
134,47.0,24:28,0.33299999999999996,0.0,1.0,2.0,0.0,0.0,10.0,-12.0,715
134,48.0,31:13,0.462,0.25,6.0,1.0,0.0,0.0,16.0,-15.0,725
134,49.0,29:24,0.6,0.2,7.0,0.0,0.0,0.0,15.0,7.0,739
134,no play,,,,,,,,,,753
134,50.0,27:13,0.364,0.375,3.0,2.0,0.0,0.0,13.0,-6.0,771
134,51.0,30:15,0.5329999999999999,0.375,5.0,1.0,0.0,0.0,22.0,-1.0,785
134,52.0,33:38,0.33299999999999996,0.222,5.0,4.0,2.0,0.0,21.0,5.0,790
134,53.0,28:58,0.33299999999999996,0.4,6.0,0.0,0.0,0.0,10.0,1.0,805
134,54.0,25:22,0.5,0.0,5.0,2.0,0.0,0.0,11.0,1.0,828
134,55.0,30:48,0.5,0.25,6.0,2.0,0.0,0.0,14.0,13.0,844
134,56.0,17:33,0.2,0.0,4.0,1.0,1.0,1.0,2.0,-14.0,1232
134,57.0,33:09,0.5,0.5,1.0,1.0,1.0,1.0,15.0,-6.0,1253
134,58.0,23:39,0.41700000000000004,0.5,2.0,0.0,1.0,0.0,16.0,-5.0,1265
134,59.0,25:08,0.75,0.857,2.0,0.0,0.0,0.0,27.0,16.0,857
134,60.0,20:18,0.2,0.0,1.0,1.0,0.0,0.0,6.0,-23.0,871
134,61.0,27:27,0.75,0.8,2.0,1.0,0.0,0.0,27.0,5.0,891
134,62.0,29:12,0.556,0.5,9.0,0.0,0.0,0.0,29.0,20.0,908
134,63.0,21:33,0.4,0.0,2.0,1.0,1.0,0.0,10.0,-7.0,918
134,64.0,30:22,0.43799999999999994,0.0,2.0,1.0,1.0,0.0,17.0,7.0,932
134,65.0,19:05,0.444,0.5,2.0,0.0,0.0,0.0,11.0,-6.0,943
134,66.0,25:09,0.273,0.16699999999999998,3.0,1.0,0.0,0.0,12.0,6.0,955
134,67.0,24:20,0.8,0.75,3.0,1.0,0.0,0.0,19.0,-6.0,964
134,68.0,24:53,0.41700000000000004,0.33299999999999996,2.0,0.0,0.0,0.0,12.0,3.0,981
134,69.0,23:10,0.444,0.4,3.0,1.0,0.0,0.0,12.0,-1.0,990
134,70.0,28:12,0.41700000000000004,0.0,6.0,2.0,1.0,1.0,14.0,13.0,1007
134,71.0,14:54,0.33299999999999996,0.25,2.0,0.0,0.0,0.0,5.0,13.0,1023
134,72.0,25:44,0.5,0.0,7.0,2.0,1.0,1.0,17.0,35.0,1032
134,no play,,,,,,,,,,1043
134,73.0,16:19,0.375,0.0,1.0,1.0,1.0,0.0,6.0,3.0,1070
134,74.0,15:56,0.25,0.25,2.0,0.0,0.0,0.0,3.0,1.0,1079
134,75.0,19:52,0.5710000000000001,0.0,4.0,2.0,0.0,0.0,10.0,-4.0,1095
134,76.0,28:40,0.545,0.5710000000000001,6.0,1.0,2.0,0.0,20.0,-9.0,1112
134,77.0,12:12,0.5,0.33299999999999996,2.0,1.0,0.0,0.0,7.0,11.0,1116
134,78.0,31:12,0.222,0.25,6.0,1.0,0.0,0.0,8.0,-5.0,1137
134,79.0,24:42,0.429,0.5,1.0,1.0,0.0,0.0,9.0,-6.0,1153
134,80.0,18:27,0.429,0.5,4.0,0.0,0.0,0.0,9.0,-7.0,1169
134,81.0,19:25,0.375,0.5,1.0,1.0,0.0,0.0,7.0,-10.0,1182
