Player_ID,G,MP,FG%,3P%,TRB,AST,STL,BLK,PTS,+/-,Game_ID
376,1.0,21:12,0.14300000000000002,0.5,5.0,0.0,0.0,0.0,7.0,-10.0,2
376,2.0,25:56,0.556,0.0,5.0,1.0,1.0,0.0,25.0,1.0,15
376,no play,,,,,,,,,,27
376,3.0,21:48,0.455,0.0,2.0,0.0,0.0,1.0,13.0,-13.0,39
376,4.0,28:45,0.5710000000000001,0.5,11.0,1.0,2.0,1.0,34.0,10.0,53
376,5.0,28:30,0.41200000000000003,0.33299999999999996,3.0,2.0,0.0,0.0,18.0,6.0,68
376,6.0,27:37,0.625,0.429,3.0,1.0,0.0,3.0,26.0,11.0,97
376,7.0,24:02,0.667,0.2,4.0,1.0,0.0,3.0,21.0,-5.0,102
376,8.0,27:45,0.273,0.2,5.0,2.0,1.0,5.0,11.0,17.0,135
376,no play,,,,,,,,,,148
376,9.0,31:08,0.4,0.364,10.0,3.0,0.0,3.0,30.0,-13.0,153
376,10.0,27:50,0.5,0.5710000000000001,4.0,2.0,1.0,2.0,22.0,-8.0,174
376,11.0,28:58,0.5710000000000001,0.5,6.0,4.0,1.0,1.0,21.0,-15.0,190
376,12.0,27:41,0.28600000000000003,0.16699999999999998,3.0,2.0,2.0,1.0,13.0,-8.0,213
376,13.0,24:00,0.615,0.667,4.0,2.0,0.0,1.0,20.0,-22.0,245
376,14.0,30:18,0.33299999999999996,0.375,7.0,2.0,0.0,0.0,17.0,-2.0,258
376,15.0,43:14,0.55,0.444,8.0,4.0,2.0,1.0,27.0,24.0,272
376,16.0,27:43,0.33299999999999996,0.375,4.0,2.0,0.0,2.0,15.0,-19.0,287
376,17.0,29:02,0.17600000000000002,0.33299999999999996,4.0,6.0,1.0,3.0,13.0,-15.0,301
376,18.0,30:42,0.5329999999999999,0.5,6.0,5.0,0.0,2.0,25.0,3.0,316
376,19.0,32:36,0.41200000000000003,0.4,8.0,4.0,0.0,2.0,24.0,1.0,1194
376,20.0,24:31,0.429,0.0,5.0,5.0,0.0,1.0,14.0,-19.0,353
376,21.0,31:30,0.529,0.0,1.0,2.0,1.0,2.0,26.0,14.0,364
376,22.0,32:44,0.42100000000000004,0.14300000000000002,7.0,2.0,0.0,1.0,20.0,14.0,378
376,23.0,31:34,0.474,0.0,6.0,1.0,1.0,5.0,22.0,-4.0,390
376,24.0,31:55,0.429,0.33299999999999996,9.0,8.0,1.0,4.0,22.0,17.0,409
376,no play,,,,,,,,,,420
376,25.0,30:40,0.563,0.444,8.0,2.0,0.0,2.0,28.0,-20.0,438
376,26.0,22:03,0.636,0.667,3.0,1.0,0.0,2.0,16.0,-19.0,444
376,27.0,33:01,0.615,0.33299999999999996,5.0,5.0,0.0,3.0,21.0,5.0,468
376,28.0,34:20,0.6,0.833,3.0,4.0,0.0,0.0,33.0,4.0,485
376,29.0,30:48,0.33299999999999996,0.2,5.0,6.0,1.0,0.0,11.0,-12.0,498
376,30.0,31:18,0.375,0.16699999999999998,6.0,0.0,2.0,2.0,14.0,-16.0,520
376,31.0,25:39,0.35700000000000004,0.2,6.0,3.0,0.0,1.0,12.0,-21.0,541
376,32.0,33:03,0.5,0.5,1.0,1.0,0.0,0.0,17.0,5.0,552
376,33.0,31:49,0.5,0.429,2.0,2.0,1.0,1.0,26.0,1.0,564
376,34.0,32:08,0.5710000000000001,0.33299999999999996,2.0,2.0,1.0,2.0,20.0,-11.0,578
376,35.0,32:23,0.5,0.16699999999999998,6.0,3.0,1.0,1.0,20.0,-7.0,592
376,36.0,28:38,0.353,0.0,3.0,5.0,1.0,1.0,20.0,-12.0,598
376,no play,,,,,,,,,,614
376,37.0,31:31,0.478,0.0,9.0,2.0,0.0,2.0,28.0,-10.0,627
376,38.0,24:20,0.5329999999999999,0.25,8.0,3.0,0.0,3.0,23.0,15.0,650
376,39.0,31:02,0.47600000000000003,0.429,5.0,4.0,0.0,2.0,24.0,-2.0,657
376,40.0,21:23,0.4,0.0,4.0,1.0,1.0,1.0,12.0,-6.0,671
376,41.0,33:20,0.478,0.5,4.0,3.0,0.0,0.0,33.0,11.0,687
376,no play,,,,,,,,,,700
376,42.0,30:13,0.667,0.5,7.0,0.0,1.0,2.0,25.0,-15.0,715
376,43.0,30:44,0.294,0.0,3.0,3.0,1.0,2.0,14.0,-7.0,725
376,44.0,31:05,0.364,0.0,6.0,1.0,1.0,1.0,10.0,4.0,739
376,45.0,30:30,0.5,0.0,6.0,1.0,0.0,1.0,23.0,-20.0,753
376,46.0,29:41,0.353,0.25,6.0,3.0,1.0,2.0,20.0,4.0,771
376,47.0,28:54,0.47100000000000003,0.25,4.0,1.0,0.0,4.0,20.0,-3.0,785
376,48.0,31:37,0.47100000000000003,0.0,6.0,4.0,0.0,2.0,20.0,2.0,790
376,49.0,30:53,0.588,0.33299999999999996,8.0,1.0,0.0,2.0,30.0,2.0,805
376,50.0,31:51,0.389,0.2,3.0,5.0,1.0,0.0,17.0,-1.0,828
376,51.0,35:07,0.6,0.6,4.0,1.0,1.0,8.0,36.0,10.0,844
376,52.0,26:30,0.636,0.25,1.0,3.0,0.0,1.0,17.0,-23.0,1240
376,53.0,31:12,0.231,0.33299999999999996,4.0,5.0,1.0,1.0,9.0,-11.0,1249
376,54.0,29:47,0.529,0.2,8.0,0.0,0.0,1.0,24.0,16.0,866
376,55.0,29:11,0.385,0.25,5.0,1.0,0.0,2.0,17.0,-14.0,876
376,56.0,31:54,0.579,0.4,5.0,1.0,1.0,2.0,26.0,-9.0,887
376,57.0,32:26,0.5,0.0,4.0,2.0,1.0,0.0,8.0,15.0,900
376,58.0,29:18,0.389,0.4,6.0,3.0,1.0,5.0,18.0,-4.0,910
376,no play,,,,,,,,,,931
376,59.0,28:55,0.47100000000000003,0.667,6.0,2.0,1.0,1.0,25.0,2.0,946
376,60.0,28:48,0.6,0.5,5.0,0.0,1.0,0.0,25.0,-2.0,960
376,61.0,30:15,0.529,0.2,6.0,3.0,0.0,1.0,24.0,14.0,976
376,62.0,31:12,0.444,0.4,5.0,4.0,0.0,2.0,23.0,-6.0,982
376,63.0,33:00,0.444,0.5,7.0,0.0,0.0,0.0,27.0,12.0,996
376,64.0,32:53,0.542,0.33299999999999996,7.0,1.0,0.0,0.0,29.0,2.0,1012
376,65.0,24:53,0.5,0.2,6.0,0.0,0.0,1.0,19.0,2.0,1027
376,66.0,21:55,0.375,0.0,7.0,2.0,0.0,0.0,6.0,-15.0,1032
376,67.0,30:34,0.41200000000000003,0.5,7.0,0.0,1.0,1.0,23.0,-4.0,1048
376,68.0,30:31,0.667,0.429,9.0,6.0,0.0,2.0,26.0,3.0,1065
376,69.0,31:09,0.235,0.28600000000000003,9.0,2.0,1.0,1.0,11.0,3.0,1081
376,70.0,28:02,0.545,0.33299999999999996,7.0,1.0,0.0,2.0,30.0,-10.0,1099
376,71.0,30:32,0.6,0.429,5.0,5.0,2.0,5.0,29.0,4.0,1109
376,72.0,23:04,0.8,1.0,4.0,1.0,0.0,3.0,16.0,21.0,1115
376,73.0,31:13,0.308,0.0,5.0,2.0,0.0,0.0,10.0,-11.0,1135
376,74.0,31:25,0.429,0.33299999999999996,5.0,1.0,0.0,1.0,13.0,17.0,1149
376,75.0,34:25,0.47600000000000003,0.16699999999999998,7.0,2.0,0.0,1.0,25.0,-7.0,1165
376,no play,,,,,,,,,,1183
