Player_ID,G,MP,FG%,3P%,TRB,AST,STL,BLK,PTS,+/-,Game_ID
491,1.0,3:41,,,0.0,0.0,0.0,0.0,0.0,6.0,
491,no play,,,,,,,,,,12
491,2.0,14:34,0.33299999999999996,0.0,1.0,0.0,1.0,0.0,2.0,-5.0,28
491,no play,,,,,,,,,,33
491,3.0,0:45,,,0.0,0.0,0.0,0.0,0.0,-3.0,49
491,4.0,3:13,,,0.0,0.0,0.0,0.0,0.0,-2.0,73
491,5.0,13:32,0.5,0.0,1.0,1.0,0.0,0.0,5.0,-8.0,82
491,no play,,,,,,,,,,110
491,6.0,0:40,,,0.0,0.0,0.0,0.0,0.0,2.0,123
491,no play,,,,,,,,,,130
491,no play,,,,,,,,,,146
491,7.0,3:01,0.0,0.0,0.0,0.0,0.0,0.0,0.0,-11.0,164
491,no play,,,,,,,,,,178
491,8.0,10:15,0.33299999999999996,1.0,1.0,0.0,0.0,0.0,3.0,-5.0,202
491,no play,,,,,,,,,,209
491,no play,,,,,,,,,,236
491,9.0,1:07,,,1.0,0.0,0.0,0.0,0.0,-3.0,251
491,no play,,,,,,,,,,275
491,no play,,,,,,,,,,282
491,no play,,,,,,,,,,299
491,no play,,,,,,,,,,319
491,10.0,1:58,0.0,0.0,0.0,0.0,0.0,0.0,0.0,-4.0,329
491,no play,,,,,,,,,,336
491,no play,,,,,,,,,,353
491,11.0,0:26,,,0.0,0.0,0.0,0.0,0.0,-2.0,383
491,no play,,,,,,,,,,387
491,no play,,,,,,,,,,412
491,no play,,,,,,,,,,425
491,12.0,1:29,0.0,0.0,0.0,0.0,0.0,0.0,0.0,4.0,441
491,13.0,2:18,,,0.0,0.0,0.0,0.0,0.0,-1.0,454
491,no play,,,,,,,,,,463
491,no play,,,,,,,,,,487
491,no play,,,,,,,,,,504
491,no play,,,,,,,,,,513
491,no play,,,,,,,,,,530
491,no play,,,,,,,,,,547
491,no play,,,,,,,,,,563
491,no play,,,,,,,,,,580
491,no play,,,,,,,,,,594
491,14.0,5:12,1.0,,1.0,0.0,0.0,0.0,2.0,-6.0,608
491,15.0,0:04,,,0.0,0.0,0.0,0.0,0.0,-3.0,630
491,no play,,,,,,,,,,644
491,no play,,,,,,,,,,662
491,16.0,12:47,0.16699999999999998,0.0,2.0,1.0,0.0,0.0,2.0,0.0,671
491,17.0,12:14,0.75,0.667,1.0,0.0,0.0,0.0,8.0,3.0,679
491,18.0,3:32,0.5,1.0,0.0,1.0,0.0,0.0,3.0,-1.0,705
491,no play,,,,,,,,,,722
491,no play,,,,,,,,,,733
491,19.0,3:18,0.0,,0.0,0.0,0.0,0.0,0.0,0.0,750
491,no play,,,,,,,,,,768
491,no play,,,,,,,,,,783
491,no play,,,,,,,,,,788
491,20.0,0:42,,,0.0,0.0,0.0,0.0,0.0,-1.0,807
491,no play,,,,,,,,,,823
491,no play,,,,,,,,,,827
491,no play,,,,,,,,,,840
491,no play,,,,,,,,,,1241
491,no play,,,,,,,,,,1250
491,no play,,,,,,,,,,863
491,no play,,,,,,,,,,878
491,no play,,,,,,,,,,886
491,no play,,,,,,,,,,902
491,21.0,0:22,,,0.0,0.0,0.0,0.0,0.0,0.0,917
491,22.0,16:10,0.25,0.0,2.0,1.0,0.0,0.0,2.0,-10.0,922
491,23.0,24:48,0.429,0.4,1.0,0.0,0.0,0.0,8.0,6.0,940
491,24.0,10:54,0.667,0.5,1.0,1.0,0.0,0.0,5.0,8.0,954
491,25.0,8:58,0.5,,0.0,0.0,0.0,0.0,2.0,-4.0,971
491,26.0,1:27,1.0,1.0,0.0,0.0,0.0,0.0,3.0,3.0,993
491,27.0,10:59,0.0,0.0,0.0,1.0,0.0,0.0,1.0,-7.0,1002
491,no play,,,,,,,,,,1016
491,no play,,,,,,,,,,1030
491,28.0,1:24,,,1.0,0.0,0.0,0.0,0.0,-4.0,1045
491,29.0,10:32,0.16699999999999998,0.0,1.0,1.0,0.0,0.0,2.0,-2.0,1059
491,30.0,0:52,,,1.0,1.0,0.0,0.0,0.0,2.0,1078
491,no play,,,,,,,,,,1094
491,31.0,20:54,0.5,0.5,2.0,3.0,0.0,0.0,8.0,-8.0,1106
491,32.0,12:57,0.0,0.0,0.0,3.0,0.0,0.0,0.0,13.0,1122
491,33.0,24:25,0.3,0.28600000000000003,1.0,2.0,0.0,0.0,8.0,-12.0,1131
491,34.0,28:46,0.526,0.444,3.0,6.0,0.0,0.0,27.0,9.0,1144
491,35.0,4:33,0.0,0.0,1.0,0.0,0.0,0.0,0.0,1.0,1154
491,36.0,12:00,0.25,0.33299999999999996,1.0,1.0,0.0,0.0,3.0,-6.0,1170
491,no play,,,,,,,,,,1188
