Player_ID,G,MP,FG%,3P%,TRB,AST,STL,BLK,PTS,+/-,Game_ID
407,1.0,16:50,0.25,0.0,1.0,3.0,0.0,0.0,4.0,-12.0,6
407,2.0,18:35,0.16699999999999998,0.0,1.0,1.0,0.0,1.0,2.0,-12.0,21
407,3.0,17:39,0.3,0.0,5.0,0.0,2.0,0.0,8.0,1.0,28
407,4.0,13:49,0.4,0.16699999999999998,0.0,0.0,1.0,0.0,10.0,-11.0,47
407,5.0,30:46,0.4,0.444,4.0,1.0,2.0,1.0,18.0,6.0,56
407,6.0,22:48,0.28600000000000003,0.2,3.0,1.0,0.0,0.0,10.0,11.0,71
407,7.0,27:46,0.4,0.2,6.0,1.0,0.0,0.0,9.0,-10.0,95
407,8.0,21:48,0.375,0.14300000000000002,2.0,1.0,0.0,0.0,14.0,-4.0,101
407,9.0,16:07,0.429,0.5,4.0,0.0,1.0,0.0,9.0,6.0,113
407,10.0,26:03,0.615,0.25,3.0,1.0,0.0,0.0,18.0,-20.0,125
407,11.0,21:23,0.28600000000000003,0.25,2.0,3.0,0.0,0.0,5.0,-4.0,144
407,12.0,20:04,0.429,0.33299999999999996,5.0,5.0,0.0,0.0,8.0,-11.0,155
407,13.0,6:44,1.0,1.0,1.0,0.0,0.0,0.0,5.0,3.0,173
407,14.0,5:57,0.25,0.0,0.0,0.0,0.0,0.0,2.0,-8.0,181
407,15.0,8:17,0.0,0.0,1.0,1.0,0.0,0.0,0.0,-15.0,205
407,16.0,12:48,0.0,0.0,0.0,1.0,0.0,0.0,0.0,-7.0,218
407,17.0,12:07,0.5,0.5,1.0,0.0,0.0,1.0,6.0,3.0,248
407,18.0,16:15,0.2,0.33299999999999996,4.0,1.0,0.0,0.0,5.0,-1.0,261
407,19.0,1:28,0.0,0.0,0.0,0.0,0.0,0.0,0.0,-3.0,274
407,20.0,3:09,1.0,,0.0,0.0,0.0,0.0,4.0,-1.0,297
407,21.0,15:03,0.5,0.5710000000000001,4.0,1.0,0.0,0.0,16.0,9.0,311
407,22.0,24:24,0.375,0.4,3.0,1.0,1.0,0.0,8.0,-13.0,320
407,23.0,34:08,0.16699999999999998,0.33299999999999996,4.0,2.0,0.0,0.0,6.0,-2.0,334
407,24.0,35:48,0.462,0.4,3.0,5.0,0.0,0.0,15.0,-30.0,355
407,25.0,13:21,0.429,0.5,1.0,0.0,0.0,0.0,9.0,3.0,359
407,26.0,17:58,0.429,0.33299999999999996,3.0,1.0,0.0,1.0,7.0,-8.0,371
407,27.0,33:24,0.47100000000000003,0.625,4.0,2.0,0.0,0.0,21.0,10.0,385
407,28.0,25:43,0.4,0.75,5.0,1.0,0.0,0.0,11.0,-8.0,395
407,29.0,25:08,0.545,0.5,3.0,2.0,0.0,0.0,14.0,-16.0,412
407,30.0,20:56,0.444,1.0,1.0,1.0,0.0,0.0,10.0,0.0,418
407,31.0,19:25,0.0,0.0,1.0,1.0,0.0,0.0,2.0,-1.0,433
407,32.0,17:59,0.125,0.25,3.0,2.0,1.0,0.0,3.0,-11.0,449
407,33.0,23:14,0.75,0.5,2.0,2.0,0.0,0.0,14.0,11.0,471
407,34.0,23:01,0.636,0.6,6.0,0.0,1.0,0.0,17.0,0.0,486
407,35.0,23:48,0.33299999999999996,0.4,2.0,1.0,0.0,0.0,12.0,9.0,500
407,36.0,34:34,0.462,0.667,5.0,2.0,0.0,0.0,20.0,6.0,519
407,37.0,30:42,0.313,0.444,7.0,4.0,1.0,0.0,15.0,-17.0,544
407,38.0,24:14,0.33299999999999996,0.6,5.0,3.0,0.0,0.0,9.0,-14.0,558
407,39.0,27:26,0.5710000000000001,0.6,3.0,3.0,3.0,0.0,11.0,16.0,573
407,40.0,24:15,0.222,0.16699999999999998,5.0,1.0,0.0,0.0,5.0,12.0,592
407,41.0,12:20,0.2,0.0,2.0,0.0,0.0,0.0,2.0,-9.0,607
407,42.0,14:59,0.8,0.667,4.0,0.0,0.0,1.0,10.0,-14.0,621
407,43.0,24:07,0.364,0.25,4.0,3.0,0.0,0.0,10.0,-2.0,636
407,44.0,22:29,0.5,0.33299999999999996,3.0,1.0,0.0,0.0,11.0,-9.0,650
407,45.0,17:39,0.25,0.5,2.0,1.0,0.0,1.0,3.0,-2.0,676
407,46.0,23:22,0.2,0.33299999999999996,3.0,1.0,0.0,0.0,5.0,-2.0,691
407,47.0,13:03,0.28600000000000003,0.33299999999999996,2.0,2.0,0.0,0.0,5.0,-4.0,705
407,48.0,16:27,0.0,0.0,2.0,0.0,0.0,0.0,0.0,1.0,719
407,49.0,32:43,0.667,0.6,6.0,0.0,0.0,1.0,15.0,-12.0,731
407,50.0,21:25,0.28600000000000003,0.16699999999999998,6.0,1.0,1.0,0.0,5.0,5.0,741
407,51.0,23:25,0.3,0.0,3.0,2.0,0.0,0.0,6.0,-1.0,761
407,52.0,27:32,0.444,0.6,3.0,4.0,0.0,0.0,11.0,18.0,780
407,53.0,19:22,0.429,0.33299999999999996,2.0,0.0,1.0,0.0,8.0,-15.0,795
407,54.0,21:47,0.7,0.5,4.0,1.0,0.0,0.0,17.0,14.0,810
407,55.0,14:22,0.4,0.33299999999999996,0.0,2.0,0.0,0.0,5.0,3.0,825
407,56.0,23:21,0.28600000000000003,0.4,5.0,3.0,2.0,0.0,8.0,-2.0,835
407,57.0,18:02,0.5,0.5,2.0,1.0,1.0,0.0,5.0,11.0,846
407,58.0,26:12,0.6,0.33299999999999996,6.0,1.0,1.0,0.0,16.0,8.0,1231
407,59.0,26:13,0.5,0.4,1.0,2.0,0.0,0.0,15.0,-2.0,1242
407,60.0,26:47,0.375,0.2,5.0,0.0,1.0,0.0,8.0,-14.0,1264
407,61.0,26:19,0.545,0.667,1.0,0.0,2.0,0.0,16.0,0.0,866
407,62.0,18:37,0.5710000000000001,0.5,2.0,1.0,1.0,0.0,10.0,11.0,892
407,63.0,23:15,0.5710000000000001,1.0,3.0,0.0,1.0,0.0,14.0,2.0,903
407,64.0,18:26,0.444,0.6,2.0,1.0,0.0,0.0,11.0,-9.0,917
407,65.0,36:52,0.43799999999999994,0.5,4.0,1.0,0.0,0.0,18.0,-7.0,932
407,66.0,30:02,0.75,0.6,6.0,3.0,1.0,0.0,17.0,1.0,944
407,67.0,31:23,0.462,0.33299999999999996,6.0,2.0,2.0,0.0,17.0,11.0,957
407,68.0,21:18,0.429,0.33299999999999996,2.0,0.0,0.0,1.0,7.0,-15.0,972
407,69.0,32:20,0.33299999999999996,0.25,1.0,0.0,1.0,0.0,11.0,-5.0,988
407,70.0,32:04,0.5710000000000001,0.667,5.0,5.0,1.0,0.0,18.0,-12.0,1002
407,71.0,35:43,0.5,0.33299999999999996,4.0,2.0,1.0,0.0,21.0,-5.0,1025
407,72.0,33:21,0.5,0.444,8.0,7.0,2.0,0.0,22.0,1.0,1041
407,73.0,23:13,0.41700000000000004,0.375,7.0,2.0,1.0,0.0,15.0,-1.0,1049
407,74.0,33:30,0.41700000000000004,0.28600000000000003,4.0,0.0,0.0,0.0,14.0,4.0,1061
407,75.0,29:34,0.14300000000000002,0.0,2.0,1.0,1.0,0.0,2.0,-29.0,1080
407,76.0,24:56,0.667,0.25,8.0,3.0,1.0,1.0,13.0,-4.0,1092
407,77.0,34:16,0.6,0.667,4.0,1.0,1.0,0.0,22.0,-3.0,1100
407,78.0,30:04,0.35700000000000004,0.5710000000000001,4.0,3.0,0.0,0.0,16.0,8.0,1125
407,79.0,30:22,0.5,0.6,1.0,2.0,1.0,0.0,17.0,1.0,1148
407,80.0,32:20,0.25,0.125,6.0,3.0,0.0,0.0,12.0,-10.0,1161
407,81.0,32:33,0.6,0.5,5.0,0.0,1.0,0.0,30.0,23.0,1177
407,82.0,37:13,0.467,0.5,6.0,4.0,0.0,0.0,16.0,-13.0,1189
