Player_ID,G,MP,FG%,3P%,TRB,AST,STL,BLK,PTS,+/-,Game_ID
96,no play,,,,,,,,,,7
96,no play,,,,,,,,,,17
96,no play,,,,,,,,,,35
96,no play,,,,,,,,,,60
96,no play,,,,,,,,,,65
96,no play,,,,,,,,,,75
96,no play,,,,,,,,,,93
96,no play,,,,,,,,,,108
96,no play,,,,,,,,,,122
96,no play,,,,,,,,,,137
96,no play,,,,,,,,,,143
96,no play,,,,,,,,,,160
96,no play,,,,,,,,,,174
96,no play,,,,,,,,,,191
96,no play,,,,,,,,,,207
96,no play,,,,,,,,,,220
96,no play,,,,,,,,,,246
96,no play,,,,,,,,,,253
96,no play,,,,,,,,,,266
96,no play,,,,,,,,,,280
96,no play,,,,,,,,,,311
96,no play,,,,,,,,,,317
96,no play,,,,,,,,,,341
96,no play,,,,,,,,,,357
96,no play,,,,,,,,,,373
96,no play,,,,,,,,,,382
96,no play,,,,,,,,,,399
96,no play,,,,,,,,,,415
96,no play,,,,,,,,,,433
96,no play,,,,,,,,,,445
96,no play,,,,,,,,,,464
96,no play,,,,,,,,,,478
96,no play,,,,,,,,,,492
96,no play,,,,,,,,,,512
96,no play,,,,,,,,,,518
96,no play,,,,,,,,,,534
96,no play,,,,,,,,,,545
96,1.0,13:00,0.75,0.667,2.0,1.0,0.0,0.0,8.0,-9.0,560
96,2.0,14:41,0.0,0.0,4.0,3.0,0.0,0.0,0.0,5.0,574
96,3.0,11:02,0.33299999999999996,0.0,0.0,1.0,0.0,0.0,2.0,-5.0,586
96,4.0,16:11,0.33299999999999996,0.0,4.0,2.0,0.0,0.0,4.0,-1.0,601
96,5.0,17:34,0.28600000000000003,0.0,2.0,1.0,2.0,0.0,4.0,10.0,615
96,6.0,21:18,0.444,0.0,0.0,2.0,1.0,0.0,8.0,1.0,626
96,7.0,25:29,0.375,0.2,1.0,4.0,0.0,1.0,9.0,5.0,639
96,8.0,13:45,0.33299999999999996,0.33299999999999996,1.0,0.0,0.0,0.0,5.0,-11.0,678
96,9.0,12:20,0.33299999999999996,0.33299999999999996,0.0,3.0,0.0,0.0,5.0,10.0,691
96,10.0,12:50,0.5,1.0,0.0,0.0,0.0,0.0,6.0,-8.0,695
96,11.0,20:18,0.273,0.667,4.0,2.0,2.0,1.0,8.0,-6.0,717
96,12.0,18:45,0.0,0.0,2.0,3.0,1.0,1.0,2.0,-28.0,733
96,13.0,19:25,0.3,0.5,0.0,5.0,1.0,0.0,7.0,-5.0,746
96,14.0,18:52,0.5710000000000001,0.5,1.0,1.0,0.0,0.0,9.0,2.0,756
96,15.0,14:47,0.0,0.0,0.0,2.0,0.0,1.0,0.0,-4.0,773
96,16.0,13:26,0.25,0.0,3.0,2.0,0.0,0.0,2.0,-1.0,776
96,17.0,12:37,0.5,0.6,1.0,2.0,1.0,0.0,15.0,6.0,802
96,18.0,9:06,0.0,,1.0,1.0,0.0,0.0,0.0,-1.0,818
96,19.0,22:55,0.556,0.5,3.0,2.0,2.0,0.0,12.0,6.0,831
96,20.0,12:04,0.0,0.0,2.0,3.0,0.0,0.0,0.0,-5.0,851
96,no play,,,,,,,,,,1235
96,21.0,12:00,0.667,0.667,1.0,1.0,0.0,0.0,6.0,-2.0,1247
96,22.0,16:50,0.2,0.4,2.0,3.0,0.0,0.0,6.0,-5.0,1267
96,23.0,12:48,0.4,0.0,0.0,1.0,0.0,0.0,4.0,-4.0,867
96,24.0,10:42,0.2,0.0,1.0,1.0,0.0,0.0,2.0,-5.0,883
96,25.0,22:43,0.35700000000000004,0.444,3.0,3.0,0.0,0.0,14.0,-11.0,899
96,26.0,17:00,0.5,,1.0,0.0,0.0,0.0,4.0,-1.0,909
96,27.0,15:37,0.5,0.5,2.0,2.0,1.0,0.0,11.0,4.0,926
96,28.0,19:40,0.429,0.25,2.0,3.0,2.0,0.0,7.0,-1.0,945
96,29.0,10:53,0.0,0.0,2.0,1.0,1.0,0.0,0.0,2.0,951
96,no play,,,,,,,,,,969
96,no play,,,,,,,,,,981
96,no play,,,,,,,,,,992
96,no play,,,,,,,,,,1011
96,no play,,,,,,,,,,1021
96,no play,,,,,,,,,,1037
96,30.0,1:37,0.0,0.0,2.0,0.0,0.0,0.0,0.0,-2.0,1050
96,no play,,,,,,,,,,1082
96,no play,,,,,,,,,,1098
96,no play,,,,,,,,,,1107
96,no play,,,,,,,,,,1121
96,31.0,1:51,,,1.0,0.0,0.0,0.0,0.0,-5.0,1134
96,no play,,,,,,,,,,1149
96,no play,,,,,,,,,,1167
96,no play,,,,,,,,,,1183
