Player_ID,G,MP,FG%,3P%,TRB,AST,STL,BLK,PTS,+/-,Game_ID
285,1.0,30:05,0.444,0.25,5.0,3.0,1.0,0.0,19.0,-19.0,
285,2.0,35:31,0.33299999999999996,0.2,6.0,5.0,0.0,0.0,20.0,13.0,24
285,3.0,35:13,0.47100000000000003,0.33299999999999996,2.0,1.0,4.0,0.0,24.0,-7.0,46
285,4.0,31:01,0.5329999999999999,0.25,7.0,1.0,1.0,0.0,21.0,-17.0,54
285,5.0,35:54,0.409,0.33299999999999996,7.0,4.0,0.0,1.0,25.0,13.0,69
285,6.0,35:28,0.6,0.0,9.0,3.0,0.0,0.0,28.0,3.0,83
285,7.0,34:27,0.409,0.33299999999999996,8.0,2.0,1.0,1.0,22.0,3.0,102
285,8.0,12:11,0.625,1.0,2.0,1.0,0.0,0.0,12.0,-6.0,121
285,9.0,37:41,0.47600000000000003,0.429,6.0,4.0,0.0,0.0,31.0,-4.0,127
285,10.0,32:54,0.444,0.5,8.0,3.0,0.0,2.0,24.0,17.0,142
285,11.0,36:55,0.529,0.667,5.0,3.0,1.0,0.0,22.0,-2.0,158
285,12.0,35:21,0.41200000000000003,0.125,3.0,3.0,1.0,0.0,19.0,-3.0,165
285,13.0,37:45,0.545,0.5,7.0,3.0,2.0,0.0,31.0,8.0,189
285,14.0,35:34,0.318,0.33299999999999996,6.0,0.0,1.0,1.0,17.0,-1.0,204
285,15.0,41:09,0.56,0.5,13.0,5.0,2.0,1.0,35.0,7.0,239
285,16.0,33:44,0.28,0.28600000000000003,8.0,2.0,0.0,0.0,18.0,-16.0,252
285,17.0,34:21,0.21100000000000002,0.0,9.0,2.0,1.0,1.0,18.0,-9.0,266
285,18.0,35:19,0.313,0.16699999999999998,4.0,2.0,3.0,0.0,14.0,-17.0,281
285,19.0,34:26,0.45,0.5,5.0,3.0,3.0,0.0,29.0,21.0,295
285,20.0,36:12,0.4,0.375,4.0,1.0,0.0,0.0,20.0,15.0,312
285,21.0,36:19,0.48100000000000004,0.33299999999999996,3.0,2.0,0.0,1.0,35.0,25.0,326
285,22.0,23:45,0.444,0.0,4.0,2.0,0.0,1.0,8.0,-31.0,1198
285,23.0,35:53,0.409,0.3,7.0,4.0,1.0,1.0,33.0,5.0,345
285,24.0,37:37,0.25,0.0,7.0,7.0,2.0,0.0,13.0,-4.0,360
285,25.0,39:11,0.2,0.0,6.0,5.0,0.0,0.0,13.0,-8.0,372
285,no play,,,,,,,,,,388
285,26.0,35:30,0.7140000000000001,1.0,4.0,3.0,1.0,0.0,29.0,-21.0,404
285,27.0,37:05,0.52,0.636,4.0,4.0,2.0,0.0,35.0,-7.0,421
285,28.0,29:06,0.294,0.0,8.0,3.0,1.0,0.0,15.0,3.0,439
285,29.0,38:41,0.375,0.28600000000000003,7.0,2.0,1.0,1.0,29.0,-8.0,461
285,30.0,14:48,0.444,0.5,5.0,1.0,0.0,0.0,10.0,-1.0,483
285,31.0,40:10,0.364,0.2,13.0,3.0,1.0,0.0,26.0,-9.0,500
285,32.0,18:50,0.273,0.0,1.0,3.0,0.0,0.0,7.0,-5.0,510
285,33.0,34:42,0.353,0.0,7.0,3.0,3.0,1.0,19.0,-14.0,521
285,34.0,36:55,0.435,0.4,11.0,7.0,2.0,0.0,30.0,5.0,536
285,35.0,39:02,0.4,0.8,6.0,10.0,1.0,0.0,26.0,22.0,553
285,36.0,26:53,0.429,0.25,2.0,5.0,0.0,0.0,17.0,-15.0,557
285,37.0,26:19,0.467,0.667,6.0,1.0,0.0,0.0,18.0,-15.0,573
285,38.0,36:43,0.44,0.33299999999999996,2.0,1.0,1.0,3.0,28.0,-13.0,585
285,39.0,33:30,0.526,0.33299999999999996,9.0,6.0,0.0,1.0,23.0,22.0,593
285,40.0,25:39,0.5,0.6,1.0,1.0,0.0,1.0,18.0,-25.0,612
285,41.0,34:33,0.625,0.5,7.0,2.0,1.0,0.0,30.0,-2.0,618
285,42.0,32:53,0.35700000000000004,0.33299999999999996,4.0,3.0,0.0,1.0,13.0,-1.0,635
285,43.0,35:24,0.48100000000000004,0.429,10.0,2.0,1.0,0.0,34.0,1.0,643
285,44.0,40:40,0.529,0.833,7.0,6.0,1.0,0.0,31.0,3.0,659
285,45.0,33:39,0.529,0.33299999999999996,5.0,2.0,0.0,1.0,26.0,-1.0,677
285,46.0,38:52,0.542,0.429,8.0,3.0,0.0,0.0,30.0,-15.0,693
285,47.0,35:07,0.308,0.14300000000000002,11.0,0.0,0.0,1.0,18.0,0.0,703
285,48.0,46:09,0.5,0.33299999999999996,6.0,4.0,0.0,1.0,45.0,-3.0,716
285,49.0,31:38,0.588,0.33299999999999996,5.0,0.0,0.0,0.0,26.0,-12.0,730
285,50.0,26:39,0.273,0.16699999999999998,3.0,0.0,1.0,0.0,15.0,-15.0,739
285,51.0,35:01,0.3,0.16699999999999998,6.0,2.0,2.0,1.0,17.0,-18.0,765
285,52.0,36:49,0.588,0.0,3.0,5.0,1.0,0.0,26.0,-9.0,774
285,53.0,37:17,0.5,0.429,9.0,1.0,1.0,2.0,28.0,-5.0,797
285,54.0,35:27,0.65,0.6,6.0,4.0,2.0,0.0,33.0,-13.0,806
285,55.0,39:49,0.429,0.6,7.0,2.0,0.0,0.0,25.0,4.0,823
285,56.0,38:35,0.55,0.857,4.0,4.0,1.0,2.0,30.0,-8.0,851
285,57.0,40:02,0.36,0.25,5.0,6.0,0.0,0.0,20.0,-11.0,1229
285,58.0,36:56,0.6,0.28600000000000003,6.0,2.0,0.0,1.0,37.0,1.0,1244
285,59.0,38:45,0.34600000000000003,0.222,4.0,2.0,1.0,0.0,24.0,7.0,1258
285,60.0,38:43,0.25,0.28600000000000003,8.0,2.0,2.0,0.0,17.0,18.0,856
285,61.0,35:34,0.278,0.4,6.0,2.0,2.0,2.0,18.0,5.0,870
285,62.0,35:08,0.5,0.25,6.0,2.0,0.0,2.0,15.0,-9.0,889
285,no play,,,,,,,,,,896
285,63.0,39:43,0.462,0.4,4.0,3.0,1.0,0.0,16.0,-9.0,912
285,64.0,35:46,0.444,0.5,1.0,4.0,0.0,0.0,13.0,-21.0,935
285,65.0,36:43,0.385,0.2,7.0,3.0,0.0,1.0,27.0,-3.0,946
285,66.0,41:11,0.47100000000000003,0.5,13.0,1.0,1.0,0.0,22.0,9.0,961
285,67.0,36:52,0.33299999999999996,0.0,6.0,5.0,1.0,1.0,17.0,-10.0,976
285,68.0,25:25,0.429,0.2,4.0,1.0,0.0,0.0,16.0,-14.0,1010
285,69.0,35:39,0.385,0.25,3.0,3.0,1.0,0.0,16.0,-1.0,1026
285,no play,,,,,,,,,,1031
285,no play,,,,,,,,,,1045
285,70.0,35:16,0.5329999999999999,0.6,3.0,5.0,3.0,0.0,21.0,17.0,1058
285,71.0,28:30,0.33299999999999996,0.2,7.0,1.0,0.0,0.0,9.0,-11.0,1075
285,no play,,,,,,,,,,1093
285,no play,,,,,,,,,,1102
285,72.0,37:19,0.36,0.25,8.0,2.0,0.0,0.0,23.0,2.0,1121
285,73.0,31:07,0.368,0.4,6.0,4.0,0.0,0.0,23.0,-4.0,1137
285,no play,,,,,,,,,,1142
285,no play,,,,,,,,,,1157
285,74.0,23:07,0.467,0.0,3.0,1.0,0.0,1.0,17.0,-8.0,1181
