Player_ID,G,MP,FG%,3P%,TRB,AST,STL,BLK,PTS,+/-,Game_ID
464,no play,,,,,,,,,,5
464,no play,,,,,,,,,,24
464,no play,,,,,,,,,,37
464,no play,,,,,,,,,,48
464,no play,,,,,,,,,,56
464,no play,,,,,,,,,,70
464,1.0,21:33,0.0,0.0,3.0,0.0,0.0,1.0,0.0,-12.0,84
464,2.0,20:59,0.5,0.0,3.0,2.0,1.0,0.0,9.0,13.0,98
464,3.0,23:16,0.455,0.33299999999999996,4.0,1.0,1.0,0.0,12.0,-6.0,133
464,4.0,23:08,0.5,0.0,4.0,1.0,0.0,0.0,9.0,-2.0,147
464,5.0,14:17,0.33299999999999996,0.0,2.0,1.0,0.0,1.0,4.0,14.0,163
464,6.0,23:06,0.5710000000000001,0.6,2.0,0.0,0.0,0.0,12.0,13.0,176
464,no play,,,,,,,,,,186
464,no play,,,,,,,,,,197
464,no play,,,,,,,,,,208
464,no play,,,,,,,,,,244
464,no play,,,,,,,,,,254
464,no play,,,,,,,,,,268
464,no play,,,,,,,,,,278
464,no play,,,,,,,,,,288
464,no play,,,,,,,,,,305
464,no play,,,,,,,,,,320
464,no play,,,,,,,,,,328
464,no play,,,,,,,,,,333
464,no play,,,,,,,,,,351
464,no play,,,,,,,,,,368
464,no play,,,,,,,,,,379
464,no play,,,,,,,,,,394
464,no play,,,,,,,,,,408
464,no play,,,,,,,,,,424
464,7.0,15:04,0.2,0.0,2.0,2.0,0.0,0.0,2.0,3.0,431
464,8.0,14:53,0.28600000000000003,0.0,3.0,2.0,1.0,0.0,4.0,-5.0,448
464,9.0,12:25,0.0,0.0,1.0,0.0,0.0,0.0,0.0,-19.0,467
464,no play,,,,,,,,,,477
464,10.0,15:12,0.33299999999999996,0.0,0.0,3.0,2.0,0.0,2.0,3.0,492
464,11.0,16:19,0.429,0.25,1.0,2.0,1.0,0.0,7.0,3.0,507
464,12.0,14:59,0.16699999999999998,0.0,2.0,1.0,0.0,0.0,2.0,-9.0,533
464,no play,,,,,,,,,,538
464,13.0,15:55,0.5710000000000001,0.5,1.0,0.0,1.0,0.0,10.0,-9.0,555
464,14.0,15:50,0.75,0.667,1.0,1.0,0.0,0.0,9.0,10.0,568
464,15.0,18:14,0.583,0.0,0.0,0.0,1.0,0.0,14.0,-6.0,586
464,16.0,18:41,0.14300000000000002,0.2,2.0,1.0,2.0,0.0,5.0,-11.0,600
464,17.0,18:40,0.33299999999999996,0.33299999999999996,1.0,4.0,0.0,0.0,7.0,-1.0,616
464,18.0,18:51,0.16699999999999998,0.33299999999999996,2.0,1.0,0.0,0.0,6.0,1.0,633
464,no play,,,,,,,,,,649
464,19.0,21:53,0.364,0.25,2.0,4.0,3.0,0.0,12.0,-2.0,661
464,no play,,,,,,,,,,690
464,20.0,21:11,0.33299999999999996,0.5,2.0,2.0,0.0,0.0,8.0,-7.0,708
464,no play,,,,,,,,,,713
464,21.0,20:55,0.0,,2.0,2.0,0.0,0.0,2.0,4.0,729
464,22.0,21:43,0.28600000000000003,0.0,6.0,3.0,0.0,0.0,6.0,11.0,743
464,23.0,24:50,0.5,0.0,3.0,1.0,1.0,0.0,12.0,-3.0,756
464,no play,,,,,,,,,,769
464,24.0,22:48,0.1,0.5,5.0,0.0,1.0,0.0,3.0,11.0,783
464,25.0,24:02,0.429,0.667,3.0,7.0,0.0,2.0,8.0,13.0,794
464,no play,,,,,,,,,,809
464,26.0,25:10,0.25,0.0,7.0,2.0,1.0,0.0,2.0,0.0,828
464,27.0,19:04,0.5,0.25,1.0,1.0,1.0,0.0,9.0,-6.0,846
464,28.0,19:21,0.33299999999999996,0.0,1.0,1.0,0.0,0.0,4.0,-11.0,1233
464,29.0,20:57,0.0,0.0,4.0,1.0,0.0,0.0,0.0,-10.0,1252
464,30.0,22:40,0.25,0.33299999999999996,0.0,1.0,1.0,0.0,4.0,-1.0,1268
464,31.0,23:55,0.273,0.25,4.0,0.0,0.0,0.0,7.0,-8.0,875
464,32.0,19:37,0.2,0.0,7.0,2.0,0.0,0.0,2.0,-9.0,885
464,33.0,22:07,0.5,0.667,1.0,3.0,1.0,0.0,12.0,-1.0,900
464,no play,,,,,,,,,,921
464,34.0,23:06,0.28600000000000003,0.5,2.0,3.0,1.0,1.0,5.0,-11.0,941
464,no play,,,,,,,,,,953
464,no play,,,,,,,,,,969
464,no play,,,,,,,,,,977
464,no play,,,,,,,,,,993
464,no play,,,,,,,,,,1014
464,no play,,,,,,,,,,1030
464,no play,,,,,,,,,,1054
464,no play,,,,,,,,,,1061
464,no play,,,,,,,,,,1076
464,no play,,,,,,,,,,1091
464,no play,,,,,,,,,,1104
464,no play,,,,,,,,,,1122
464,no play,,,,,,,,,,1128
464,no play,,,,,,,,,,1142
464,no play,,,,,,,,,,1162
464,no play,,,,,,,,,,1184
