Player_ID,G,MP,FG%,3P%,TRB,AST,STL,BLK,PTS,+/-,Game_ID
371,1.0,14:09,0.33299999999999996,0.4,4.0,0.0,1.0,1.0,6.0,7.0,
371,no play,,,,,,,,,,14
371,no play,,,,,,,,,,25
371,2.0,14:38,0.33299999999999996,0.33299999999999996,4.0,0.0,0.0,0.0,11.0,5.0,42
371,3.0,14:37,0.5710000000000001,1.0,1.0,0.0,1.0,1.0,11.0,10.0,64
371,4.0,18:25,0.444,0.5,2.0,2.0,2.0,0.0,12.0,1.0,76
371,5.0,26:56,0.33299999999999996,0.375,7.0,1.0,0.0,0.0,13.0,11.0,96
371,6.0,14:20,0.375,0.5,0.0,1.0,0.0,1.0,8.0,-1.0,118
371,7.0,24:44,0.467,0.5,3.0,0.0,0.0,3.0,20.0,10.0,136
371,8.0,19:37,0.7,0.625,3.0,1.0,0.0,1.0,21.0,-9.0,149
371,9.0,27:27,0.33299999999999996,0.25,5.0,2.0,0.0,2.0,8.0,-10.0,156
371,10.0,9:03,0.0,0.0,2.0,0.0,0.0,0.0,0.0,9.0,172
371,11.0,13:48,0.667,0.667,3.0,1.0,0.0,1.0,14.0,1.0,211
371,no play,,,,,,,,,,238
371,no play,,,,,,,,,,256
371,no play,,,,,,,,,,273
371,12.0,15:14,0.0,0.0,5.0,0.0,0.0,0.0,5.0,-5.0,289
371,13.0,21:06,0.833,0.5,2.0,0.0,1.0,0.0,11.0,5.0,296
371,14.0,19:04,0.429,0.4,5.0,2.0,0.0,0.0,10.0,-3.0,315
371,15.0,13:03,0.5,0.667,0.0,0.0,1.0,0.0,6.0,2.0,1198
371,no play,,,,,,,,,,338
371,no play,,,,,,,,,,349
371,16.0,14:38,0.33299999999999996,0.25,1.0,1.0,0.0,0.0,8.0,-4.0,368
371,17.0,22:37,0.0,0.0,3.0,0.0,1.0,0.0,0.0,-7.0,379
371,18.0,14:05,1.0,1.0,0.0,2.0,1.0,0.0,8.0,7.0,402
371,19.0,24:40,0.455,0.429,3.0,2.0,0.0,0.0,15.0,12.0,423
371,20.0,21:57,0.5,0.4,1.0,0.0,0.0,0.0,10.0,10.0,429
371,21.0,22:10,0.556,0.2,6.0,2.0,0.0,0.0,12.0,-9.0,444
371,22.0,16:31,0.5710000000000001,0.4,2.0,0.0,0.0,0.0,10.0,-3.0,462
371,23.0,17:50,0.5,0.6,4.0,1.0,0.0,0.0,11.0,-18.0,469
371,24.0,15:26,0.25,0.5,3.0,0.0,0.0,0.0,3.0,-9.0,493
371,25.0,17:12,0.33299999999999996,0.5,3.0,0.0,0.0,0.0,5.0,3.0,509
371,26.0,24:59,0.556,0.5710000000000001,6.0,0.0,0.0,1.0,14.0,17.0,519
371,27.0,29:56,0.545,0.5,5.0,0.0,1.0,0.0,15.0,-9.0,537
371,28.0,24:43,0.33299999999999996,0.25,5.0,0.0,4.0,1.0,5.0,-5.0,552
371,29.0,18:18,0.5,0.33299999999999996,4.0,0.0,0.0,0.0,10.0,13.0,569
371,30.0,18:30,0.16699999999999998,0.0,3.0,0.0,0.0,1.0,5.0,-12.0,581
371,31.0,12:11,0.16699999999999998,1.0,5.0,0.0,0.0,1.0,4.0,-11.0,590
371,32.0,19:10,0.429,0.4,0.0,1.0,3.0,0.0,10.0,-4.0,604
371,33.0,16:09,0.0,0.0,2.0,2.0,0.0,0.0,0.0,-17.0,624
371,34.0,29:37,0.545,0.5,10.0,2.0,1.0,0.0,18.0,16.0,641
371,35.0,16:57,0.25,0.0,4.0,0.0,0.0,0.0,8.0,-21.0,662
371,36.0,5:15,0.25,0.33299999999999996,1.0,0.0,0.0,1.0,3.0,-7.0,676
371,37.0,18:36,0.5,0.4,2.0,0.0,0.0,1.0,8.0,-2.0,685
371,38.0,18:26,0.28600000000000003,0.2,8.0,0.0,0.0,1.0,5.0,-10.0,700
371,39.0,15:05,0.5,0.0,5.0,1.0,0.0,0.0,4.0,-3.0,717
371,40.0,19:15,0.5,0.5,7.0,0.0,0.0,2.0,13.0,-2.0,728
371,41.0,21:34,0.5379999999999999,0.33299999999999996,4.0,1.0,1.0,2.0,18.0,17.0,737
371,42.0,15:31,0.556,0.5,3.0,2.0,0.0,0.0,14.0,14.0,765
371,43.0,11:39,0.5,0.33299999999999996,4.0,1.0,0.0,0.0,5.0,-1.0,775
371,44.0,11:46,0.28600000000000003,0.33299999999999996,5.0,0.0,0.0,0.0,5.0,-3.0,789
371,45.0,14:33,0.33299999999999996,0.25,6.0,1.0,0.0,1.0,7.0,2.0,802
371,46.0,11:27,0.75,0.667,1.0,0.0,0.0,0.0,8.0,4.0,817
371,47.0,32:38,0.467,0.364,10.0,1.0,0.0,2.0,21.0,17.0,838
371,48.0,30:18,0.125,0.0,8.0,2.0,0.0,0.0,4.0,13.0,841
371,49.0,26:40,0.35700000000000004,0.28600000000000003,3.0,0.0,0.0,2.0,14.0,-1.0,1229
371,50.0,32:21,0.364,0.429,5.0,2.0,1.0,0.0,11.0,-7.0,1247
371,51.0,13:44,0.16699999999999998,0.0,3.0,2.0,0.0,0.0,4.0,-1.0,1260
371,52.0,12:39,0.25,0.25,2.0,0.0,0.0,0.0,3.0,-1.0,862
371,53.0,24:30,0.5710000000000001,0.5,4.0,1.0,0.0,1.0,11.0,17.0,873
371,54.0,22:31,0.75,0.6,4.0,0.0,2.0,1.0,21.0,-12.0,882
371,55.0,13:53,0.33299999999999996,0.5,3.0,0.0,0.0,0.0,5.0,-15.0,897
371,56.0,21:57,0.7140000000000001,0.7140000000000001,9.0,0.0,1.0,0.0,15.0,18.0,920
371,57.0,16:26,0.5710000000000001,0.4,3.0,1.0,0.0,1.0,12.0,10.0,937
371,58.0,14:14,0.75,0.667,4.0,0.0,1.0,0.0,8.0,18.0,949
371,59.0,20:29,0.5,0.667,3.0,1.0,0.0,1.0,6.0,16.0,959
371,60.0,18:14,0.16699999999999998,0.2,5.0,2.0,1.0,0.0,3.0,10.0,974
371,61.0,27:34,0.4,0.28600000000000003,4.0,1.0,0.0,0.0,10.0,-20.0,991
371,62.0,12:47,0.33299999999999996,0.33299999999999996,1.0,0.0,0.0,0.0,3.0,-6.0,1003
371,63.0,21:40,0.25,0.0,5.0,1.0,0.0,0.0,4.0,0.0,1024
371,no play,,,,,,,,,,1033
371,64.0,6:19,1.0,1.0,2.0,0.0,0.0,1.0,5.0,3.0,1043
371,65.0,21:50,0.5710000000000001,0.0,3.0,0.0,2.0,0.0,8.0,-8.0,1059
371,66.0,27:54,0.667,0.5,7.0,1.0,0.0,1.0,5.0,4.0,1082
371,67.0,16:11,0.625,1.0,1.0,0.0,0.0,0.0,12.0,6.0,1088
371,68.0,18:48,0.5710000000000001,0.4,7.0,0.0,0.0,1.0,10.0,2.0,1111
371,69.0,9:58,0.0,0.0,3.0,0.0,3.0,0.0,0.0,-12.0,1117
371,70.0,17:13,0.429,0.33299999999999996,8.0,1.0,2.0,0.0,10.0,6.0,1130
371,71.0,25:39,0.6,0.33299999999999996,5.0,0.0,0.0,2.0,16.0,8.0,1140
371,72.0,24:14,0.625,0.4,8.0,0.0,1.0,2.0,12.0,12.0,1158
371,73.0,33:00,0.6,0.6,7.0,0.0,1.0,0.0,21.0,-4.0,1166
371,74.0,7:22,0.5,0.5,1.0,0.0,0.0,0.0,5.0,-2.0,1179
