Player_ID,G,MP,FG%,3P%,TRB,AST,STL,BLK,PTS,+/-,Game_ID
448,1.0,33:15,0.474,0.375,5.0,5.0,1.0,0.0,27.0,-4.0,13
448,2.0,28:56,0.375,0.33299999999999996,3.0,9.0,3.0,0.0,9.0,14.0,31
448,3.0,29:57,0.5329999999999999,0.5,5.0,8.0,2.0,0.0,24.0,21.0,41
448,4.0,32:45,0.364,0.5,11.0,9.0,6.0,0.0,15.0,-7.0,60
448,5.0,32:55,0.375,0.125,4.0,11.0,6.0,2.0,27.0,11.0,70
448,6.0,28:35,0.364,0.0,8.0,10.0,2.0,0.0,9.0,23.0,82
448,7.0,24:34,0.8,1.0,6.0,8.0,2.0,1.0,24.0,33.0,94
448,8.0,23:28,0.5,0.5,4.0,7.0,1.0,0.0,19.0,31.0,111
448,9.0,35:47,0.35700000000000004,0.33299999999999996,6.0,10.0,1.0,0.0,17.0,6.0,122
448,10.0,31:52,0.5710000000000001,0.75,4.0,8.0,2.0,0.0,19.0,17.0,131
448,11.0,25:05,0.727,0.667,4.0,9.0,5.0,0.0,21.0,37.0,148
448,12.0,33:45,0.273,0.25,2.0,6.0,5.0,0.0,9.0,2.0,163
448,13.0,32:59,0.2,0.16699999999999998,9.0,12.0,4.0,0.0,11.0,1.0,179
448,14.0,34:13,0.5,0.6,4.0,8.0,2.0,0.0,19.0,8.0,188
448,15.0,35:16,0.5710000000000001,0.375,3.0,12.0,2.0,0.0,26.0,8.0,203
448,16.0,25:38,0.6,0.5,3.0,4.0,4.0,0.0,18.0,15.0,216
448,17.0,33:09,0.222,0.25,4.0,14.0,1.0,0.0,8.0,-13.0,241
448,18.0,32:04,0.273,0.0,4.0,4.0,2.0,1.0,13.0,-15.0,260
448,19.0,44:30,0.423,0.5710000000000001,10.0,13.0,2.0,1.0,26.0,0.0,272
448,20.0,24:52,0.455,0.429,6.0,9.0,1.0,0.0,16.0,15.0,289
448,21.0,34:00,0.545,0.25,8.0,13.0,1.0,0.0,17.0,25.0,297
448,22.0,35:12,0.556,0.4,2.0,11.0,1.0,0.0,18.0,8.0,313
448,23.0,32:10,0.5,0.16699999999999998,6.0,5.0,1.0,0.0,15.0,-16.0,1201
448,24.0,29:50,0.5,0.5,5.0,20.0,3.0,0.0,20.0,23.0,355
448,25.0,36:25,0.5,0.5,5.0,14.0,2.0,0.0,21.0,5.0,366
448,26.0,31:53,0.556,0.5,2.0,10.0,2.0,0.0,16.0,2.0,376
448,27.0,34:26,0.4,0.25,5.0,6.0,0.0,0.0,17.0,0.0,397
448,28.0,37:02,0.4,0.2,4.0,12.0,2.0,0.0,13.0,-7.0,406
448,29.0,26:28,0.5,0.4,8.0,15.0,1.0,0.0,16.0,37.0,426
448,30.0,23:23,0.545,1.0,6.0,6.0,2.0,0.0,19.0,6.0,441
448,no play,,,,,,,,,,455
448,no play,,,,,,,,,,465
448,no play,,,,,,,,,,475
448,31.0,30:37,0.467,0.28600000000000003,8.0,6.0,1.0,0.0,21.0,-4.0,486
448,no play,,,,,,,,,,501
448,no play,,,,,,,,,,512
448,no play,,,,,,,,,,524
448,no play,,,,,,,,,,538
448,32.0,31:26,0.6,0.5,6.0,12.0,3.0,0.0,14.0,9.0,556
448,33.0,28:52,0.636,0.33299999999999996,6.0,18.0,2.0,0.0,19.0,23.0,566
448,34.0,32:41,0.462,0.2,7.0,6.0,4.0,0.0,18.0,10.0,589
448,35.0,30:33,0.467,0.33299999999999996,5.0,13.0,2.0,0.0,20.0,17.0,606
448,36.0,13:47,0.6,0.667,3.0,6.0,1.0,0.0,8.0,15.0,626
448,no play,,,,,,,,,,645
448,no play,,,,,,,,,,663
448,no play,,,,,,,,,,672
448,no play,,,,,,,,,,680
448,no play,,,,,,,,,,712
448,no play,,,,,,,,,,745
448,no play,,,,,,,,,,751
448,no play,,,,,,,,,,772
448,no play,,,,,,,,,,777
448,no play,,,,,,,,,,797
448,no play,,,,,,,,,,814
448,no play,,,,,,,,,,834
448,no play,,,,,,,,,,852
448,no play,,,,,,,,,,1230
448,37.0,32:51,0.429,0.667,6.0,5.0,2.0,0.0,17.0,1.0,1241
448,38.0,40:31,0.222,0.33299999999999996,9.0,17.0,1.0,0.0,15.0,19.0,1257
448,39.0,35:41,0.385,0.429,2.0,11.0,2.0,0.0,16.0,-11.0,865
448,40.0,29:23,0.636,0.833,4.0,5.0,1.0,0.0,21.0,5.0,874
448,41.0,32:31,0.5,0.5,2.0,4.0,2.0,1.0,17.0,5.0,883
448,42.0,30:09,0.5710000000000001,0.33299999999999996,5.0,4.0,3.0,0.0,23.0,1.0,905
448,43.0,32:10,0.33299999999999996,0.25,3.0,10.0,1.0,0.0,7.0,-16.0,915
448,44.0,27:18,0.5329999999999999,0.5,4.0,7.0,0.0,0.0,19.0,9.0,921
448,45.0,34:14,0.688,1.0,3.0,7.0,2.0,0.0,30.0,8.0,934
448,46.0,35:03,0.524,0.455,6.0,7.0,1.0,0.0,33.0,5.0,956
448,47.0,35:57,0.2,0.25,5.0,7.0,1.0,0.0,6.0,6.0,973
448,48.0,30:07,0.667,0.667,1.0,14.0,1.0,0.0,18.0,-1.0,978
448,49.0,27:11,0.0,0.0,4.0,7.0,0.0,0.0,5.0,20.0,991
448,50.0,28:29,0.455,0.4,5.0,13.0,1.0,0.0,13.0,18.0,1010
448,51.0,25:01,0.6,0.5,8.0,4.0,1.0,0.0,27.0,17.0,1018
448,52.0,34:42,0.462,0.2,6.0,6.0,3.0,0.0,15.0,3.0,1029
448,53.0,28:42,0.278,0.0,3.0,5.0,1.0,0.0,14.0,4.0,1042
448,54.0,31:09,0.444,0.6,4.0,9.0,1.0,1.0,17.0,9.0,1049
448,55.0,37:23,0.6,0.4,3.0,13.0,1.0,0.0,27.0,15.0,1079
448,56.0,35:17,0.588,0.25,5.0,10.0,1.0,0.0,29.0,8.0,1084
448,57.0,37:23,0.643,0.33299999999999996,4.0,12.0,0.0,0.0,29.0,21.0,1097
448,58.0,33:11,0.5710000000000001,0.6,3.0,11.0,2.0,0.0,22.0,21.0,1133
448,59.0,30:30,0.563,0.33299999999999996,8.0,8.0,3.0,1.0,19.0,3.0,1154
448,60.0,28:56,0.41700000000000004,0.667,5.0,9.0,4.0,0.0,19.0,32.0,1171
448,61.0,34:41,0.5,0.6,5.0,9.0,2.0,0.0,17.0,18.0,1189
