Player_ID,G,MP,FG%,3P%,TRB,AST,STL,BLK,PTS,+/-,Game_ID
200,1.0,14:15,0.833,,3.0,1.0,0.0,2.0,15.0,-3.0,4
200,2.0,23:13,0.5,,3.0,1.0,2.0,1.0,10.0,5.0,18
200,3.0,21:10,0.5,,9.0,1.0,0.0,2.0,7.0,-13.0,23
200,4.0,26:24,0.7140000000000001,,1.0,0.0,0.0,1.0,13.0,26.0,52
200,5.0,21:14,0.429,,6.0,6.0,2.0,1.0,10.0,5.0,68
200,6.0,22:35,0.7140000000000001,,5.0,0.0,0.0,0.0,13.0,21.0,91
200,7.0,26:40,0.5710000000000001,,3.0,2.0,0.0,0.0,12.0,-4.0,104
200,8.0,26:29,0.625,,7.0,0.0,0.0,1.0,12.0,8.0,119
200,9.0,14:02,0.0,,4.0,1.0,0.0,0.0,0.0,4.0,136
200,10.0,30:30,0.667,,9.0,1.0,0.0,1.0,14.0,25.0,151
200,11.0,31:24,0.9,,3.0,1.0,2.0,3.0,23.0,10.0,170
200,no play,,,,,,,,,,181
200,no play,,,,,,,,,,197
200,no play,,,,,,,,,,209
200,12.0,23:29,0.7,,6.0,2.0,0.0,0.0,15.0,-2.0,239
200,13.0,25:09,0.28600000000000003,,10.0,2.0,1.0,2.0,11.0,11.0,252
200,14.0,21:21,0.33299999999999996,,8.0,1.0,0.0,0.0,3.0,10.0,268
200,15.0,27:51,0.667,,10.0,0.0,1.0,1.0,8.0,-9.0,271
200,16.0,30:45,0.6,,7.0,1.0,0.0,1.0,6.0,2.0,286
200,17.0,34:44,0.429,,9.0,2.0,1.0,4.0,6.0,10.0,302
200,18.0,23:45,1.0,,2.0,1.0,0.0,1.0,12.0,4.0,322
200,19.0,32:11,0.222,,6.0,0.0,0.0,1.0,9.0,4.0,1192
200,20.0,22:26,0.8,,7.0,1.0,1.0,0.0,9.0,9.0,337
200,21.0,22:50,0.875,,9.0,2.0,2.0,0.0,17.0,3.0,349
200,22.0,31:19,0.444,,7.0,1.0,0.0,2.0,8.0,-4.0,361
200,23.0,29:51,0.857,,2.0,1.0,0.0,1.0,18.0,-4.0,375
200,24.0,27:07,0.14300000000000002,,10.0,1.0,2.0,3.0,2.0,-8.0,391
200,25.0,36:21,0.5710000000000001,,11.0,1.0,1.0,0.0,16.0,3.0,401
200,26.0,24:37,0.5,,5.0,2.0,2.0,0.0,11.0,12.0,419
200,27.0,32:10,0.556,,7.0,4.0,1.0,2.0,13.0,3.0,442
200,28.0,28:42,0.636,,9.0,2.0,1.0,0.0,15.0,0.0,468
200,29.0,23:55,0.667,,5.0,2.0,1.0,0.0,10.0,33.0,482
200,30.0,33:09,0.75,,7.0,2.0,1.0,1.0,9.0,12.0,491
200,31.0,19:10,1.0,,1.0,3.0,0.0,1.0,6.0,-9.0,509
200,no play,,,,,,,,,,522
200,no play,,,,,,,,,,534
200,no play,,,,,,,,,,543
200,32.0,32:38,0.6,,9.0,1.0,1.0,2.0,9.0,2.0,563
200,no play,,,,,,,,,,579
200,33.0,35:55,0.429,,10.0,1.0,3.0,1.0,16.0,-7.0,597
200,34.0,30:56,0.7140000000000001,,8.0,2.0,0.0,1.0,13.0,-12.0,623
200,35.0,25:16,0.429,,10.0,0.0,0.0,1.0,6.0,5.0,634
200,36.0,23:07,0.667,,3.0,1.0,0.0,0.0,11.0,18.0,647
200,37.0,30:50,0.7140000000000001,,9.0,3.0,0.0,1.0,12.0,10.0,657
200,38.0,35:07,0.5710000000000001,,9.0,2.0,3.0,2.0,13.0,-1.0,670
200,no play,,,,,,,,,,692
200,no play,,,,,,,,,,703
200,no play,,,,,,,,,,709
200,no play,,,,,,,,,,734
200,no play,,,,,,,,,,747
200,no play,,,,,,,,,,766
200,no play,,,,,,,,,,785
200,39.0,21:30,0.5,,4.0,1.0,2.0,0.0,9.0,-2.0,800
200,no play,,,,,,,,,,814
200,no play,,,,,,,,,,826
200,no play,,,,,,,,,,843
200,no play,,,,,,,,,,1227
200,no play,,,,,,,,,,1242
200,no play,,,,,,,,,,1257
200,40.0,18:22,0.5,,5.0,1.0,0.0,0.0,6.0,-3.0,1270
200,41.0,23:36,0.6,,8.0,3.0,2.0,0.0,6.0,0.0,868
200,42.0,26:29,0.4,,8.0,2.0,1.0,0.0,11.0,7.0,884
200,43.0,34:24,0.5,0.0,11.0,2.0,2.0,0.0,13.0,3.0,901
200,44.0,42:11,0.5,,4.0,2.0,0.0,2.0,8.0,7.0,911
200,45.0,31:21,0.75,,7.0,3.0,0.0,0.0,6.0,28.0,925
200,46.0,39:54,0.429,,9.0,2.0,2.0,0.0,6.0,-9.0,936
200,47.0,33:57,0.4,,7.0,2.0,1.0,2.0,11.0,19.0,951
200,48.0,26:31,0.375,,4.0,1.0,3.0,1.0,7.0,-21.0,965
200,49.0,33:12,0.8,,5.0,0.0,4.0,2.0,19.0,11.0,990
200,50.0,21:49,0.667,,5.0,0.0,2.0,0.0,8.0,-7.0,1004
200,51.0,29:28,0.7,,6.0,2.0,3.0,0.0,15.0,-4.0,1019
200,52.0,32:09,1.0,,11.0,3.0,1.0,2.0,15.0,3.0,1033
200,53.0,31:59,0.667,,7.0,2.0,4.0,0.0,16.0,27.0,1047
200,54.0,29:17,1.0,,1.0,0.0,2.0,1.0,8.0,-9.0,1063
200,55.0,26:57,0.0,,6.0,4.0,0.0,1.0,0.0,-6.0,1074
200,56.0,30:49,0.429,,9.0,3.0,1.0,3.0,8.0,6.0,1087
200,57.0,27:35,0.429,,4.0,2.0,1.0,1.0,11.0,13.0,1103
200,58.0,31:48,0.8,,10.0,1.0,0.0,1.0,10.0,7.0,1116
200,59.0,30:01,0.33299999999999996,,4.0,3.0,0.0,1.0,8.0,-17.0,1126
200,60.0,29:55,0.8,,9.0,2.0,3.0,0.0,12.0,-3.0,1150
200,61.0,27:23,0.375,,6.0,1.0,0.0,1.0,9.0,-8.0,1168
200,62.0,22:14,0.33299999999999996,,6.0,2.0,0.0,0.0,4.0,-9.0,1173
