Player_ID,G,MP,FG%,3P%,TRB,AST,STL,BLK,PTS,+/-,Game_ID
138,1.0,21:36,0.5,,4.0,2.0,1.0,0.0,6.0,12.0,3
138,2.0,20:43,0.5710000000000001,,1.0,1.0,1.0,0.0,8.0,7.0,14
138,3.0,23:36,0.375,0.0,3.0,4.0,1.0,0.0,6.0,-6.0,38
138,4.0,16:59,0.5,0.0,1.0,3.0,3.0,0.0,4.0,-1.0,51
138,5.0,12:47,0.25,0.0,4.0,3.0,0.0,0.0,2.0,3.0,67
138,6.0,17:01,0.28600000000000003,0.5,1.0,2.0,0.0,0.0,8.0,-7.0,85
138,7.0,19:29,0.5,1.0,0.0,2.0,2.0,0.0,6.0,1.0,108
138,8.0,25:13,0.5,0.667,4.0,2.0,0.0,1.0,12.0,2.0,119
138,9.0,20:12,0.0,0.0,1.0,3.0,0.0,0.0,1.0,-7.0,127
138,10.0,18:20,0.5710000000000001,0.0,1.0,2.0,0.0,0.0,9.0,-13.0,149
138,11.0,21:35,0.5710000000000001,0.0,2.0,2.0,1.0,0.0,14.0,-6.0,161
138,12.0,20:06,0.222,0.0,1.0,1.0,1.0,0.0,4.0,-11.0,177
138,13.0,21:20,0.2,0.5,2.0,2.0,0.0,0.0,3.0,1.0,192
138,14.0,17:49,0.429,,4.0,1.0,3.0,0.0,12.0,-3.0,203
138,15.0,25:12,0.545,1.0,2.0,1.0,1.0,1.0,17.0,3.0,215
138,16.0,27:04,0.364,0.33299999999999996,4.0,3.0,0.0,0.0,9.0,3.0,243
138,17.0,23:59,0.4,0.0,4.0,2.0,1.0,0.0,8.0,17.0,265
138,18.0,27:31,0.5,0.33299999999999996,8.0,3.0,0.0,0.0,16.0,16.0,278
138,19.0,24:51,0.7,0.0,2.0,4.0,0.0,0.0,14.0,21.0,294
138,20.0,23:11,0.41700000000000004,0.0,5.0,6.0,1.0,0.0,10.0,20.0,303
138,21.0,12:42,0.75,1.0,0.0,2.0,1.0,0.0,7.0,1.0,315
138,22.0,19:08,0.75,,1.0,2.0,0.0,1.0,12.0,-10.0,331
138,23.0,23:40,0.14300000000000002,0.5,1.0,0.0,0.0,0.0,6.0,-15.0,339
138,24.0,26:33,0.375,0.0,4.0,7.0,2.0,0.0,6.0,15.0,362
138,25.0,29:24,0.556,0.0,5.0,7.0,1.0,0.0,13.0,-4.0,374
138,26.0,26:47,0.583,1.0,4.0,4.0,0.0,0.0,17.0,-8.0,392
138,no play,,,,,,,,,,410
138,27.0,25:31,0.364,1.0,7.0,4.0,0.0,0.0,11.0,1.0,420
138,28.0,19:33,0.25,0.0,1.0,3.0,1.0,0.0,4.0,-9.0,452
138,29.0,23:28,0.182,0.0,2.0,1.0,1.0,0.0,6.0,3.0,474
138,30.0,16:47,0.2,0.0,4.0,4.0,1.0,0.0,4.0,-9.0,490
138,31.0,25:01,0.6,1.0,6.0,1.0,0.0,0.0,15.0,7.0,495
138,32.0,27:03,0.667,0.0,1.0,7.0,0.0,1.0,8.0,8.0,517
138,33.0,24:18,0.273,0.5,3.0,3.0,1.0,0.0,11.0,2.0,530
138,34.0,18:19,0.125,,3.0,3.0,2.0,0.0,3.0,-1.0,542
138,35.0,23:06,0.833,1.0,3.0,1.0,1.0,0.0,14.0,-5.0,559
138,36.0,22:49,0.5,,1.0,2.0,0.0,0.0,10.0,-21.0,567
138,37.0,23:45,0.4,0.5,1.0,2.0,0.0,0.0,7.0,6.0,577
138,38.0,22:18,1.0,1.0,4.0,7.0,2.0,0.0,16.0,21.0,598
138,39.0,24:31,0.222,0.0,4.0,4.0,1.0,0.0,4.0,-13.0,612
138,40.0,37:05,0.682,0.25,4.0,4.0,0.0,0.0,33.0,16.0,627
138,41.0,25:43,0.4,0.0,3.0,3.0,1.0,0.0,5.0,-1.0,632
138,42.0,21:18,0.2,0.0,2.0,1.0,0.0,0.0,2.0,-13.0,647
138,43.0,24:56,0.2,0.0,2.0,3.0,1.0,0.0,3.0,-14.0,668
138,44.0,26:06,0.833,,3.0,2.0,2.0,0.0,10.0,5.0,679
138,45.0,29:26,0.455,0.0,2.0,1.0,0.0,0.0,15.0,1.0,690
138,46.0,28:34,0.5,,2.0,5.0,2.0,0.0,6.0,-1.0,702
138,47.0,18:04,0.16699999999999998,0.5,1.0,0.0,1.0,0.0,3.0,-15.0,720
138,48.0,24:08,0.16699999999999998,,0.0,3.0,0.0,0.0,2.0,-18.0,731
138,49.0,23:14,0.4,,1.0,4.0,0.0,0.0,8.0,-9.0,738
138,50.0,6:30,0.0,,2.0,1.0,1.0,0.0,0.0,-9.0,752
138,no play,,,,,,,,,,771
138,51.0,20:27,0.444,0.0,4.0,2.0,0.0,0.0,12.0,9.0,777
138,52.0,22:07,0.33299999999999996,0.0,2.0,5.0,1.0,1.0,4.0,1.0,796
138,53.0,18:53,0.375,0.5,2.0,1.0,0.0,0.0,8.0,-17.0,824
138,54.0,27:37,0.5,1.0,5.0,1.0,1.0,0.0,10.0,-2.0,837
138,55.0,25:22,0.33299999999999996,1.0,2.0,2.0,0.0,0.0,6.0,15.0,843
138,56.0,36:23,0.41700000000000004,0.0,1.0,6.0,3.0,0.0,11.0,23.0,1234
138,57.0,33:06,0.5,1.0,1.0,6.0,1.0,0.0,14.0,2.0,1254
138,58.0,33:30,0.429,0.0,3.0,4.0,2.0,0.0,6.0,-2.0,1258
138,59.0,27:42,0.455,0.25,4.0,1.0,0.0,1.0,11.0,2.0,857
138,60.0,32:22,0.5379999999999999,,5.0,3.0,0.0,0.0,15.0,-1.0,871
138,61.0,37:25,0.455,0.5,5.0,8.0,0.0,0.0,14.0,8.0,881
138,62.0,32:02,0.364,0.16699999999999998,5.0,4.0,1.0,0.0,11.0,13.0,913
138,63.0,34:35,0.545,0.33299999999999996,2.0,8.0,4.0,0.0,15.0,-1.0,929
138,64.0,22:14,0.375,,3.0,0.0,1.0,0.0,6.0,-13.0,939
138,65.0,25:51,0.4,0.25,1.0,4.0,0.0,0.0,9.0,13.0,952
138,66.0,29:46,0.625,1.0,2.0,6.0,2.0,0.0,11.0,-30.0,975
138,67.0,35:40,0.3,0.2,7.0,6.0,0.0,1.0,9.0,20.0,983
138,68.0,30:55,0.556,1.0,4.0,9.0,1.0,1.0,11.0,9.0,1000
138,69.0,43:19,0.545,0.25,1.0,2.0,0.0,0.0,19.0,6.0,1011
138,70.0,28:53,0.375,0.33299999999999996,4.0,1.0,1.0,0.0,7.0,-4.0,1028
138,71.0,35:56,0.364,0.0,7.0,5.0,0.0,0.0,8.0,7.0,1044
138,72.0,28:32,0.6,1.0,6.0,13.0,0.0,1.0,15.0,11.0,1057
138,73.0,34:54,0.5710000000000001,0.5,7.0,5.0,2.0,2.0,18.0,11.0,1074
138,74.0,29:03,0.6,0.0,2.0,6.0,1.0,0.0,6.0,0.0,1086
138,75.0,31:44,0.444,0.33299999999999996,5.0,6.0,1.0,0.0,9.0,15.0,1108
138,76.0,31:30,0.7140000000000001,0.0,4.0,2.0,1.0,1.0,10.0,-15.0,1118
138,77.0,27:06,0.429,0.33299999999999996,5.0,1.0,1.0,1.0,15.0,1.0,1127
138,78.0,26:26,0.5,1.0,4.0,3.0,3.0,0.0,14.0,3.0,1141
138,79.0,24:55,0.33299999999999996,0.0,0.0,5.0,1.0,0.0,4.0,3.0,1157
138,80.0,6:09,0.2,,1.0,0.0,0.0,0.0,2.0,2.0,1179
