Player_ID,G,MP,FG%,3P%,TRB,AST,STL,BLK,PTS,+/-,Game_ID
88,1.0,7:45,0.5,,0.0,0.0,0.0,0.0,4.0,-7.0,11
88,2.0,19:30,0.6,,8.0,0.0,0.0,0.0,7.0,5.0,26
88,3.0,22:33,0.5,,7.0,1.0,0.0,0.0,4.0,9.0,39
88,4.0,10:06,0.0,,1.0,0.0,1.0,0.0,0.0,-5.0,57
88,5.0,9:00,1.0,,1.0,2.0,0.0,0.0,2.0,10.0,69
88,6.0,13:01,0.33299999999999996,,3.0,2.0,1.0,0.0,2.0,-1.0,79
88,7.0,6:17,1.0,,3.0,0.0,0.0,0.0,2.0,3.0,92
88,no play,,,,,,,,,,107
88,no play,,,,,,,,,,114
88,no play,,,,,,,,,,129
88,8.0,4:12,0.25,,5.0,0.0,0.0,0.0,2.0,-1.0,152
88,no play,,,,,,,,,,169
88,9.0,1:58,,,1.0,0.0,0.0,0.0,0.0,-5.0,188
88,10.0,2:14,0.0,,1.0,0.0,0.0,0.0,0.0,-8.0,194
88,no play,,,,,,,,,,206
88,11.0,7:13,0.0,,5.0,1.0,0.0,1.0,0.0,-12.0,240
88,no play,,,,,,,,,,279
88,no play,,,,,,,,,,296
88,12.0,14:41,0.33299999999999996,,4.0,0.0,0.0,1.0,3.0,-3.0,306
88,no play,,,,,,,,,,318
88,13.0,14:56,0.5,,6.0,0.0,0.0,1.0,4.0,-17.0,327
88,14.0,18:03,0.6,,7.0,0.0,0.0,0.0,9.0,-1.0,336
88,15.0,17:24,0.667,,7.0,0.0,1.0,0.0,6.0,1.0,350
88,16.0,15:07,0.5,,5.0,1.0,0.0,0.0,4.0,11.0,370
88,17.0,21:21,0.75,,6.0,0.0,1.0,0.0,7.0,-3.0,384
88,18.0,19:40,0.0,,5.0,1.0,0.0,0.0,1.0,-11.0,393
88,19.0,22:25,0.6,,7.0,2.0,1.0,1.0,6.0,8.0,414
88,20.0,7:18,1.0,,3.0,0.0,1.0,0.0,6.0,0.0,432
88,21.0,13:52,0.0,,6.0,0.0,0.0,0.0,0.0,-5.0,442
88,22.0,17:40,0.5,,3.0,2.0,0.0,0.0,8.0,3.0,463
88,23.0,11:56,0.0,,2.0,0.0,0.0,0.0,2.0,3.0,470
88,24.0,11:01,0.33299999999999996,,9.0,0.0,0.0,1.0,2.0,-8.0,485
88,25.0,22:24,0.8,,12.0,2.0,1.0,0.0,12.0,6.0,497
88,26.0,17:16,0.667,,4.0,0.0,1.0,1.0,5.0,-15.0,508
88,27.0,19:08,1.0,,5.0,4.0,0.0,0.0,4.0,6.0,522
88,28.0,11:01,0.0,,6.0,0.0,0.0,0.0,1.0,0.0,537
88,29.0,25:43,0.4,,8.0,2.0,0.0,0.0,5.0,12.0,559
88,30.0,24:00,0.833,,11.0,1.0,3.0,0.0,11.0,-2.0,574
88,31.0,14:26,0.33299999999999996,,2.0,0.0,0.0,0.0,4.0,5.0,576
88,32.0,24:28,0.667,,5.0,0.0,0.0,1.0,13.0,-4.0,593
88,33.0,21:15,1.0,,7.0,0.0,0.0,0.0,9.0,13.0,607
88,34.0,11:00,0.667,,1.0,0.0,1.0,0.0,4.0,10.0,616
88,35.0,12:13,1.0,,1.0,1.0,1.0,0.0,8.0,-8.0,629
88,36.0,11:21,0.0,,2.0,0.0,0.0,0.0,2.0,-19.0,652
88,37.0,15:14,0.5,,10.0,1.0,0.0,0.0,4.0,2.0,665
88,38.0,20:31,0.667,,10.0,0.0,0.0,0.0,12.0,10.0,682
88,39.0,19:54,1.0,,6.0,2.0,1.0,0.0,4.0,-4.0,688
88,40.0,23:03,0.75,,4.0,0.0,0.0,3.0,6.0,1.0,704
88,41.0,16:14,,,6.0,1.0,0.0,0.0,1.0,-3.0,721
88,42.0,23:43,1.0,,4.0,0.0,1.0,0.0,11.0,4.0,746
88,43.0,7:12,0.5,,0.0,0.0,0.0,1.0,2.0,-12.0,755
88,no play,,,,,,,,,,784
88,44.0,14:46,0.75,,4.0,0.0,1.0,0.0,6.0,-7.0,798
88,45.0,22:27,0.2,,6.0,2.0,0.0,2.0,3.0,-14.0,813
88,46.0,24:02,0.429,,4.0,0.0,0.0,0.0,7.0,-11.0,822
88,47.0,26:51,0.667,,6.0,1.0,2.0,0.0,10.0,11.0,837
88,48.0,15:30,0.33299999999999996,,5.0,0.0,0.0,0.0,4.0,-9.0,855
88,49.0,16:51,0.5,,6.0,0.0,0.0,0.0,5.0,0.0,1235
88,50.0,24:18,0.667,,5.0,1.0,0.0,0.0,10.0,19.0,1247
88,51.0,13:21,1.0,,3.0,0.0,0.0,0.0,9.0,-11.0,1267
88,52.0,25:35,1.0,,11.0,1.0,1.0,0.0,2.0,2.0,867
88,53.0,14:59,0.6,,5.0,2.0,1.0,0.0,7.0,-8.0,883
88,54.0,14:01,0.5,,3.0,0.0,0.0,1.0,4.0,-15.0,899
88,55.0,12:11,0.7140000000000001,,2.0,1.0,0.0,0.0,11.0,-2.0,909
88,56.0,22:06,0.4,,7.0,0.0,0.0,1.0,4.0,0.0,926
88,57.0,20:37,0.5,,4.0,0.0,1.0,0.0,10.0,-8.0,945
88,58.0,14:03,1.0,,7.0,1.0,0.0,1.0,2.0,22.0,951
88,59.0,23:58,1.0,,2.0,2.0,0.0,0.0,2.0,1.0,969
88,60.0,6:05,0.5,,4.0,1.0,1.0,0.0,2.0,-1.0,981
88,61.0,11:01,1.0,,0.0,0.0,0.0,0.0,2.0,1.0,992
88,62.0,15:32,0.667,,2.0,0.0,1.0,0.0,5.0,3.0,1011
88,no play,,,,,,,,,,1021
88,no play,,,,,,,,,,1037
88,no play,,,,,,,,,,1050
88,no play,,,,,,,,,,1082
88,no play,,,,,,,,,,1098
88,no play,,,,,,,,,,1107
88,no play,,,,,,,,,,1121
88,63.0,1:51,,,0.0,0.0,0.0,1.0,0.0,-5.0,1134
88,64.0,13:14,1.0,,6.0,0.0,0.0,0.0,6.0,0.0,1149
88,65.0,18:32,0.667,,6.0,1.0,1.0,0.0,4.0,16.0,1167
88,66.0,18:58,0.33299999999999996,,4.0,1.0,1.0,0.0,2.0,17.0,1183
