Player_ID,G,MP,FG%,3P%,TRB,AST,STL,BLK,PTS,+/-,Game_ID
136,no play,,,,,,,,,,8
136,no play,,,,,,,,,,12
136,no play,,,,,,,,,,30
136,no play,,,,,,,,,,40
136,no play,,,,,,,,,,45
136,no play,,,,,,,,,,61
136,no play,,,,,,,,,,81
136,no play,,,,,,,,,,85
136,1.0,27:34,0.444,0.33299999999999996,1.0,4.0,2.0,0.0,9.0,5.0,101
136,2.0,22:51,0.182,,2.0,9.0,2.0,0.0,6.0,-2.0,116
136,3.0,37:49,0.563,0.0,5.0,4.0,0.0,0.0,20.0,4.0,124
136,4.0,29:33,0.5710000000000001,0.0,4.0,6.0,2.0,0.0,10.0,4.0,164
136,5.0,32:31,0.636,0.5,2.0,2.0,0.0,0.0,16.0,-10.0,179
136,6.0,32:17,0.5,0.25,0.0,9.0,2.0,0.0,15.0,2.0,192
136,7.0,31:22,0.583,0.6,0.0,6.0,0.0,0.0,21.0,4.0,220
136,8.0,24:47,0.33299999999999996,0.0,3.0,4.0,2.0,0.0,8.0,-8.0,250
136,9.0,29:44,0.6,1.0,2.0,2.0,1.0,0.0,18.0,11.0,258
136,10.0,31:31,0.33299999999999996,0.0,3.0,3.0,2.0,1.0,6.0,-1.0,264
136,11.0,28:27,0.5,0.33299999999999996,0.0,3.0,2.0,0.0,13.0,-7.0,293
136,12.0,38:48,0.4,0.33299999999999996,3.0,6.0,2.0,0.0,13.0,8.0,312
136,13.0,30:21,0.5,0.5,3.0,3.0,0.0,0.0,19.0,29.0,1199
136,14.0,30:12,0.455,0.5,3.0,3.0,2.0,0.0,14.0,-5.0,345
136,15.0,31:35,0.5,0.6,1.0,2.0,1.0,0.0,17.0,-2.0,354
136,16.0,31:41,0.636,0.5710000000000001,0.0,3.0,1.0,0.0,20.0,25.0,367
136,17.0,29:28,0.2,0.0,4.0,9.0,0.0,0.0,7.0,-35.0,380
136,18.0,37:59,0.308,0.33299999999999996,2.0,6.0,1.0,0.0,11.0,0.0,394
136,19.0,24:48,0.125,0.0,1.0,3.0,0.0,0.0,2.0,-13.0,407
136,20.0,21:10,0.375,0.0,2.0,3.0,0.0,0.0,10.0,-14.0,428
136,21.0,22:08,0.444,0.0,1.0,1.0,0.0,0.0,8.0,-12.0,434
136,22.0,20:17,0.2,0.5,1.0,6.0,0.0,0.0,3.0,-2.0,450
136,23.0,27:47,0.4,0.33299999999999996,1.0,4.0,1.0,0.0,9.0,-4.0,476
136,24.0,19:59,0.28600000000000003,0.0,1.0,5.0,0.0,0.0,6.0,-5.0,489
136,25.0,38:40,0.5,0.0,4.0,2.0,0.0,0.0,16.0,-3.0,507
136,26.0,35:40,0.625,0.4,2.0,7.0,0.0,0.0,26.0,1.0,531
136,27.0,26:40,0.364,1.0,2.0,3.0,0.0,1.0,10.0,-11.0,540
136,28.0,34:55,0.5379999999999999,0.5,5.0,2.0,0.0,0.0,20.0,6.0,556
136,29.0,30:20,0.667,0.667,1.0,2.0,3.0,0.0,14.0,-15.0,570
136,30.0,27:47,0.444,0.33299999999999996,0.0,4.0,0.0,0.0,9.0,0.0,584
136,31.0,22:04,0.5,0.5,1.0,4.0,0.0,0.0,13.0,-15.0,604
136,32.0,27:29,0.778,0.667,1.0,2.0,2.0,0.0,21.0,11.0,615
136,33.0,37:05,0.5,,2.0,9.0,4.0,0.0,11.0,2.0,640
136,34.0,26:54,0.28600000000000003,0.0,3.0,4.0,0.0,0.0,4.0,-1.0,649
136,35.0,24:39,0.364,0.0,3.0,2.0,0.0,0.0,8.0,-2.0,665
136,36.0,25:36,0.8,1.0,4.0,3.0,1.0,0.0,12.0,7.0,674
136,37.0,36:09,0.5710000000000001,0.6,3.0,5.0,2.0,1.0,23.0,7.0,685
136,38.0,45:56,0.588,0.667,4.0,5.0,3.0,0.0,26.0,4.0,699
136,39.0,34:50,0.636,0.33299999999999996,0.0,2.0,0.0,1.0,17.0,5.0,709
136,40.0,24:00,0.429,0.0,0.0,2.0,1.0,0.0,8.0,-5.0,724
136,41.0,26:10,0.2,0.5,2.0,4.0,1.0,0.0,5.0,-12.0,732
136,42.0,37:32,0.5,0.75,2.0,1.0,1.0,0.0,19.0,1.0,759
136,43.0,32:42,0.615,0.0,2.0,3.0,0.0,0.0,18.0,-3.0,770
136,44.0,35:51,0.462,0.667,1.0,5.0,2.0,0.0,14.0,-10.0,784
136,45.0,37:37,0.5710000000000001,0.5,1.0,5.0,4.0,0.0,26.0,-1.0,799
136,46.0,43:45,0.5,0.4,3.0,4.0,2.0,0.0,22.0,1.0,812
136,47.0,40:55,0.43799999999999994,0.5,6.0,8.0,3.0,0.0,20.0,15.0,825
136,48.0,39:54,0.41700000000000004,0.25,5.0,8.0,0.0,0.0,13.0,-1.0,839
136,49.0,27:50,0.556,0.5,1.0,3.0,0.0,1.0,14.0,-26.0,853
136,50.0,32:03,0.385,0.667,4.0,10.0,2.0,1.0,15.0,10.0,1231
136,51.0,28:23,0.5,0.667,2.0,5.0,1.0,0.0,10.0,-12.0,1242
136,52.0,29:58,0.385,0.0,2.0,3.0,0.0,0.0,10.0,0.0,1264
136,53.0,30:54,0.5,1.0,4.0,2.0,1.0,1.0,11.0,-6.0,866
136,54.0,40:42,0.5710000000000001,0.5,3.0,5.0,1.0,0.0,18.0,2.0,892
136,55.0,25:43,0.545,1.0,1.0,5.0,0.0,0.0,17.0,-11.0,903
136,56.0,23:42,0.222,0.0,5.0,4.0,0.0,1.0,5.0,6.0,917
136,57.0,32:55,0.41700000000000004,0.0,2.0,10.0,0.0,0.0,14.0,-6.0,932
136,58.0,23:56,0.8,,1.0,5.0,1.0,0.0,8.0,-2.0,944
136,59.0,33:12,0.556,0.5,2.0,13.0,2.0,1.0,19.0,15.0,957
136,no play,,,,,,,,,,972
136,60.0,27:24,0.308,0.0,3.0,0.0,0.0,0.0,10.0,-9.0,988
136,61.0,23:42,0.125,,2.0,4.0,0.0,0.0,2.0,-9.0,1002
136,62.0,27:27,0.6,0.5,1.0,7.0,1.0,0.0,10.0,-6.0,1025
136,no play,,,,,,,,,,1041
136,63.0,28:06,0.727,,1.0,4.0,1.0,0.0,19.0,-18.0,1049
136,64.0,36:50,0.615,0.5,4.0,7.0,0.0,0.0,23.0,1.0,1061
136,65.0,22:02,0.5,,2.0,1.0,1.0,0.0,12.0,-9.0,1080
136,66.0,27:10,0.25,0.0,5.0,5.0,2.0,0.0,5.0,-6.0,1092
136,67.0,25:36,0.28600000000000003,,0.0,7.0,1.0,0.0,7.0,-10.0,1100
136,no play,,,,,,,,,,1125
136,68.0,27:59,0.625,0.5,5.0,10.0,1.0,0.0,15.0,14.0,1148
136,no play,,,,,,,,,,1161
136,no play,,,,,,,,,,1177
136,no play,,,,,,,,,,1189
