Player_ID,G,MP,FG%,3P%,TRB,AST,STL,BLK,PTS,+/-,Game_ID
481,1.0,12:00,0.667,,3.0,3.0,0.0,1.0,4.0,11.0,
481,2.0,0:19,,,0.0,0.0,0.0,0.0,0.0,0.0,14
481,no play,,,,,,,,,,25
481,3.0,0:04,,,0.0,0.0,0.0,0.0,0.0,0.0,42
481,4.0,1:07,,,0.0,0.0,0.0,0.0,0.0,-4.0,64
481,no play,,,,,,,,,,76
481,no play,,,,,,,,,,96
481,no play,,,,,,,,,,118
481,no play,,,,,,,,,,136
481,no play,,,,,,,,,,149
481,5.0,27:00,0.5,,2.0,1.0,2.0,0.0,4.0,-4.0,156
481,6.0,12:00,0.33299999999999996,,4.0,2.0,0.0,0.0,4.0,-3.0,172
481,7.0,4:01,0.5,,1.0,0.0,0.0,0.0,2.0,-8.0,211
481,8.0,12:43,0.33299999999999996,,3.0,1.0,1.0,0.0,3.0,-2.0,238
481,9.0,7:15,,,0.0,0.0,1.0,0.0,0.0,5.0,256
481,10.0,4:53,0.5,,0.0,0.0,0.0,0.0,3.0,-3.0,273
481,no play,,,,,,,,,,289
481,no play,,,,,,,,,,296
481,11.0,21:06,0.5,1.0,5.0,1.0,0.0,0.0,5.0,12.0,315
481,12.0,20:40,1.0,1.0,2.0,2.0,1.0,0.0,6.0,29.0,1198
481,13.0,25:42,0.667,,2.0,2.0,1.0,3.0,5.0,11.0,338
481,14.0,15:00,0.0,,0.0,1.0,0.0,1.0,0.0,14.0,349
481,15.0,32:19,0.14300000000000002,0.33299999999999996,5.0,4.0,2.0,1.0,3.0,9.0,368
481,16.0,24:44,0.33299999999999996,0.5,3.0,1.0,2.0,0.0,10.0,-5.0,379
481,17.0,9:39,,,1.0,1.0,0.0,0.0,0.0,-3.0,402
481,18.0,19:47,0.5,0.5,2.0,3.0,1.0,0.0,3.0,7.0,423
481,19.0,25:44,0.4,1.0,4.0,0.0,0.0,1.0,5.0,0.0,429
481,20.0,16:37,0.33299999999999996,0.5,0.0,0.0,1.0,0.0,3.0,30.0,444
481,21.0,22:03,0.0,,2.0,1.0,2.0,0.0,0.0,-9.0,462
481,22.0,18:16,0.0,0.0,1.0,1.0,0.0,0.0,0.0,9.0,469
481,23.0,20:05,0.4,0.5,0.0,1.0,0.0,0.0,8.0,9.0,493
481,24.0,26:07,0.4,0.0,2.0,3.0,1.0,0.0,4.0,3.0,509
481,25.0,18:36,0.2,0.0,3.0,1.0,3.0,0.0,2.0,-12.0,519
481,26.0,23:22,0.2,0.0,3.0,1.0,2.0,0.0,2.0,-4.0,537
481,27.0,17:49,0.5,0.33299999999999996,3.0,1.0,1.0,0.0,5.0,17.0,552
481,28.0,25:28,0.75,1.0,1.0,1.0,4.0,2.0,7.0,-4.0,569
481,29.0,18:59,0.5,0.667,2.0,1.0,1.0,1.0,6.0,0.0,581
481,30.0,18:25,0.2,0.0,1.0,0.0,1.0,1.0,2.0,-1.0,590
481,31.0,13:22,0.0,,3.0,1.0,0.0,0.0,0.0,1.0,604
481,32.0,16:44,0.0,,2.0,0.0,1.0,0.0,0.0,-17.0,624
481,33.0,17:23,0.33299999999999996,0.5,0.0,1.0,0.0,0.0,5.0,-1.0,641
481,34.0,11:58,0.5,,1.0,1.0,1.0,0.0,5.0,-15.0,662
481,35.0,7:38,0.0,,1.0,0.0,1.0,0.0,0.0,-14.0,676
481,36.0,1:16,0.0,0.0,0.0,0.0,0.0,0.0,0.0,0.0,685
481,37.0,3:06,,,0.0,1.0,0.0,0.0,0.0,-8.0,700
481,38.0,2:11,0.0,,1.0,0.0,1.0,1.0,0.0,-3.0,717
481,39.0,7:46,0.5,,1.0,1.0,1.0,0.0,2.0,7.0,728
481,40.0,3:15,,,2.0,1.0,0.0,0.0,0.0,2.0,737
481,41.0,16:32,0.5,0.0,3.0,0.0,1.0,0.0,5.0,5.0,765
481,no play,,,,,,,,,,775
481,42.0,16:02,0.75,0.5,0.0,1.0,3.0,0.0,8.0,1.0,789
481,43.0,1:07,,,0.0,0.0,0.0,0.0,0.0,1.0,802
481,44.0,22:03,0.75,0.5,5.0,5.0,3.0,1.0,9.0,11.0,817
481,no play,,,,,,,,,,838
481,45.0,2:55,,,0.0,0.0,0.0,1.0,0.0,-7.0,841
481,46.0,2:36,0.5,,2.0,0.0,0.0,0.0,2.0,0.0,1229
481,47.0,5:20,0.0,,0.0,1.0,0.0,0.0,0.0,-12.0,1247
481,no play,,,,,,,,,,1260
481,no play,,,,,,,,,,862
481,no play,,,,,,,,,,873
481,48.0,29:10,0.33299999999999996,,8.0,3.0,0.0,0.0,4.0,-11.0,882
481,49.0,0:12,,,0.0,0.0,0.0,0.0,0.0,0.0,897
481,no play,,,,,,,,,,920
481,50.0,1:32,,,1.0,0.0,0.0,0.0,0.0,-2.0,937
481,no play,,,,,,,,,,949
481,51.0,6:58,,,2.0,2.0,0.0,0.0,2.0,2.0,959
481,52.0,0:08,,,0.0,0.0,0.0,0.0,0.0,-2.0,974
481,53.0,18:19,0.33299999999999996,,3.0,2.0,4.0,0.0,2.0,-13.0,991
481,no play,,,,,,,,,,1003
481,54.0,3:54,0.0,,1.0,0.0,0.0,0.0,0.0,5.0,1024
481,no play,,,,,,,,,,1033
481,55.0,2:23,,,2.0,0.0,0.0,0.0,0.0,0.0,1043
481,56.0,7:48,0.0,,1.0,0.0,0.0,0.0,0.0,1.0,1059
481,57.0,0:24,1.0,,0.0,0.0,0.0,0.0,2.0,1.0,1082
481,58.0,17:47,0.0,0.0,6.0,1.0,2.0,0.0,0.0,0.0,1088
481,no play,,,,,,,,,,1111
481,59.0,4:17,0.0,,1.0,0.0,0.0,0.0,0.0,1.0,1117
481,60.0,4:04,0.5,,0.0,0.0,0.0,0.0,2.0,-3.0,1130
481,61.0,1:56,,,0.0,0.0,0.0,0.0,0.0,6.0,1140
481,no play,,,,,,,,,,1175
481,62.0,24:37,0.5,0.0,7.0,0.0,2.0,0.0,8.0,7.0,1184
