Player_ID,G,MP,FG%,3P%,TRB,AST,STL,BLK,PTS,+/-,Game_ID
500,no play,,,,,,,,,,
500,no play,,,,,,,,,,12
500,1.0,8:47,0.0,0.0,2.0,1.0,0.0,0.0,0.0,-4.0,28
500,no play,,,,,,,,,,33
500,2.0,0:45,,,0.0,0.0,0.0,0.0,0.0,-3.0,49
500,3.0,3:13,0.0,,0.0,1.0,0.0,0.0,2.0,-2.0,73
500,4.0,9:02,0.5,1.0,0.0,0.0,0.0,0.0,6.0,-6.0,82
500,no play,,,,,,,,,,110
500,5.0,0:40,,,0.0,0.0,0.0,0.0,0.0,2.0,123
500,no play,,,,,,,,,,130
500,6.0,0:26,,,0.0,0.0,0.0,0.0,0.0,-3.0,146
500,7.0,3:11,0.0,,1.0,1.0,0.0,0.0,0.0,-13.0,164
500,8.0,0:18,,,0.0,0.0,0.0,0.0,0.0,0.0,178
500,9.0,14:48,0.667,,2.0,4.0,0.0,0.0,4.0,-5.0,202
500,no play,,,,,,,,,,209
500,no play,,,,,,,,,,236
500,10.0,1:07,,,0.0,0.0,0.0,0.0,0.0,-3.0,251
500,11.0,3:49,0.0,0.0,1.0,1.0,0.0,0.0,2.0,1.0,275
500,no play,,,,,,,,,,282
500,no play,,,,,,,,,,299
500,no play,,,,,,,,,,319
500,no play,,,,,,,,,,329
500,no play,,,,,,,,,,336
500,no play,,,,,,,,,,353
500,no play,,,,,,,,,,383
500,no play,,,,,,,,,,387
500,no play,,,,,,,,,,412
500,no play,,,,,,,,,,425
500,12.0,8:01,0.4,,2.0,0.0,1.0,0.0,4.0,1.0,441
500,13.0,19:57,0.5,1.0,3.0,1.0,1.0,0.0,9.0,1.0,454
500,14.0,2:23,1.0,,0.0,0.0,0.0,0.0,4.0,3.0,463
500,15.0,3:13,1.0,,0.0,1.0,0.0,0.0,6.0,5.0,487
500,16.0,6:08,0.25,0.0,0.0,1.0,1.0,0.0,2.0,-7.0,504
500,no play,,,,,,,,,,513
500,17.0,8:03,0.33299999999999996,0.0,2.0,0.0,1.0,2.0,2.0,-4.0,530
500,18.0,6:25,0.33299999999999996,,0.0,3.0,0.0,0.0,2.0,6.0,547
500,19.0,4:06,0.0,,0.0,1.0,0.0,0.0,0.0,-1.0,563
500,no play,,,,,,,,,,580
500,20.0,9:57,0.6,1.0,1.0,2.0,0.0,0.0,10.0,8.0,594
500,no play,,,,,,,,,,608
500,no play,,,,,,,,,,630
500,21.0,34:28,0.636,0.6,2.0,2.0,1.0,0.0,24.0,23.0,644
500,22.0,22:04,0.7,,2.0,5.0,0.0,0.0,14.0,1.0,662
500,23.0,21:56,0.25,0.0,6.0,3.0,0.0,0.0,4.0,4.0,671
500,24.0,22:40,0.5710000000000001,,3.0,2.0,0.0,1.0,11.0,6.0,679
500,25.0,2:24,0.0,,0.0,0.0,0.0,0.0,0.0,-4.0,705
500,no play,,,,,,,,,,722
500,26.0,1:15,0.0,,0.0,0.0,0.0,0.0,0.0,-4.0,733
500,27.0,5:02,0.0,0.0,0.0,1.0,0.0,0.0,0.0,-4.0,750
500,28.0,8:55,0.4,0.0,0.0,1.0,0.0,0.0,4.0,0.0,768
500,29.0,3:24,0.0,0.0,0.0,0.0,0.0,0.0,0.0,-2.0,783
500,no play,,,,,,,,,,788
500,no play,,,,,,,,,,807
500,30.0,0:03,,,0.0,0.0,0.0,0.0,0.0,-2.0,823
500,no play,,,,,,,,,,827
500,31.0,6:26,0.5,,4.0,0.0,0.0,1.0,2.0,3.0,840
500,32.0,0:17,,,0.0,0.0,0.0,0.0,0.0,0.0,1241
500,33.0,11:15,0.0,,0.0,4.0,1.0,1.0,0.0,-7.0,1250
500,34.0,21:07,0.33299999999999996,0.33299999999999996,1.0,6.0,1.0,0.0,6.0,6.0,863
500,no play,,,,,,,,,,878
500,35.0,3:58,1.0,,1.0,1.0,0.0,0.0,2.0,6.0,886
500,no play,,,,,,,,,,902
500,36.0,12:40,0.33299999999999996,,3.0,3.0,1.0,0.0,4.0,17.0,917
500,37.0,24:03,0.33299999999999996,0.0,6.0,3.0,0.0,1.0,4.0,-18.0,922
500,no play,,,,,,,,,,940
500,no play,,,,,,,,,,954
500,no play,,,,,,,,,,971
500,no play,,,,,,,,,,993
500,no play,,,,,,,,,,1002
500,no play,,,,,,,,,,1016
500,no play,,,,,,,,,,1030
500,no play,,,,,,,,,,1045
500,no play,,,,,,,,,,1059
500,no play,,,,,,,,,,1078
500,no play,,,,,,,,,,1094
500,no play,,,,,,,,,,1106
500,no play,,,,,,,,,,1122
500,no play,,,,,,,,,,1131
500,no play,,,,,,,,,,1144
500,no play,,,,,,,,,,1154
500,no play,,,,,,,,,,1170
500,38.0,5:14,1.0,,0.0,0.0,0.0,0.0,2.0,-2.0,1188
