Player_ID,G,MP,FG%,3P%,TRB,AST,STL,BLK,PTS,+/-,Game_ID
82,no play,,,,,,,,,,3
82,no play,,,,,,,,,,14
82,no play,,,,,,,,,,38
82,no play,,,,,,,,,,51
82,no play,,,,,,,,,,67
82,no play,,,,,,,,,,85
82,no play,,,,,,,,,,108
82,no play,,,,,,,,,,119
82,no play,,,,,,,,,,127
82,no play,,,,,,,,,,149
82,no play,,,,,,,,,,161
82,no play,,,,,,,,,,177
82,no play,,,,,,,,,,192
82,no play,,,,,,,,,,203
82,no play,,,,,,,,,,215
82,no play,,,,,,,,,,243
82,no play,,,,,,,,,,265
82,no play,,,,,,,,,,278
82,no play,,,,,,,,,,294
82,no play,,,,,,,,,,303
82,no play,,,,,,,,,,315
82,no play,,,,,,,,,,331
82,no play,,,,,,,,,,339
82,no play,,,,,,,,,,362
82,no play,,,,,,,,,,374
82,no play,,,,,,,,,,392
82,no play,,,,,,,,,,410
82,no play,,,,,,,,,,420
82,no play,,,,,,,,,,452
82,no play,,,,,,,,,,474
82,no play,,,,,,,,,,490
82,no play,,,,,,,,,,495
82,no play,,,,,,,,,,517
82,no play,,,,,,,,,,530
82,no play,,,,,,,,,,542
82,no play,,,,,,,,,,559
82,no play,,,,,,,,,,567
82,no play,,,,,,,,,,577
82,no play,,,,,,,,,,598
82,no play,,,,,,,,,,612
82,no play,,,,,,,,,,627
82,no play,,,,,,,,,,632
82,no play,,,,,,,,,,647
82,no play,,,,,,,,,,668
82,no play,,,,,,,,,,679
82,no play,,,,,,,,,,690
82,no play,,,,,,,,,,702
82,no play,,,,,,,,,,720
82,no play,,,,,,,,,,731
82,no play,,,,,,,,,,738
82,no play,,,,,,,,,,752
82,no play,,,,,,,,,,771
82,no play,,,,,,,,,,777
82,no play,,,,,,,,,,796
82,no play,,,,,,,,,,824
82,1.0,9:38,0.5,0.0,1.0,1.0,0.0,0.0,2.0,5.0,837
82,2.0,27:46,0.6,0.0,1.0,2.0,2.0,1.0,11.0,11.0,843
82,3.0,11:37,0.2,,1.0,1.0,0.0,0.0,2.0,-13.0,1234
82,4.0,14:54,0.556,0.33299999999999996,2.0,1.0,0.0,0.0,11.0,4.0,1254
82,5.0,14:30,0.5,0.5,1.0,1.0,0.0,0.0,5.0,3.0,1258
82,6.0,19:58,0.5,,1.0,2.0,2.0,0.0,6.0,0.0,857
82,7.0,21:52,1.0,1.0,1.0,1.0,1.0,4.0,9.0,23.0,871
82,8.0,10:35,0.0,0.0,0.0,1.0,0.0,1.0,1.0,-15.0,881
82,9.0,11:57,0.2,0.5,5.0,1.0,1.0,0.0,3.0,-2.0,913
82,10.0,13:25,0.0,,2.0,1.0,0.0,0.0,1.0,-5.0,929
82,11.0,25:11,0.625,,3.0,3.0,3.0,0.0,13.0,2.0,939
82,12.0,20:18,0.5,0.33299999999999996,4.0,3.0,1.0,1.0,11.0,13.0,952
82,13.0,20:11,0.33299999999999996,0.0,2.0,1.0,2.0,0.0,10.0,4.0,975
82,14.0,6:07,0.0,,0.0,0.0,0.0,0.0,0.0,-3.0,983
82,15.0,24:05,0.33299999999999996,0.0,3.0,5.0,2.0,0.0,4.0,21.0,1000
82,16.0,5:24,,,1.0,0.0,0.0,0.0,0.0,-7.0,1011
82,17.0,23:45,0.5710000000000001,,7.0,3.0,2.0,0.0,13.0,26.0,1028
82,18.0,23:32,0.429,0.33299999999999996,3.0,4.0,1.0,1.0,8.0,7.0,1044
82,19.0,18:22,0.5,0.5,1.0,3.0,3.0,2.0,7.0,8.0,1057
82,20.0,14:07,0.33299999999999996,0.0,0.0,4.0,0.0,0.0,2.0,-14.0,1074
82,21.0,20:50,0.8,1.0,2.0,6.0,0.0,0.0,11.0,5.0,1086
82,22.0,26:38,0.25,,2.0,5.0,4.0,0.0,4.0,1.0,1108
82,23.0,16:30,0.667,1.0,1.0,4.0,0.0,1.0,5.0,-3.0,1118
82,24.0,8:38,,,2.0,3.0,1.0,0.0,0.0,5.0,1127
82,25.0,4:38,,,0.0,1.0,0.0,0.0,2.0,-2.0,1141
82,26.0,3:52,0.0,0.0,1.0,0.0,0.0,0.0,0.0,-4.0,1157
82,27.0,28:07,0.3,0.33299999999999996,1.0,0.0,2.0,0.0,9.0,15.0,1179
