Player_ID,G,MP,FG%,3P%,TRB,AST,STL,BLK,PTS,+/-,Game_ID
473,1.0,24:40,0.6,0.0,6.0,2.0,1.0,0.0,24.0,14.0,8
473,2.0,37:13,0.455,0.6,16.0,2.0,1.0,0.0,37.0,-2.0,12
473,3.0,32:31,0.563,0.0,7.0,4.0,1.0,0.0,29.0,14.0,30
473,4.0,31:43,0.375,0.2,12.0,1.0,0.0,1.0,14.0,-5.0,40
473,5.0,34:59,0.5,,7.0,4.0,0.0,1.0,30.0,-4.0,45
473,6.0,36:19,0.6,0.33299999999999996,7.0,4.0,2.0,1.0,33.0,-3.0,61
473,7.0,27:33,0.41700000000000004,0.0,4.0,0.0,1.0,3.0,15.0,-24.0,81
473,8.0,35:45,0.33299999999999996,0.0,14.0,4.0,1.0,3.0,22.0,6.0,85
473,9.0,32:55,0.55,0.0,4.0,4.0,2.0,2.0,28.0,6.0,101
473,10.0,35:57,0.4,0.5,9.0,4.0,2.0,0.0,28.0,0.0,116
473,11.0,38:31,0.545,0.429,9.0,3.0,1.0,2.0,33.0,-1.0,124
473,12.0,36:32,0.43799999999999994,0.25,17.0,6.0,1.0,0.0,26.0,0.0,164
473,13.0,36:44,0.414,0.28600000000000003,13.0,7.0,3.0,1.0,38.0,-5.0,179
473,14.0,30:22,0.318,0.5,10.0,4.0,0.0,0.0,19.0,10.0,192
473,15.0,34:34,0.5,0.6,13.0,2.0,0.0,0.0,36.0,7.0,220
473,16.0,30:26,0.545,0.556,9.0,1.0,0.0,5.0,32.0,-15.0,250
473,17.0,35:45,0.542,0.8,11.0,2.0,4.0,1.0,37.0,17.0,258
473,18.0,40:01,0.47100000000000003,0.16699999999999998,20.0,4.0,2.0,1.0,36.0,6.0,264
473,19.0,33:56,0.385,0.28600000000000003,9.0,3.0,1.0,4.0,28.0,0.0,293
473,20.0,43:25,0.29,0.4,13.0,4.0,1.0,3.0,36.0,1.0,312
473,21.0,32:33,0.625,1.0,13.0,7.0,0.0,3.0,24.0,34.0,1199
473,22.0,36:24,0.36,0.0,12.0,6.0,3.0,1.0,28.0,-5.0,345
473,23.0,33:55,0.318,0.16699999999999998,10.0,4.0,1.0,1.0,16.0,-15.0,354
473,24.0,34:50,0.545,0.667,17.0,5.0,2.0,3.0,31.0,30.0,367
473,no play,,,,,,,,,,380
473,25.0,35:22,0.35,0.0,9.0,1.0,0.0,1.0,22.0,6.0,394
473,26.0,34:51,0.5,0.33299999999999996,6.0,0.0,0.0,1.0,33.0,-17.0,407
473,27.0,40:35,0.607,0.625,14.0,1.0,1.0,3.0,55.0,3.0,428
473,28.0,31:24,0.278,0.33299999999999996,8.0,3.0,0.0,1.0,21.0,-4.0,434
473,29.0,36:38,0.542,0.5,7.0,7.0,4.0,2.0,32.0,13.0,450
473,30.0,34:16,0.5,0.5,7.0,5.0,3.0,2.0,30.0,-11.0,476
473,31.0,35:22,0.42100000000000004,0.5,8.0,6.0,2.0,1.0,28.0,-3.0,489
473,32.0,38:03,0.389,0.0,4.0,8.0,5.0,0.0,26.0,-8.0,507
473,33.0,34:15,0.4,0.429,6.0,6.0,0.0,1.0,31.0,-2.0,531
473,34.0,31:41,0.267,0.0,6.0,4.0,2.0,0.0,13.0,-27.0,540
473,35.0,35:35,0.474,0.375,11.0,7.0,3.0,2.0,25.0,5.0,556
473,36.0,29:18,0.364,0.33299999999999996,10.0,5.0,1.0,2.0,17.0,-14.0,570
473,37.0,30:17,0.5710000000000001,0.8,13.0,6.0,1.0,1.0,24.0,7.0,584
473,38.0,38:38,0.563,0.2,7.0,11.0,1.0,0.0,26.0,-2.0,604
473,39.0,34:18,0.4,0.16699999999999998,11.0,7.0,3.0,1.0,31.0,-3.0,615
473,40.0,38:22,0.368,0.5,12.0,10.0,1.0,3.0,25.0,3.0,640
473,41.0,28:29,0.455,0.667,10.0,2.0,0.0,1.0,19.0,-4.0,649
473,42.0,35:23,0.5710000000000001,0.28600000000000003,14.0,3.0,1.0,2.0,42.0,-6.0,665
473,43.0,32:13,0.381,0.33299999999999996,13.0,6.0,3.0,2.0,22.0,-3.0,674
473,44.0,39:26,0.36700000000000005,0.0,11.0,9.0,3.0,1.0,28.0,2.0,685
473,45.0,38:48,0.5,0.25,16.0,5.0,0.0,1.0,26.0,-12.0,699
473,46.0,34:14,0.591,1.0,18.0,4.0,0.0,1.0,35.0,11.0,709
473,47.0,32:16,0.688,0.667,15.0,5.0,1.0,1.0,46.0,-5.0,724
473,48.0,25:13,0.313,0.25,7.0,5.0,0.0,0.0,16.0,-19.0,732
473,49.0,34:21,0.375,0.429,11.0,12.0,1.0,2.0,22.0,6.0,759
473,50.0,40:04,0.433,0.0,12.0,8.0,2.0,1.0,32.0,-3.0,770
473,51.0,38:16,0.313,0.33299999999999996,14.0,5.0,1.0,1.0,18.0,-9.0,784
473,no play,,,,,,,,,,799
473,52.0,31:36,0.353,0.25,11.0,7.0,2.0,1.0,22.0,-8.0,812
473,53.0,35:47,0.5,0.0,14.0,7.0,2.0,1.0,28.0,1.0,825
473,54.0,35:59,0.542,0.28600000000000003,12.0,8.0,2.0,1.0,40.0,19.0,839
473,55.0,22:39,0.429,0.33299999999999996,4.0,6.0,0.0,1.0,13.0,-12.0,853
473,56.0,34:39,0.579,0.2,13.0,5.0,5.0,4.0,27.0,-13.0,1228
473,57.0,31:58,0.33299999999999996,0.4,15.0,6.0,3.0,0.0,12.0,-14.0,1246
473,58.0,21:17,0.5329999999999999,0.0,10.0,3.0,0.0,0.0,31.0,2.0,1256
473,no play,,,,,,,,,,861
473,59.0,42:50,0.389,0.16699999999999998,24.0,4.0,0.0,0.0,19.0,2.0,878
473,60.0,31:01,0.429,0.6,15.0,2.0,0.0,1.0,26.0,-8.0,894
473,61.0,37:36,0.33299999999999996,0.25,8.0,3.0,1.0,0.0,15.0,-2.0,904
473,62.0,39:18,0.348,0.375,10.0,3.0,1.0,2.0,25.0,-6.0,913
473,63.0,25:05,0.364,0.5,4.0,4.0,0.0,0.0,11.0,-10.0,936
473,64.0,30:12,0.409,0.0,9.0,3.0,3.0,2.0,22.0,16.0,962
473,65.0,30:12,0.47100000000000003,0.667,9.0,1.0,2.0,0.0,19.0,-15.0,967
473,no play,,,,,,,,,,984
473,66.0,31:05,0.5,0.2,11.0,4.0,3.0,0.0,15.0,12.0,999
473,67.0,36:48,0.519,0.556,16.0,2.0,2.0,2.0,41.0,22.0,1014
473,68.0,29:52,0.4,0.556,6.0,4.0,1.0,4.0,29.0,-8.0,1039
473,no play,,,,,,,,,,1055
473,no play,,,,,,,,,,1062
473,69.0,39:54,0.474,0.2,16.0,6.0,0.0,1.0,29.0,14.0,1077
473,70.0,34:32,0.5710000000000001,0.625,13.0,4.0,3.0,1.0,37.0,14.0,1092
473,71.0,41:55,0.5,0.33299999999999996,18.0,3.0,0.0,1.0,26.0,4.0,1107
473,72.0,35:59,0.455,0.375,14.0,9.0,1.0,1.0,30.0,-5.0,1119
473,no play,,,,,,,,,,1145
473,no play,,,,,,,,,,1156
473,no play,,,,,,,,,,1176
473,no play,,,,,,,,,,1191
