Player_ID,G,MP,FG%,3P%,TRB,AST,STL,BLK,PTS,+/-,Game_ID
69,1.0,34:28,0.63,0.0,4.0,1.0,1.0,0.0,40.0,21.0,3
69,2.0,38:21,0.429,0.0,7.0,2.0,2.0,0.0,32.0,0.0,14
69,3.0,38:52,0.565,0.0,5.0,1.0,1.0,0.0,33.0,0.0,38
69,4.0,37:00,0.609,0.5,5.0,5.0,2.0,0.0,40.0,10.0,51
69,5.0,36:52,0.5379999999999999,0.0,4.0,4.0,0.0,0.0,34.0,-1.0,67
69,6.0,37:46,0.35,0.5,4.0,3.0,0.0,0.0,23.0,-11.0,85
69,7.0,38:50,0.591,0.0,4.0,6.0,3.0,0.0,37.0,20.0,108
69,8.0,35:34,0.5379999999999999,0.0,3.0,3.0,2.0,0.0,34.0,-12.0,119
69,9.0,36:13,0.478,1.0,7.0,4.0,2.0,0.0,33.0,7.0,127
69,10.0,34:10,0.37,0.4,6.0,4.0,3.0,0.0,26.0,-9.0,149
69,11.0,37:57,0.444,0.25,6.0,4.0,1.0,0.0,34.0,1.0,161
69,12.0,36:24,0.48,0.0,5.0,4.0,2.0,0.0,30.0,8.0,177
69,13.0,38:45,0.2,0.0,9.0,4.0,0.0,0.0,12.0,-19.0,192
69,14.0,35:39,0.524,0.0,4.0,7.0,1.0,0.0,25.0,-11.0,203
69,15.0,36:01,0.42100000000000004,0.667,5.0,9.0,2.0,0.0,24.0,17.0,215
69,16.0,34:50,0.5,0.0,7.0,4.0,0.0,0.0,26.0,5.0,243
69,17.0,30:43,0.308,,5.0,5.0,1.0,1.0,14.0,23.0,265
69,18.0,35:30,0.667,0.667,9.0,6.0,0.0,0.0,24.0,16.0,278
69,19.0,29:28,0.33299999999999996,0.0,4.0,6.0,2.0,0.0,16.0,16.0,294
69,20.0,30:39,0.5,0.0,3.0,4.0,1.0,0.0,21.0,13.0,303
69,21.0,38:32,0.522,0.0,4.0,5.0,3.0,0.0,31.0,-5.0,315
69,22.0,36:45,0.35,1.0,8.0,5.0,0.0,0.0,27.0,5.0,331
69,23.0,37:27,0.36,0.0,5.0,2.0,0.0,0.0,24.0,14.0,339
69,24.0,32:06,0.636,1.0,3.0,3.0,0.0,0.0,30.0,-2.0,362
69,25.0,29:44,0.611,0.0,5.0,3.0,0.0,0.0,31.0,17.0,374
69,26.0,36:37,0.5770000000000001,,5.0,4.0,2.0,1.0,34.0,-8.0,392
69,27.0,30:17,0.619,0.33299999999999996,5.0,4.0,1.0,0.0,31.0,14.0,410
69,28.0,29:05,0.3,0.0,1.0,2.0,1.0,0.0,15.0,18.0,420
69,29.0,37:07,0.41700000000000004,0.0,6.0,1.0,4.0,0.0,24.0,-10.0,452
69,30.0,36:58,0.364,0.0,10.0,7.0,3.0,0.0,20.0,12.0,474
69,31.0,38:55,0.435,0.0,5.0,6.0,3.0,1.0,29.0,-15.0,490
69,32.0,34:58,0.444,0.0,3.0,2.0,0.0,0.0,24.0,-10.0,495
69,33.0,35:18,0.4,,1.0,3.0,1.0,1.0,31.0,-9.0,517
69,34.0,31:48,0.5710000000000001,,4.0,2.0,0.0,0.0,26.0,-30.0,530
69,35.0,36:33,0.308,0.0,7.0,2.0,2.0,1.0,23.0,8.0,542
69,36.0,42:56,0.435,0.0,8.0,2.0,2.0,1.0,36.0,-4.0,559
69,37.0,39:22,0.619,,6.0,5.0,0.0,1.0,36.0,8.0,567
69,38.0,37:54,0.552,0.5,13.0,0.0,2.0,0.0,41.0,19.0,577
69,39.0,29:36,0.5,0.0,4.0,2.0,0.0,0.0,28.0,1.0,598
69,40.0,28:19,0.47100000000000003,,5.0,5.0,0.0,0.0,23.0,24.0,612
69,41.0,36:59,0.46399999999999997,,11.0,6.0,1.0,0.0,36.0,3.0,627
69,42.0,38:02,0.524,,3.0,6.0,1.0,0.0,25.0,-6.0,632
69,43.0,30:33,0.47100000000000003,0.667,3.0,2.0,0.0,0.0,23.0,-29.0,647
69,44.0,36:50,0.353,0.0,3.0,4.0,1.0,1.0,22.0,-9.0,668
69,no play,,,,,,,,,,679
69,no play,,,,,,,,,,690
69,no play,,,,,,,,,,702
69,45.0,36:15,0.33299999999999996,0.0,7.0,6.0,0.0,0.0,22.0,4.0,720
69,no play,,,,,,,,,,731
69,no play,,,,,,,,,,738
69,no play,,,,,,,,,,752
69,no play,,,,,,,,,,771
69,46.0,38:17,0.5,0.667,5.0,2.0,1.0,0.0,31.0,1.0,777
69,47.0,37:32,0.48,0.25,4.0,2.0,1.0,0.0,30.0,-2.0,796
69,48.0,37:39,0.47600000000000003,0.0,7.0,2.0,0.0,1.0,26.0,6.0,824
69,49.0,37:46,0.263,0.0,5.0,3.0,1.0,0.0,18.0,-14.0,837
69,50.0,31:00,0.263,0.0,3.0,2.0,0.0,0.0,10.0,-15.0,843
69,51.0,37:08,0.536,0.33299999999999996,5.0,5.0,0.0,0.0,43.0,15.0,1234
69,52.0,36:22,0.563,0.0,6.0,2.0,2.0,1.0,33.0,9.0,1254
69,53.0,37:24,0.52,0.33299999999999996,8.0,2.0,2.0,0.0,37.0,-1.0,1258
69,54.0,33:41,0.35,,3.0,2.0,1.0,0.0,24.0,-4.0,857
69,55.0,37:55,0.588,1.0,13.0,5.0,0.0,0.0,32.0,-5.0,871
69,56.0,31:18,0.385,0.0,3.0,4.0,0.0,0.0,11.0,3.0,881
69,57.0,37:38,0.33299999999999996,0.0,2.0,6.0,3.0,0.0,14.0,9.0,913
69,58.0,36:33,0.4,0.125,8.0,6.0,2.0,0.0,28.0,-4.0,929
69,59.0,28:26,0.313,0.0,4.0,2.0,1.0,0.0,17.0,-12.0,939
69,60.0,32:29,0.588,0.5,6.0,2.0,2.0,0.0,25.0,18.0,952
69,61.0,28:49,0.5710000000000001,0.0,3.0,3.0,0.0,0.0,22.0,-25.0,975
69,62.0,36:04,0.33299999999999996,0.0,8.0,6.0,0.0,0.0,14.0,15.0,983
69,63.0,29:12,0.474,0.5,3.0,4.0,0.0,0.0,22.0,11.0,1000
69,64.0,43:29,0.447,0.2,7.0,8.0,2.0,1.0,42.0,6.0,1011
69,65.0,36:05,0.56,0.0,6.0,3.0,1.0,0.0,40.0,3.0,1028
69,66.0,36:33,0.47100000000000003,0.5,3.0,6.0,1.0,1.0,18.0,3.0,1044
69,67.0,36:25,0.619,1.0,2.0,3.0,0.0,0.0,36.0,9.0,1057
69,68.0,38:37,0.45799999999999996,0.0,6.0,8.0,0.0,0.0,28.0,8.0,1074
69,69.0,37:56,0.423,0.75,9.0,4.0,1.0,0.0,40.0,14.0,1086
69,70.0,31:05,0.545,,1.0,9.0,0.0,0.0,17.0,7.0,1108
69,71.0,40:19,0.429,0.0,3.0,2.0,3.0,0.0,27.0,-21.0,1118
69,72.0,34:22,0.294,0.0,4.0,10.0,0.0,0.0,12.0,-2.0,1127
69,73.0,37:49,0.43799999999999994,0.0,6.0,2.0,1.0,1.0,38.0,0.0,1141
69,74.0,29:21,0.733,,2.0,0.0,0.0,0.0,35.0,8.0,1157
69,no play,,,,,,,,,,1179
