Player_ID,G,MP,FG%,3P%,TRB,AST,STL,BLK,PTS,+/-,Game_ID
182,1.0,25:08,0.5,0.5,2.0,2.0,1.0,0.0,14.0,-1.0,10
182,2.0,27:36,0.5710000000000001,0.0,3.0,11.0,1.0,0.0,11.0,12.0,22
182,3.0,32:00,0.35700000000000004,0.4,3.0,5.0,0.0,0.0,17.0,11.0,40
182,4.0,28:42,0.364,0.33299999999999996,2.0,6.0,1.0,0.0,11.0,-12.0,55
182,5.0,32:35,0.43799999999999994,0.0,7.0,3.0,0.0,0.0,20.0,-5.0,66
182,6.0,32:24,0.429,0.4,3.0,10.0,1.0,0.0,17.0,4.0,80
182,7.0,32:09,0.625,0.5,2.0,6.0,0.0,0.0,28.0,2.0,96
182,8.0,31:17,0.263,0.25,7.0,3.0,0.0,0.0,13.0,-19.0,107
182,9.0,27:49,0.7,1.0,5.0,8.0,1.0,1.0,16.0,9.0,128
182,10.0,32:49,0.467,1.0,1.0,4.0,1.0,0.0,18.0,0.0,150
182,11.0,30:51,0.375,0.5,3.0,8.0,1.0,0.0,12.0,-2.0,159
182,12.0,30:56,0.41700000000000004,0.0,1.0,5.0,1.0,0.0,11.0,-10.0,170
182,13.0,21:07,0.0,0.0,2.0,3.0,0.0,0.0,1.0,-7.0,189
182,14.0,26:47,0.462,0.25,4.0,7.0,0.0,0.0,14.0,-16.0,205
182,15.0,24:55,0.273,0.33299999999999996,3.0,2.0,0.0,0.0,9.0,-15.0,212
182,16.0,27:57,0.316,0.28600000000000003,2.0,2.0,2.0,0.0,16.0,-14.0,242
182,17.0,31:49,0.33299999999999996,0.2,4.0,8.0,1.0,1.0,11.0,-6.0,263
182,18.0,34:01,0.526,0.25,1.0,6.0,2.0,1.0,24.0,0.0,270
182,19.0,36:12,0.565,0.33299999999999996,4.0,9.0,0.0,1.0,31.0,15.0,284
182,20.0,24:56,0.5379999999999999,0.5,2.0,11.0,0.0,0.0,17.0,-13.0,298
182,21.0,24:23,0.5,0.0,1.0,6.0,1.0,0.0,15.0,-18.0,303
182,22.0,33:33,0.4,0.5,6.0,8.0,2.0,0.0,17.0,-3.0,317
182,23.0,30:59,0.5329999999999999,0.5,4.0,7.0,1.0,1.0,17.0,5.0,1195
182,24.0,40:16,0.632,0.5710000000000001,3.0,4.0,1.0,1.0,33.0,11.0,340
182,25.0,34:16,0.43799999999999994,0.6,1.0,13.0,2.0,0.0,19.0,-1.0,369
182,26.0,28:49,0.667,0.5,2.0,6.0,1.0,0.0,24.0,-17.0,392
182,27.0,32:13,0.5,,4.0,6.0,0.0,0.0,12.0,-5.0,401
182,28.0,39:50,0.625,0.33299999999999996,5.0,8.0,0.0,0.0,31.0,9.0,415
182,29.0,36:50,0.47600000000000003,0.14300000000000002,1.0,7.0,0.0,0.0,21.0,-7.0,430
182,30.0,36:13,0.474,0.5,6.0,5.0,1.0,0.0,27.0,14.0,451
182,31.0,22:55,0.4,0.0,2.0,4.0,1.0,0.0,8.0,-15.0,473
182,32.0,39:46,0.524,0.33299999999999996,0.0,5.0,2.0,0.0,27.0,11.0,483
182,33.0,31:20,0.429,0.5,1.0,7.0,2.0,0.0,17.0,9.0,503
182,34.0,33:25,0.41200000000000003,0.0,1.0,10.0,0.0,1.0,16.0,-7.0,513
182,35.0,29:34,0.5379999999999999,0.0,6.0,7.0,1.0,0.0,18.0,18.0,535
182,36.0,33:00,0.444,0.4,6.0,4.0,1.0,0.0,23.0,0.0,544
182,37.0,29:15,0.467,0.6,3.0,3.0,1.0,0.0,20.0,23.0,562
182,38.0,29:36,0.5,0.5,1.0,10.0,2.0,0.0,19.0,14.0,578
182,39.0,22:36,0.182,0.0,3.0,3.0,0.0,0.0,4.0,-23.0,602
182,40.0,24:26,0.375,,2.0,6.0,0.0,0.0,6.0,-9.0,613
182,41.0,33:37,0.813,0.5,3.0,3.0,0.0,0.0,28.0,-2.0,618
182,42.0,26:53,0.455,0.0,0.0,6.0,0.0,0.0,13.0,-19.0,638
182,43.0,26:32,0.7859999999999999,0.667,3.0,6.0,1.0,0.0,25.0,15.0,652
182,44.0,30:41,0.33299999999999996,0.5,1.0,9.0,2.0,1.0,15.0,13.0,658
182,45.0,34:18,0.389,0.25,6.0,7.0,0.0,0.0,21.0,0.0,672
182,46.0,32:37,0.467,0.667,2.0,9.0,1.0,0.0,24.0,9.0,688
182,47.0,22:31,0.273,0.2,0.0,5.0,0.0,0.0,9.0,-23.0,706
182,48.0,54:42,0.36,0.25,4.0,15.0,0.0,0.0,23.0,5.0,716
182,49.0,26:01,0.455,0.0,1.0,2.0,1.0,0.0,12.0,-16.0,740
182,50.0,20:54,0.16699999999999998,0.0,2.0,3.0,0.0,0.0,5.0,-16.0,749
182,51.0,25:44,0.545,0.4,4.0,10.0,2.0,0.0,17.0,23.0,762
182,52.0,29:34,0.5329999999999999,0.0,2.0,2.0,0.0,0.0,21.0,-13.0,778
182,53.0,35:16,0.526,0.0,5.0,10.0,3.0,0.0,24.0,9.0,791
182,54.0,33:18,0.5,0.5,2.0,5.0,1.0,0.0,20.0,3.0,812
182,55.0,41:59,0.409,0.25,4.0,4.0,0.0,0.0,22.0,23.0,836
182,56.0,28:37,0.33299999999999996,0.33299999999999996,4.0,7.0,0.0,0.0,15.0,-17.0,852
182,no play,,,,,,,,,,1239
182,57.0,31:07,0.235,0.2,5.0,8.0,0.0,1.0,11.0,-10.0,1243
182,58.0,29:49,0.643,0.0,4.0,5.0,1.0,0.0,21.0,15.0,1261
182,59.0,33:07,0.5379999999999999,0.5,2.0,6.0,1.0,1.0,17.0,4.0,858
182,60.0,32:05,0.467,0.2,2.0,7.0,1.0,0.0,17.0,-10.0,873
182,61.0,36:08,0.43799999999999994,0.4,1.0,7.0,3.0,0.0,18.0,2.0,888
182,62.0,23:50,0.529,0.5710000000000001,4.0,3.0,1.0,0.0,23.0,-3.0,898
182,63.0,36:06,0.47600000000000003,0.25,2.0,5.0,3.0,0.0,31.0,6.0,910
182,64.0,35:13,0.5,0.25,6.0,5.0,0.0,0.0,26.0,2.0,929
182,65.0,28:51,0.467,0.25,7.0,8.0,3.0,0.0,16.0,22.0,941
182,66.0,37:33,0.455,0.0,2.0,10.0,2.0,0.0,22.0,-5.0,954
182,67.0,26:10,0.25,0.16699999999999998,3.0,3.0,2.0,0.0,10.0,-14.0,977
182,68.0,28:06,0.14300000000000002,0.5,3.0,7.0,4.0,0.0,8.0,-25.0,989
182,69.0,30:34,0.47100000000000003,0.429,3.0,6.0,0.0,2.0,20.0,-12.0,1004
182,70.0,34:22,0.313,0.0,2.0,6.0,0.0,1.0,18.0,7.0,1023
182,71.0,37:16,0.44,0.75,7.0,7.0,1.0,1.0,28.0,1.0,1038
182,72.0,34:38,0.41700000000000004,0.5,2.0,8.0,2.0,0.0,24.0,-1.0,1048
182,73.0,39:26,0.444,0.25,6.0,9.0,1.0,0.0,27.0,14.0,1066
182,74.0,37:42,0.375,,3.0,5.0,1.0,0.0,14.0,10.0,1071
182,75.0,36:56,0.632,0.33299999999999996,7.0,6.0,1.0,0.0,29.0,-2.0,1098
182,76.0,40:52,0.35,0.4,5.0,8.0,2.0,1.0,16.0,-8.0,1109
182,77.0,33:25,0.5,0.6,4.0,5.0,0.0,0.0,18.0,-3.0,1138
182,no play,,,,,,,,,,1140
182,78.0,27:24,0.462,0.25,3.0,5.0,1.0,1.0,13.0,-24.0,1158
182,79.0,25:29,0.6,,3.0,9.0,1.0,0.0,8.0,15.0,1173
182,no play,,,,,,,,,,1187
