Player_ID,G,MP,FG%,3P%,TRB,AST,STL,BLK,PTS,+/-,Game_ID
98,no play,,,,,,,,,,11
98,1.0,4:47,0.0,0.0,1.0,0.0,0.0,0.0,0.0,-4.0,26
98,2.0,7:01,0.33299999999999996,0.33299999999999996,0.0,0.0,0.0,1.0,3.0,5.0,39
98,3.0,6:42,0.5,1.0,0.0,0.0,0.0,0.0,3.0,-3.0,57
98,4.0,0:28,,,0.0,0.0,0.0,0.0,0.0,0.0,69
98,5.0,7:48,0.33299999999999996,0.5,2.0,1.0,0.0,0.0,4.0,9.0,79
98,6.0,6:17,0.5,1.0,1.0,0.0,0.0,0.0,3.0,3.0,92
98,no play,,,,,,,,,,107
98,no play,,,,,,,,,,114
98,no play,,,,,,,,,,129
98,7.0,16:01,0.0,0.0,4.0,2.0,0.0,0.0,0.0,0.0,152
98,8.0,15:13,0.33299999999999996,0.33299999999999996,1.0,1.0,0.0,0.0,3.0,6.0,169
98,9.0,2:26,0.0,0.0,0.0,0.0,0.0,0.0,0.0,-6.0,188
98,10.0,17:45,0.429,0.4,2.0,0.0,1.0,0.0,8.0,2.0,194
98,11.0,14:13,0.0,0.0,3.0,1.0,0.0,0.0,0.0,-9.0,206
98,12.0,22:20,0.222,0.2,3.0,0.0,1.0,0.0,5.0,-10.0,240
98,13.0,5:43,0.0,0.0,0.0,1.0,2.0,0.0,0.0,-5.0,279
98,14.0,3:43,,,0.0,0.0,0.0,0.0,0.0,3.0,296
98,15.0,19:32,0.4,0.33299999999999996,3.0,0.0,0.0,0.0,5.0,-8.0,306
98,16.0,21:52,0.16699999999999998,0.0,4.0,0.0,0.0,0.0,2.0,-10.0,318
98,no play,,,,,,,,,,327
98,no play,,,,,,,,,,336
98,17.0,5:06,0.0,,1.0,0.0,0.0,0.0,2.0,2.0,350
98,no play,,,,,,,,,,370
98,18.0,18:50,0.16699999999999998,0.25,3.0,2.0,0.0,0.0,5.0,0.0,384
98,19.0,21:57,0.28600000000000003,0.0,4.0,2.0,1.0,0.0,6.0,-18.0,393
98,20.0,12:00,0.5,0.5,4.0,0.0,0.0,0.0,3.0,-3.0,414
98,no play,,,,,,,,,,432
98,no play,,,,,,,,,,442
98,21.0,2:23,,,0.0,0.0,0.0,0.0,0.0,-3.0,463
98,no play,,,,,,,,,,470
98,no play,,,,,,,,,,485
98,no play,,,,,,,,,,497
98,22.0,2:16,0.5,0.0,0.0,0.0,1.0,0.0,2.0,-5.0,508
98,23.0,17:33,0.5,0.6,0.0,3.0,1.0,0.0,9.0,-6.0,522
98,no play,,,,,,,,,,537
98,no play,,,,,,,,,,559
98,no play,,,,,,,,,,574
98,24.0,30:09,0.467,0.455,2.0,2.0,2.0,0.0,19.0,16.0,576
98,no play,,,,,,,,,,593
98,25.0,5:25,,,0.0,0.0,0.0,0.0,0.0,1.0,607
98,26.0,10:10,0.0,0.0,0.0,1.0,1.0,0.0,0.0,10.0,616
98,no play,,,,,,,,,,629
98,27.0,24:04,0.3,0.25,6.0,1.0,3.0,2.0,8.0,15.0,652
98,no play,,,,,,,,,,665
98,no play,,,,,,,,,,682
98,no play,,,,,,,,,,688
98,no play,,,,,,,,,,704
98,no play,,,,,,,,,,721
98,no play,,,,,,,,,,746
98,no play,,,,,,,,,,755
98,no play,,,,,,,,,,784
98,28.0,20:59,0.182,0.14300000000000002,0.0,3.0,1.0,0.0,5.0,-24.0,798
98,29.0,15:24,0.5,0.0,2.0,0.0,1.0,0.0,4.0,-1.0,813
98,30.0,22:41,0.25,0.25,4.0,1.0,2.0,0.0,3.0,-15.0,822
98,31.0,15:21,0.667,0.667,2.0,1.0,0.0,0.0,6.0,-7.0,837
98,32.0,4:43,,,0.0,0.0,0.0,0.0,0.0,-7.0,855
98,33.0,34:27,0.556,0.625,5.0,5.0,3.0,0.0,15.0,23.0,1235
98,34.0,19:45,0.667,0.6,2.0,2.0,0.0,0.0,11.0,8.0,1247
98,35.0,27:24,0.429,0.2,7.0,1.0,0.0,0.0,7.0,-11.0,1267
98,36.0,14:27,0.0,0.0,2.0,2.0,0.0,0.0,0.0,-8.0,867
98,37.0,13:44,0.6,0.5,3.0,0.0,0.0,0.0,8.0,11.0,883
98,38.0,15:29,0.0,0.0,2.0,2.0,0.0,0.0,0.0,-16.0,899
98,39.0,22:43,0.25,0.25,5.0,0.0,1.0,0.0,6.0,2.0,909
98,40.0,23:09,0.375,0.33299999999999996,5.0,4.0,1.0,0.0,8.0,5.0,926
98,41.0,23:10,0.625,0.5,3.0,0.0,0.0,0.0,13.0,-9.0,945
98,42.0,27:38,0.375,0.375,5.0,2.0,0.0,0.0,11.0,15.0,951
98,43.0,27:50,0.4,0.429,7.0,3.0,1.0,0.0,11.0,1.0,969
98,44.0,31:26,0.4,0.28600000000000003,4.0,2.0,0.0,0.0,11.0,1.0,981
98,45.0,28:24,0.33299999999999996,0.429,12.0,4.0,1.0,0.0,11.0,8.0,992
98,46.0,34:45,0.14300000000000002,0.2,5.0,1.0,1.0,1.0,4.0,-17.0,1011
98,47.0,21:32,0.33299999999999996,0.5,4.0,2.0,1.0,0.0,8.0,10.0,1021
98,48.0,30:23,0.375,0.375,4.0,1.0,1.0,0.0,9.0,2.0,1037
98,49.0,23:43,0.2,0.33299999999999996,3.0,2.0,0.0,0.0,3.0,-3.0,1050
98,50.0,31:56,0.33299999999999996,0.5,6.0,1.0,1.0,0.0,12.0,-1.0,1082
98,51.0,28:10,0.455,0.375,2.0,1.0,0.0,1.0,13.0,-1.0,1098
98,52.0,26:26,0.5,0.5,3.0,1.0,1.0,1.0,8.0,12.0,1107
98,53.0,23:01,0.14300000000000002,0.2,4.0,1.0,0.0,1.0,3.0,-3.0,1121
98,54.0,18:56,0.0,0.0,3.0,1.0,0.0,0.0,0.0,3.0,1134
98,55.0,11:02,0.0,,0.0,1.0,0.0,0.0,0.0,-1.0,1149
98,56.0,10:08,1.0,1.0,2.0,1.0,0.0,0.0,6.0,15.0,1167
98,57.0,5:58,0.5,0.33299999999999996,1.0,1.0,1.0,0.0,5.0,10.0,1183
