Player_ID,G,MP,FG%,3P%,TRB,AST,STL,BLK,PTS,+/-,Game_ID
256,no play,,,,,,,,,,1
256,no play,,,,,,,,,,19
256,no play,,,,,,,,,,36
256,no play,,,,,,,,,,58
256,no play,,,,,,,,,,72
256,no play,,,,,,,,,,86
256,no play,,,,,,,,,,100
256,no play,,,,,,,,,,112
256,no play,,,,,,,,,,142
256,no play,,,,,,,,,,157
256,no play,,,,,,,,,,176
256,no play,,,,,,,,,,183
256,no play,,,,,,,,,,202
256,no play,,,,,,,,,,216
256,no play,,,,,,,,,,238
256,no play,,,,,,,,,,261
256,1.0,10:38,0.0,0.0,1.0,0.0,0.0,0.0,0.0,-6.0,282
256,2.0,11:24,0.33299999999999996,0.5,0.0,1.0,0.0,0.0,3.0,0.0,286
256,3.0,16:54,0.25,0.33299999999999996,3.0,5.0,2.0,0.0,3.0,-3.0,306
256,4.0,18:28,0.5,0.33299999999999996,3.0,2.0,2.0,0.0,7.0,-2.0,322
256,5.0,17:06,0.33299999999999996,0.0,4.0,1.0,0.0,0.0,3.0,-8.0,1199
256,6.0,16:48,0.4,0.33299999999999996,0.0,2.0,1.0,0.0,5.0,-11.0,343
256,7.0,4:23,0.0,0.0,0.0,1.0,0.0,0.0,0.0,-1.0,352
256,8.0,15:51,,,1.0,1.0,0.0,0.0,0.0,5.0,365
256,9.0,13:46,0.4,0.33299999999999996,1.0,3.0,0.0,0.0,5.0,-13.0,381
256,10.0,17:47,0.0,,1.0,0.0,2.0,0.0,2.0,-6.0,398
256,11.0,20:00,0.5,0.4,7.0,1.0,1.0,0.0,14.0,11.0,407
256,12.0,4:33,0.0,,1.0,0.0,0.0,0.0,0.0,-6.0,417
256,13.0,19:09,0.2,0.0,3.0,1.0,1.0,0.0,2.0,-13.0,436
256,14.0,11:44,0.5,0.0,1.0,1.0,0.0,1.0,4.0,-1.0,455
256,15.0,18:28,0.5,0.33299999999999996,3.0,2.0,0.0,0.0,5.0,1.0,471
256,16.0,14:18,0.33299999999999996,0.33299999999999996,1.0,0.0,0.0,0.0,3.0,0.0,479
256,17.0,21:09,0.5,0.6,1.0,2.0,0.0,0.0,14.0,4.0,496
256,18.0,17:39,0.25,0.25,2.0,2.0,0.0,0.0,4.0,-6.0,506
256,19.0,17:01,0.545,0.5710000000000001,4.0,1.0,1.0,0.0,17.0,19.0,529
256,20.0,20:12,0.6,0.667,3.0,2.0,1.0,0.0,12.0,1.0,546
256,21.0,14:43,0.375,0.16699999999999998,1.0,0.0,0.0,0.0,11.0,8.0,562
256,22.0,14:04,0.4,0.0,1.0,1.0,0.0,0.0,4.0,-11.0,575
256,23.0,15:59,0.0,0.0,1.0,0.0,0.0,0.0,2.0,-12.0,595
256,24.0,16:01,0.5,0.0,3.0,3.0,0.0,0.0,10.0,18.0,611
256,25.0,17:54,0.14300000000000002,0.0,2.0,3.0,1.0,2.0,8.0,-5.0,629
256,26.0,16:30,0.0,,0.0,2.0,0.0,0.0,0.0,-4.0,642
256,27.0,17:52,0.5,0.5,0.0,3.0,0.0,0.0,10.0,6.0,653
256,28.0,12:24,0.6,0.5,2.0,1.0,0.0,0.0,10.0,21.0,667
256,29.0,21:45,0.25,0.33299999999999996,4.0,2.0,1.0,0.0,7.0,-7.0,693
256,30.0,19:38,0.4,0.0,3.0,2.0,4.0,0.0,4.0,-4.0,695
256,31.0,18:57,0.33299999999999996,0.33299999999999996,1.0,2.0,1.0,0.0,7.0,-8.0,722
256,32.0,18:48,0.2,0.0,1.0,5.0,1.0,0.0,2.0,6.0,728
256,33.0,18:39,0.6,1.0,1.0,3.0,0.0,0.0,14.0,22.0,742
256,no play,,,,,,,,,,760
256,34.0,17:21,0.0,0.0,1.0,5.0,0.0,0.0,0.0,4.0,782
256,35.0,26:53,0.375,0.5,7.0,2.0,1.0,0.0,12.0,8.0,787
256,36.0,28:49,0.455,0.0,4.0,2.0,2.0,0.0,13.0,9.0,803
256,37.0,12:00,0.2,0.33299999999999996,3.0,1.0,0.0,0.0,5.0,12.0,819
256,38.0,19:15,0.33299999999999996,0.33299999999999996,1.0,0.0,0.0,0.0,9.0,-2.0,832
256,39.0,17:31,0.14300000000000002,0.0,3.0,2.0,1.0,0.0,6.0,-4.0,845
256,40.0,17:03,0.6,0.667,0.0,3.0,0.0,0.0,8.0,-4.0,1238
256,41.0,22:01,0.33299999999999996,0.0,5.0,4.0,3.0,0.0,8.0,15.0,1246
256,42.0,13:06,0.4,1.0,0.0,3.0,0.0,0.0,5.0,-3.0,1262
256,43.0,15:34,0.5,0.5,1.0,1.0,0.0,1.0,4.0,-1.0,858
256,44.0,15:08,0.429,0.0,1.0,6.0,0.0,0.0,6.0,1.0,875
256,45.0,17:41,0.4,0.5,2.0,7.0,1.0,0.0,7.0,8.0,893
256,46.0,13:03,0.5,0.5,0.0,4.0,1.0,0.0,7.0,11.0,907
256,47.0,14:57,0.667,0.0,1.0,3.0,0.0,0.0,5.0,0.0,931
256,48.0,22:58,0.375,0.429,3.0,2.0,0.0,1.0,14.0,-1.0,942
256,49.0,13:21,0.5,,2.0,1.0,0.0,0.0,6.0,-4.0,952
256,50.0,18:17,0.6,1.0,1.0,1.0,1.0,0.0,10.0,-10.0,964
256,51.0,14:57,0.0,0.0,3.0,2.0,1.0,1.0,1.0,-8.0,980
256,52.0,16:59,0.667,0.5,2.0,1.0,1.0,0.0,11.0,13.0,996
256,53.0,15:07,0.5,0.4,1.0,2.0,0.0,0.0,8.0,-10.0,1015
256,54.0,18:09,0.4,0.5,3.0,4.0,2.0,0.0,8.0,-15.0,1029
256,55.0,18:15,0.6,0.0,1.0,3.0,2.0,0.0,7.0,3.0,1044
256,56.0,21:01,0.5710000000000001,0.33299999999999996,6.0,1.0,2.0,1.0,12.0,23.0,1060
256,57.0,6:14,0.33299999999999996,0.0,0.0,0.0,0.0,0.0,2.0,1.0,1077
256,58.0,26:22,0.5,0.0,2.0,0.0,2.0,0.0,10.0,-12.0,1091
256,59.0,22:44,0.2,0.0,3.0,3.0,2.0,0.0,6.0,10.0,1105
256,60.0,14:48,0.6,0.33299999999999996,0.0,2.0,0.0,0.0,7.0,0.0,1125
256,61.0,21:30,0.16699999999999998,0.2,5.0,4.0,0.0,0.0,6.0,-3.0,1133
256,62.0,7:47,1.0,1.0,2.0,0.0,1.0,0.0,7.0,5.0,1144
256,63.0,8:32,0.6,0.6,1.0,1.0,0.0,0.0,9.0,1.0,1160
256,64.0,19:25,0.3,0.28600000000000003,1.0,3.0,0.0,0.0,11.0,-9.0,1175
256,65.0,19:48,0.5,0.0,2.0,8.0,1.0,0.0,15.0,11.0,1184
