Player_ID,G,MP,FG%,3P%,TRB,AST,STL,BLK,PTS,+/-,Game_ID
455,1.0,5:39,,,2.0,0.0,0.0,1.0,0.0,7.0,5
455,2.0,0:56,,,0.0,0.0,0.0,0.0,0.0,3.0,24
455,3.0,0:36,,,0.0,0.0,0.0,0.0,0.0,-3.0,37
455,4.0,26:09,0.875,,6.0,0.0,0.0,2.0,17.0,-9.0,48
455,no play,,,,,,,,,,56
455,5.0,0:25,,,0.0,0.0,0.0,0.0,0.0,-2.0,70
455,no play,,,,,,,,,,84
455,no play,,,,,,,,,,98
455,no play,,,,,,,,,,133
455,6.0,13:25,0.33299999999999996,,3.0,0.0,1.0,0.0,2.0,11.0,147
455,7.0,8:01,0.0,,3.0,0.0,0.0,0.0,0.0,10.0,163
455,8.0,1:47,,,0.0,0.0,0.0,0.0,0.0,-5.0,176
455,9.0,9:24,0.5,,3.0,0.0,0.0,0.0,3.0,9.0,186
455,10.0,1:35,0.0,,1.0,0.0,0.0,1.0,0.0,0.0,197
455,11.0,0:02,,,0.0,0.0,0.0,0.0,0.0,0.0,208
455,12.0,14:38,0.667,,5.0,0.0,0.0,2.0,4.0,0.0,244
455,13.0,11:08,1.0,,1.0,0.0,0.0,2.0,2.0,0.0,254
455,14.0,13:59,0.5,,3.0,1.0,0.0,1.0,4.0,-1.0,268
455,15.0,10:11,0.33299999999999996,,3.0,0.0,0.0,0.0,2.0,-8.0,278
455,16.0,14:02,0.5,,2.0,0.0,0.0,1.0,4.0,-4.0,288
455,17.0,7:23,0.5,,2.0,1.0,0.0,0.0,2.0,-6.0,305
455,18.0,6:29,,,1.0,0.0,0.0,1.0,0.0,-6.0,320
455,no play,,,,,,,,,,328
455,19.0,6:25,,,2.0,0.0,0.0,1.0,0.0,-3.0,333
455,20.0,1:47,,,1.0,0.0,0.0,0.0,0.0,-1.0,351
455,21.0,11:03,1.0,,4.0,0.0,0.0,0.0,6.0,3.0,368
455,no play,,,,,,,,,,379
455,no play,,,,,,,,,,394
455,no play,,,,,,,,,,408
455,no play,,,,,,,,,,424
455,no play,,,,,,,,,,431
455,no play,,,,,,,,,,448
455,no play,,,,,,,,,,467
455,no play,,,,,,,,,,477
455,no play,,,,,,,,,,492
455,no play,,,,,,,,,,507
455,no play,,,,,,,,,,533
455,no play,,,,,,,,,,538
455,no play,,,,,,,,,,555
455,no play,,,,,,,,,,568
455,no play,,,,,,,,,,586
455,no play,,,,,,,,,,600
455,no play,,,,,,,,,,616
455,no play,,,,,,,,,,633
455,22.0,3:05,0.0,,1.0,0.0,0.0,0.0,0.0,-5.0,649
455,23.0,2:59,,,2.0,0.0,0.0,0.0,0.0,-3.0,661
455,24.0,6:56,0.0,,4.0,0.0,0.0,1.0,2.0,-3.0,690
455,no play,,,,,,,,,,708
455,no play,,,,,,,,,,713
455,no play,,,,,,,,,,729
455,25.0,5:13,0.0,,2.0,0.0,0.0,1.0,0.0,-2.0,743
455,no play,,,,,,,,,,756
455,no play,,,,,,,,,,769
455,no play,,,,,,,,,,783
455,no play,,,,,,,,,,794
455,no play,,,,,,,,,,809
455,no play,,,,,,,,,,828
455,no play,,,,,,,,,,846
455,26.0,3:28,,,1.0,0.0,0.0,1.0,1.0,8.0,1233
455,no play,,,,,,,,,,1252
455,27.0,2:03,1.0,,0.0,0.0,0.0,0.0,3.0,3.0,1268
455,no play,,,,,,,,,,875
455,28.0,0:56,,,0.0,0.0,0.0,0.0,0.0,0.0,885
455,no play,,,,,,,,,,900
455,no play,,,,,,,,,,921
455,no play,,,,,,,,,,941
455,29.0,1:37,1.0,,0.0,0.0,0.0,0.0,2.0,4.0,953
455,no play,,,,,,,,,,969
455,no play,,,,,,,,,,977
455,30.0,1:09,,,0.0,0.0,0.0,0.0,0.0,-1.0,993
455,no play,,,,,,,,,,1014
455,no play,,,,,,,,,,1030
455,31.0,0:39,,,0.0,0.0,0.0,0.0,0.0,-3.0,1054
455,no play,,,,,,,,,,1061
455,32.0,9:59,0.0,,3.0,0.0,0.0,1.0,0.0,-11.0,1076
455,33.0,8:57,1.0,,2.0,0.0,0.0,0.0,2.0,2.0,1091
455,no play,,,,,,,,,,1104
455,no play,,,,,,,,,,1122
455,no play,,,,,,,,,,1128
455,34.0,1:44,0.0,,0.0,0.0,0.0,1.0,0.0,0.0,1142
455,35.0,15:19,0.5,,0.0,0.0,2.0,0.0,2.0,-15.0,1162
455,36.0,8:54,0.0,,3.0,0.0,0.0,0.0,0.0,-9.0,1184
