Player_ID,G,MP,FG%,3P%,TRB,AST,STL,BLK,PTS,+/-,Game_ID
214,1.0,33:31,0.308,0.0,6.0,4.0,0.0,0.0,9.0,5.0,0
214,2.0,34:06,0.313,0.429,7.0,3.0,1.0,0.0,13.0,-3.0,18
214,3.0,33:26,0.33299999999999996,0.667,2.0,3.0,1.0,1.0,9.0,1.0,33
214,4.0,42:22,0.5,0.33299999999999996,4.0,4.0,1.0,2.0,20.0,16.0,45
214,5.0,23:47,0.25,0.0,2.0,3.0,1.0,1.0,4.0,-16.0,67
214,6.0,26:53,0.111,0.0,1.0,4.0,1.0,0.0,2.0,-17.0,93
214,7.0,35:51,0.4,0.33299999999999996,4.0,6.0,1.0,0.0,16.0,-3.0,114
214,8.0,18:57,0.25,,1.0,1.0,0.0,0.0,4.0,-16.0,132
214,9.0,35:33,0.462,0.5,2.0,3.0,3.0,3.0,27.0,-2.0,146
214,10.0,33:41,0.278,0.2,1.0,2.0,3.0,1.0,11.0,10.0,150
214,11.0,35:18,0.455,0.0,7.0,4.0,0.0,0.0,23.0,7.0,166
214,12.0,29:04,0.43799999999999994,0.25,4.0,8.0,1.0,1.0,16.0,0.0,182
214,13.0,32:57,0.4,0.33299999999999996,3.0,5.0,0.0,1.0,19.0,-2.0,195
214,14.0,21:25,0.3,0.33299999999999996,2.0,3.0,0.0,0.0,11.0,-21.0,214
214,15.0,35:12,0.4,0.25,4.0,4.0,3.0,0.0,15.0,21.0,244
214,16.0,36:27,0.526,0.8,5.0,6.0,0.0,0.0,28.0,7.0,254
214,no play,,,,,,,,,,267
214,no play,,,,,,,,,,283
214,no play,,,,,,,,,,290
214,no play,,,,,,,,,,308
214,no play,,,,,,,,,,326
214,no play,,,,,,,,,,1195
214,no play,,,,,,,,,,338
214,no play,,,,,,,,,,350
214,no play,,,,,,,,,,363
214,no play,,,,,,,,,,377
214,no play,,,,,,,,,,397
214,no play,,,,,,,,,,411
214,no play,,,,,,,,,,422
214,no play,,,,,,,,,,440
214,no play,,,,,,,,,,449
214,no play,,,,,,,,,,478
214,no play,,,,,,,,,,491
214,no play,,,,,,,,,,499
214,no play,,,,,,,,,,514
214,no play,,,,,,,,,,532
214,17.0,9:56,0.5,0.0,1.0,1.0,0.0,0.0,4.0,-12.0,540
214,18.0,20:33,0.33299999999999996,0.0,1.0,2.0,2.0,0.0,9.0,-15.0,554
214,19.0,15:06,0.28600000000000003,0.5,2.0,0.0,0.0,0.0,8.0,-4.0,566
214,20.0,37:41,0.235,0.0,3.0,8.0,2.0,0.0,8.0,2.0,583
214,21.0,30:58,0.294,0.33299999999999996,2.0,6.0,0.0,0.0,13.0,-8.0,599
214,22.0,27:58,0.467,0.25,5.0,3.0,1.0,0.0,17.0,-5.0,628
214,23.0,31:43,0.41700000000000004,0.5,3.0,3.0,0.0,0.0,12.0,16.0,642
214,24.0,33:08,0.667,0.7140000000000001,3.0,3.0,1.0,0.0,33.0,10.0,660
214,25.0,32:57,0.65,0.75,5.0,4.0,1.0,0.0,33.0,5.0,673
214,26.0,36:13,0.556,0.667,5.0,8.0,0.0,0.0,24.0,-1.0,687
214,27.0,33:58,0.33299999999999996,0.6,5.0,1.0,1.0,0.0,19.0,7.0,704
214,28.0,34:25,0.368,0.111,3.0,7.0,0.0,0.0,17.0,0.0,710
214,29.0,35:47,0.389,0.5,5.0,9.0,0.0,1.0,19.0,10.0,725
214,30.0,29:49,0.6,0.5,7.0,3.0,2.0,2.0,20.0,33.0,740
214,31.0,26:15,0.7,0.833,1.0,7.0,2.0,1.0,21.0,28.0,764
214,32.0,33:23,0.308,0.0,3.0,5.0,2.0,2.0,12.0,-5.0,781
214,no play,,,,,,,,,,793
214,no play,,,,,,,,,,805
214,no play,,,,,,,,,,816
214,33.0,34:14,0.526,0.2,2.0,6.0,2.0,0.0,23.0,-16.0,829
214,34.0,36:30,0.47100000000000003,0.444,10.0,7.0,0.0,0.0,23.0,11.0,847
214,35.0,30:42,0.316,0.4,3.0,10.0,1.0,2.0,14.0,29.0,1239
214,36.0,31:22,0.5329999999999999,0.5,2.0,3.0,2.0,0.0,22.0,9.0,1245
214,37.0,32:40,0.33299999999999996,0.4,3.0,6.0,2.0,0.0,12.0,-7.0,1262
214,38.0,24:16,0.583,0.0,4.0,2.0,0.0,0.0,15.0,6.0,859
214,39.0,19:57,0.091,0.0,2.0,4.0,0.0,0.0,3.0,-18.0,872
214,40.0,23:39,0.3,0.4,1.0,2.0,1.0,0.0,8.0,10.0,882
214,41.0,35:19,0.5,0.556,2.0,5.0,0.0,1.0,29.0,4.0,897
214,42.0,26:58,0.5,0.5,3.0,5.0,1.0,0.0,24.0,-4.0,911
214,43.0,33:13,0.6,0.667,1.0,5.0,1.0,1.0,20.0,6.0,939
214,44.0,36:01,0.444,0.429,8.0,6.0,0.0,0.0,20.0,-3.0,947
214,45.0,29:18,0.33299999999999996,0.16699999999999998,1.0,3.0,2.0,0.0,14.0,3.0,967
214,46.0,11:45,1.0,,2.0,3.0,0.0,0.0,6.0,6.0,985
214,no play,,,,,,,,,,1001
214,no play,,,,,,,,,,1013
214,no play,,,,,,,,,,1028
214,no play,,,,,,,,,,1053
214,no play,,,,,,,,,,1067
214,no play,,,,,,,,,,1075
214,no play,,,,,,,,,,1093
214,no play,,,,,,,,,,1110
214,no play,,,,,,,,,,1126
214,no play,,,,,,,,,,1141
214,no play,,,,,,,,,,1153
214,no play,,,,,,,,,,1166
214,no play,,,,,,,,,,1182
