Player_ID,G,MP,FG%,3P%,TRB,AST,STL,BLK,PTS,+/-,Game_ID
144,1.0,16:21,0.4,0.33299999999999996,4.0,0.0,0.0,0.0,5.0,-10.0,7
144,2.0,17:29,0.667,,4.0,0.0,0.0,0.0,8.0,-6.0,17
144,3.0,6:48,0.0,,0.0,0.0,1.0,1.0,0.0,-6.0,35
144,4.0,16:50,0.667,0.667,2.0,1.0,1.0,0.0,6.0,6.0,60
144,5.0,26:54,0.5,1.0,6.0,3.0,1.0,1.0,13.0,-8.0,65
144,6.0,24:11,0.33299999999999996,0.0,5.0,5.0,0.0,1.0,6.0,9.0,75
144,7.0,30:17,0.385,0.5710000000000001,10.0,1.0,0.0,0.0,15.0,13.0,93
144,8.0,27:32,0.5,0.33299999999999996,1.0,4.0,1.0,0.0,7.0,-1.0,108
144,9.0,27:47,0.8,0.8,1.0,2.0,0.0,0.0,12.0,-3.0,122
144,10.0,18:04,0.16699999999999998,0.25,2.0,1.0,0.0,0.0,3.0,-4.0,137
144,11.0,23:10,0.2,0.33299999999999996,1.0,0.0,0.0,0.0,3.0,-4.0,143
144,12.0,28:04,0.8,0.0,3.0,3.0,0.0,0.0,8.0,11.0,160
144,13.0,25:48,0.33299999999999996,0.0,3.0,0.0,1.0,2.0,6.0,13.0,174
144,14.0,20:18,0.3,0.2,6.0,0.0,2.0,0.0,7.0,-21.0,191
144,15.0,21:47,0.33299999999999996,0.5,4.0,3.0,1.0,0.0,3.0,11.0,207
144,16.0,14:33,0.667,,0.0,3.0,1.0,0.0,4.0,-9.0,220
144,17.0,28:20,0.7140000000000001,1.0,6.0,1.0,1.0,0.0,13.0,1.0,246
144,18.0,23:57,0.25,0.5,3.0,1.0,1.0,0.0,3.0,19.0,253
144,19.0,15:59,0.4,1.0,1.0,0.0,0.0,0.0,5.0,-8.0,266
144,20.0,18:37,1.0,,3.0,2.0,2.0,1.0,10.0,5.0,280
144,21.0,24:32,0.4,1.0,2.0,0.0,2.0,1.0,5.0,8.0,311
144,22.0,19:17,0.4,0.0,1.0,2.0,1.0,1.0,4.0,12.0,317
144,23.0,24:28,0.2,0.33299999999999996,3.0,1.0,0.0,0.0,3.0,-7.0,341
144,24.0,16:50,0.33299999999999996,0.0,5.0,1.0,0.0,2.0,4.0,-6.0,357
144,25.0,20:20,0.5,1.0,9.0,0.0,0.0,1.0,5.0,-1.0,373
144,26.0,15:56,0.5,0.5,4.0,2.0,0.0,0.0,7.0,-13.0,382
144,27.0,23:45,0.33299999999999996,1.0,4.0,0.0,1.0,1.0,9.0,10.0,399
144,28.0,12:54,0.0,0.0,4.0,0.0,0.0,0.0,0.0,-7.0,415
144,29.0,12:11,0.33299999999999996,0.5,4.0,1.0,0.0,0.0,3.0,-1.0,433
144,30.0,24:46,0.727,0.667,1.0,1.0,1.0,0.0,20.0,0.0,445
144,31.0,19:35,0.2,0.0,7.0,0.0,0.0,1.0,3.0,-7.0,464
144,32.0,25:46,0.5,0.0,4.0,0.0,1.0,0.0,6.0,-3.0,478
144,33.0,21:09,0.2,0.0,3.0,3.0,0.0,2.0,2.0,-13.0,492
144,34.0,24:54,0.4,0.25,4.0,2.0,0.0,2.0,9.0,16.0,512
144,35.0,25:49,0.0,0.0,2.0,1.0,1.0,0.0,0.0,11.0,518
144,36.0,17:11,0.25,,3.0,0.0,0.0,0.0,2.0,-8.0,534
144,37.0,22:17,0.6,,3.0,1.0,1.0,2.0,6.0,1.0,545
144,38.0,19:24,0.28600000000000003,0.0,5.0,1.0,1.0,0.0,9.0,5.0,560
144,39.0,21:47,0.2,0.0,5.0,1.0,0.0,0.0,5.0,-8.0,574
144,40.0,10:48,0.0,,2.0,1.0,0.0,0.0,0.0,-2.0,586
144,41.0,21:15,0.273,0.0,6.0,0.0,0.0,0.0,7.0,2.0,601
144,42.0,27:40,0.375,0.0,3.0,1.0,0.0,0.0,7.0,-9.0,615
144,43.0,27:12,0.5710000000000001,0.667,0.0,4.0,2.0,0.0,10.0,-6.0,626
144,44.0,15:04,0.667,1.0,2.0,0.0,1.0,0.0,5.0,-12.0,639
144,45.0,18:06,0.0,0.0,3.0,2.0,0.0,0.0,0.0,1.0,678
144,46.0,28:17,0.5710000000000001,0.0,6.0,0.0,0.0,0.0,8.0,12.0,691
144,47.0,29:03,0.75,1.0,5.0,0.0,1.0,0.0,10.0,5.0,695
144,48.0,25:36,0.5,0.0,5.0,0.0,0.0,0.0,12.0,-13.0,717
144,49.0,35:00,0.455,0.5,10.0,0.0,2.0,1.0,13.0,-4.0,733
144,50.0,22:21,0.1,0.0,5.0,0.0,0.0,0.0,2.0,-22.0,746
144,51.0,11:13,0.25,0.0,1.0,0.0,0.0,0.0,2.0,-9.0,756
144,52.0,34:08,0.0,0.0,7.0,0.0,0.0,2.0,2.0,14.0,773
144,53.0,10:20,0.0,,2.0,1.0,0.0,0.0,0.0,0.0,776
144,54.0,20:34,0.444,0.0,2.0,0.0,0.0,0.0,8.0,0.0,802
144,55.0,25:37,0.429,0.0,4.0,3.0,1.0,1.0,9.0,6.0,818
144,56.0,23:26,0.273,0.0,7.0,1.0,0.0,0.0,6.0,-24.0,831
144,57.0,23:31,0.375,0.0,6.0,0.0,1.0,0.0,6.0,2.0,851
144,58.0,23:26,0.5710000000000001,0.5,3.0,2.0,0.0,2.0,9.0,26.0,1237
144,59.0,8:19,0.667,0.0,1.0,0.0,0.0,0.0,4.0,-7.0,1256
144,60.0,11:26,0.25,0.0,1.0,1.0,1.0,0.0,2.0,8.0,1269
144,61.0,10:27,0.5,0.0,1.0,1.0,0.0,1.0,2.0,-7.0,869
144,62.0,13:10,0.8,1.0,3.0,0.0,1.0,0.0,11.0,0.0,877
144,63.0,19:54,0.2,0.0,7.0,1.0,0.0,0.0,3.0,-8.0,893
144,64.0,20:47,0.429,0.0,4.0,0.0,0.0,0.0,8.0,1.0,906
144,65.0,20:19,0.375,0.0,2.0,2.0,0.0,1.0,6.0,7.0,922
144,66.0,11:39,1.0,,2.0,2.0,0.0,0.0,2.0,-4.0,933
144,67.0,22:05,0.33299999999999996,,1.0,1.0,0.0,2.0,4.0,17.0,960
144,68.0,19:05,0.429,1.0,6.0,2.0,0.0,0.0,8.0,-8.0,975
144,69.0,26:16,0.25,0.25,4.0,3.0,1.0,0.0,6.0,10.0,988
144,70.0,11:50,0.5,0.0,4.0,0.0,0.0,0.0,4.0,7.0,1009
144,71.0,18:01,0.2,,6.0,2.0,1.0,0.0,3.0,9.0,1022
144,72.0,9:45,0.0,,2.0,1.0,0.0,0.0,0.0,-5.0,1051
144,no play,,,,,,,,,,1060
144,73.0,10:38,0.33299999999999996,1.0,2.0,0.0,0.0,0.0,4.0,-6.0,1072
144,74.0,32:48,0.6,0.0,4.0,0.0,1.0,0.0,9.0,11.0,1094
144,75.0,12:46,0.4,1.0,1.0,0.0,0.0,0.0,5.0,3.0,1103
144,76.0,16:05,0.5,1.0,5.0,1.0,0.0,1.0,11.0,18.0,1120
144,77.0,10:06,0.5,0.5,1.0,0.0,0.0,1.0,5.0,7.0,1128
144,78.0,8:37,0.667,0.5,0.0,0.0,0.0,0.0,6.0,-6.0,1147
144,79.0,12:30,0.0,0.0,3.0,0.0,1.0,1.0,0.0,-5.0,1159
144,80.0,32:21,0.375,0.2,9.0,3.0,1.0,0.0,19.0,8.0,1174
144,81.0,14:23,0.125,0.0,2.0,0.0,2.0,0.0,2.0,-2.0,1186
