Player_ID,G,MP,FG%,3P%,TRB,AST,STL,BLK,PTS,+/-,Game_ID
382,1.0,11:57,0.8,0.667,2.0,0.0,0.0,0.0,10.0,10.0,8
382,2.0,7:16,0.0,,1.0,0.0,1.0,1.0,0.0,-3.0,17
382,3.0,3:23,0.0,0.0,0.0,0.0,0.0,0.0,0.0,-4.0,32
382,4.0,6:52,0.0,,1.0,2.0,1.0,0.0,0.0,1.0,41
382,no play,,,,,,,,,,59
382,no play,,,,,,,,,,71
382,no play,,,,,,,,,,88
382,5.0,23:01,0.444,0.5,2.0,1.0,0.0,1.0,10.0,19.0,99
382,6.0,8:07,0.0,0.0,0.0,0.0,0.0,0.0,0.0,-3.0,109
382,7.0,7:38,0.667,0.5,1.0,0.0,0.0,0.0,5.0,-7.0,135
382,8.0,14:15,1.0,1.0,2.0,0.0,0.0,1.0,5.0,7.0,139
382,9.0,2:26,0.0,0.0,0.0,1.0,0.0,0.0,0.0,-4.0,162
382,no play,,,,,,,,,,171
382,10.0,11:33,0.33299999999999996,0.0,1.0,0.0,0.0,1.0,2.0,0.0,185
382,no play,,,,,,,,,,196
382,11.0,13:04,0.33299999999999996,1.0,4.0,0.0,0.0,2.0,3.0,7.0,210
382,12.0,7:28,0.5,0.5,1.0,0.0,0.0,0.0,3.0,7.0,247
382,13.0,13:35,0.0,0.0,1.0,0.0,0.0,0.0,0.0,-10.0,257
382,14.0,11:46,0.0,0.0,1.0,0.0,0.0,0.0,0.0,6.0,284
382,15.0,24:33,0.667,0.5,4.0,1.0,0.0,1.0,10.0,-19.0,309
382,16.0,28:16,0.2,0.2,3.0,1.0,0.0,0.0,3.0,8.0,330
382,17.0,10:49,,,3.0,0.0,1.0,0.0,0.0,-6.0,1200
382,18.0,7:53,0.33299999999999996,0.0,0.0,0.0,0.0,1.0,2.0,-10.0,344
382,19.0,5:54,0.0,0.0,1.0,0.0,0.0,0.0,0.0,-3.0,359
382,20.0,8:11,0.33299999999999996,0.33299999999999996,0.0,0.0,0.0,0.0,3.0,-1.0,372
382,21.0,11:59,0.25,0.33299999999999996,3.0,1.0,0.0,0.0,3.0,3.0,387
382,22.0,9:36,0.0,0.0,3.0,0.0,0.0,2.0,0.0,10.0,399
382,no play,,,,,,,,,,416
382,23.0,2:19,,,0.0,0.0,1.0,0.0,0.0,3.0,435
382,no play,,,,,,,,,,453
382,24.0,26:38,0.455,0.25,13.0,2.0,3.0,2.0,11.0,10.0,472
382,25.0,26:32,1.0,1.0,4.0,1.0,1.0,1.0,10.0,-9.0,487
382,26.0,10:39,0.33299999999999996,0.33299999999999996,3.0,0.0,0.0,0.0,3.0,-2.0,495
382,27.0,20:40,0.5,0.5,1.0,0.0,0.0,1.0,7.0,-2.0,511
382,28.0,4:46,0.0,,2.0,0.0,0.0,0.0,0.0,-10.0,524
382,29.0,16:27,0.2,0.0,2.0,1.0,0.0,0.0,2.0,4.0,532
382,30.0,12:53,0.0,0.0,1.0,0.0,0.0,0.0,0.0,4.0,546
382,31.0,11:55,0.4,0.33299999999999996,3.0,1.0,1.0,1.0,5.0,-9.0,569
382,32.0,8:08,0.33299999999999996,0.5,1.0,0.0,0.0,1.0,5.0,3.0,595
382,33.0,20:33,0.5,0.667,6.0,1.0,0.0,0.0,6.0,6.0,608
382,34.0,24:44,0.5,0.33299999999999996,4.0,0.0,0.0,2.0,5.0,4.0,625
382,35.0,17:33,0.2,0.2,1.0,1.0,0.0,1.0,3.0,-9.0,641
382,36.0,10:23,0.0,0.0,1.0,0.0,0.0,0.0,0.0,-1.0,659
382,37.0,4:15,0.0,,1.0,1.0,0.0,0.0,0.0,0.0,668
382,no play,,,,,,,,,,684
382,no play,,,,,,,,,,697
382,no play,,,,,,,,,,714
382,no play,,,,,,,,,,729
382,38.0,13:28,0.33299999999999996,0.33299999999999996,5.0,2.0,0.0,0.0,5.0,1.0,745
382,no play,,,,,,,,,,759
382,no play,,,,,,,,,,767
382,no play,,,,,,,,,,780
382,no play,,,,,,,,,,794
382,no play,,,,,,,,,,813
382,no play,,,,,,,,,,820
382,no play,,,,,,,,,,835
382,no play,,,,,,,,,,850
382,no play,,,,,,,,,,1235
382,no play,,,,,,,,,,1251
382,no play,,,,,,,,,,1268
382,no play,,,,,,,,,,868
382,no play,,,,,,,,,,877
382,no play,,,,,,,,,,890
382,no play,,,,,,,,,,908
382,no play,,,,,,,,,,924
382,no play,,,,,,,,,,942
382,no play,,,,,,,,,,948
382,no play,,,,,,,,,,972
382,no play,,,,,,,,,,986
382,no play,,,,,,,,,,998
382,no play,,,,,,,,,,1013
382,no play,,,,,,,,,,1027
382,no play,,,,,,,,,,1036
382,no play,,,,,,,,,,1047
382,no play,,,,,,,,,,1066
382,no play,,,,,,,,,,1084
382,no play,,,,,,,,,,1101
382,39.0,14:09,0.444,0.33299999999999996,7.0,0.0,0.0,1.0,9.0,0.0,1113
382,40.0,11:13,0.0,0.0,1.0,0.0,0.0,0.0,0.0,-19.0,1132
382,41.0,10:17,0.25,0.0,1.0,1.0,0.0,1.0,2.0,0.0,1147
382,42.0,35:13,0.4,0.16699999999999998,8.0,3.0,1.0,1.0,9.0,1.0,1160
382,43.0,21:21,0.182,0.0,4.0,2.0,0.0,0.0,5.0,-8.0,1177
