Player_ID,G,MP,FG%,3P%,TRB,AST,STL,BLK,PTS,+/-,Game_ID
213,1.0,32:25,0.389,0.667,6.0,5.0,0.0,1.0,22.0,15.0,11
213,2.0,21:04,0.5710000000000001,,5.0,2.0,2.0,0.0,14.0,16.0,26
213,3.0,28:45,0.385,0.33299999999999996,3.0,4.0,3.0,1.0,12.0,11.0,39
213,4.0,35:19,0.385,0.0,1.0,4.0,2.0,0.0,15.0,-10.0,57
213,5.0,33:20,0.6,0.7140000000000001,10.0,1.0,0.0,0.0,35.0,-24.0,69
213,6.0,21:35,0.111,0.0,1.0,0.0,1.0,0.0,4.0,-15.0,79
213,7.0,24:58,0.583,0.0,3.0,4.0,2.0,2.0,16.0,19.0,92
213,8.0,33:58,0.588,0.4,3.0,3.0,5.0,0.0,25.0,-8.0,107
213,9.0,32:24,0.294,0.0,7.0,4.0,1.0,0.0,13.0,3.0,114
213,10.0,29:49,0.294,0.0,2.0,2.0,1.0,1.0,14.0,1.0,129
213,11.0,31:03,0.444,,5.0,5.0,2.0,0.0,19.0,19.0,152
213,12.0,33:08,0.41200000000000003,0.0,2.0,1.0,0.0,1.0,18.0,14.0,169
213,13.0,35:48,0.45,0.556,9.0,3.0,1.0,2.0,28.0,-1.0,188
213,no play,,,,,,,,,,194
213,14.0,34:39,0.429,0.5,3.0,2.0,1.0,1.0,22.0,0.0,206
213,15.0,28:55,0.611,0.33299999999999996,5.0,2.0,3.0,1.0,26.0,19.0,240
213,16.0,30:17,0.467,0.0,4.0,6.0,2.0,0.0,17.0,-2.0,279
213,17.0,36:35,0.478,0.25,5.0,4.0,2.0,0.0,24.0,0.0,296
213,no play,,,,,,,,,,306
213,18.0,35:32,0.478,0.33299999999999996,4.0,3.0,1.0,2.0,34.0,9.0,318
213,19.0,33:47,0.385,0.0,3.0,8.0,1.0,0.0,19.0,-2.0,327
213,20.0,34:05,0.385,0.33299999999999996,5.0,5.0,1.0,1.0,20.0,-4.0,336
213,21.0,35:18,0.45799999999999996,0.0,3.0,3.0,1.0,2.0,28.0,5.0,350
213,22.0,32:18,0.308,0.33299999999999996,5.0,8.0,2.0,1.0,12.0,17.0,370
213,23.0,33:08,0.615,0.0,3.0,6.0,1.0,1.0,20.0,-28.0,384
213,24.0,24:21,0.35700000000000004,0.5,5.0,1.0,1.0,0.0,12.0,-22.0,393
213,25.0,22:13,0.6,,4.0,4.0,1.0,0.0,13.0,26.0,414
213,26.0,32:14,0.35,0.0,3.0,3.0,1.0,1.0,19.0,-11.0,432
213,27.0,26:10,0.313,0.0,7.0,2.0,2.0,0.0,12.0,-9.0,442
213,28.0,28:23,0.563,0.33299999999999996,3.0,6.0,1.0,0.0,24.0,-16.0,463
213,29.0,32:30,0.42100000000000004,0.0,3.0,5.0,2.0,2.0,21.0,11.0,470
213,30.0,22:14,0.385,0.0,4.0,1.0,0.0,1.0,16.0,-12.0,485
213,31.0,30:19,0.444,0.5,2.0,5.0,2.0,0.0,20.0,-13.0,497
213,32.0,25:01,0.231,0.25,5.0,5.0,1.0,1.0,8.0,-14.0,508
213,no play,,,,,,,,,,522
213,33.0,27:19,0.33299999999999996,0.75,4.0,4.0,2.0,0.0,10.0,-7.0,537
213,34.0,38:54,0.316,0.5,4.0,7.0,1.0,1.0,20.0,6.0,559
213,35.0,27:31,0.467,0.667,4.0,6.0,0.0,1.0,22.0,-1.0,574
213,no play,,,,,,,,,,576
213,36.0,32:58,0.45,0.0,3.0,3.0,2.0,0.0,22.0,-12.0,593
213,37.0,31:33,0.375,0.25,5.0,5.0,2.0,0.0,22.0,18.0,607
213,no play,,,,,,,,,,616
213,38.0,34:36,0.381,0.0,5.0,2.0,0.0,1.0,17.0,-19.0,629
213,39.0,20:06,0.2,0.0,2.0,3.0,1.0,0.0,4.0,-18.0,652
213,40.0,35:16,0.45,0.0,6.0,4.0,4.0,4.0,30.0,-11.0,665
213,41.0,33:42,0.391,1.0,7.0,3.0,7.0,1.0,21.0,6.0,682
213,42.0,30:49,0.583,0.0,4.0,2.0,2.0,1.0,33.0,1.0,688
213,43.0,28:02,0.353,,6.0,3.0,2.0,0.0,15.0,-5.0,704
213,44.0,26:17,0.5,,6.0,6.0,3.0,0.0,14.0,0.0,721
213,45.0,24:25,0.583,0.0,7.0,7.0,2.0,0.0,18.0,32.0,746
213,46.0,36:08,0.364,0.5,9.0,6.0,0.0,0.0,19.0,-9.0,755
213,47.0,30:23,0.667,,6.0,3.0,1.0,2.0,31.0,15.0,784
213,no play,,,,,,,,,,798
213,48.0,28:04,0.43799999999999994,0.33299999999999996,6.0,3.0,0.0,2.0,18.0,-8.0,813
213,no play,,,,,,,,,,822
213,no play,,,,,,,,,,837
213,no play,,,,,,,,,,855
213,49.0,32:30,0.47100000000000003,0.0,4.0,3.0,2.0,2.0,23.0,-7.0,1235
213,50.0,34:05,0.5,0.33299999999999996,9.0,10.0,0.0,0.0,20.0,10.0,1247
213,51.0,28:18,0.5710000000000001,1.0,4.0,6.0,0.0,0.0,19.0,-16.0,1267
213,52.0,33:33,0.33299999999999996,0.0,5.0,3.0,2.0,0.0,12.0,15.0,867
213,53.0,32:41,0.182,1.0,6.0,3.0,1.0,0.0,10.0,-8.0,883
213,no play,,,,,,,,,,899
213,no play,,,,,,,,,,909
213,54.0,24:51,0.5,0.16699999999999998,3.0,2.0,2.0,0.0,21.0,-26.0,926
213,55.0,25:36,0.364,0.0,3.0,0.0,2.0,0.0,8.0,-37.0,945
213,56.0,31:31,0.5329999999999999,0.0,1.0,5.0,2.0,1.0,23.0,-16.0,951
213,57.0,22:34,0.273,0.5,3.0,4.0,0.0,0.0,8.0,-3.0,969
213,no play,,,,,,,,,,981
213,no play,,,,,,,,,,992
213,no play,,,,,,,,,,1011
213,no play,,,,,,,,,,1021
213,no play,,,,,,,,,,1037
213,no play,,,,,,,,,,1050
213,no play,,,,,,,,,,1082
213,no play,,,,,,,,,,1098
213,no play,,,,,,,,,,1107
213,no play,,,,,,,,,,1121
213,no play,,,,,,,,,,1134
213,58.0,24:34,0.455,0.0,7.0,2.0,0.0,1.0,14.0,2.0,1149
213,59.0,21:54,0.5,,6.0,2.0,0.0,2.0,13.0,13.0,1167
213,60.0,22:29,0.33299999999999996,,2.0,4.0,0.0,0.0,7.0,13.0,1183
