Player_ID,G,MP,FG%,3P%,TRB,AST,STL,BLK,PTS,+/-,Game_ID
304,1.0,24:07,0.667,,7.0,1.0,0.0,1.0,6.0,21.0,
304,2.0,12:33,0.0,,3.0,0.0,1.0,0.0,0.0,-19.0,13
304,3.0,13:16,1.0,,2.0,1.0,1.0,0.0,4.0,-3.0,29
304,4.0,15:38,0.0,,3.0,1.0,0.0,1.0,0.0,-21.0,50
304,5.0,15:24,0.33299999999999996,,6.0,0.0,1.0,2.0,2.0,-5.0,59
304,6.0,9:12,1.0,,3.0,0.0,0.0,0.0,2.0,-8.0,72
304,7.0,13:10,0.0,,4.0,0.0,0.0,0.0,2.0,3.0,84
304,8.0,16:38,0.5,,2.0,0.0,0.0,0.0,2.0,-10.0,99
304,9.0,1:40,,,0.0,0.0,0.0,0.0,0.0,-1.0,111
304,10.0,10:35,0.33299999999999996,,2.0,0.0,0.0,0.0,5.0,-4.0,124
304,11.0,21:23,0.25,,7.0,1.0,1.0,2.0,2.0,-4.0,140
304,12.0,18:51,0.8,,9.0,0.0,0.0,0.0,9.0,-6.0,152
304,13.0,12:20,0.0,,6.0,0.0,1.0,0.0,1.0,-6.0,167
304,14.0,21:11,0.25,,11.0,2.0,0.0,0.0,2.0,-7.0,173
304,15.0,19:18,0.0,,6.0,3.0,0.0,2.0,3.0,-2.0,190
304,16.0,33:22,0.778,,10.0,0.0,0.0,2.0,14.0,-1.0,204
304,17.0,17:54,0.25,,3.0,2.0,0.0,0.0,4.0,-18.0,211
304,18.0,28:02,0.667,,6.0,0.0,1.0,1.0,9.0,13.0,248
304,19.0,22:13,1.0,,3.0,1.0,0.0,0.0,7.0,-9.0,262
304,20.0,32:17,0.33299999999999996,,9.0,1.0,1.0,1.0,2.0,20.0,285
304,21.0,26:05,0.4,,6.0,0.0,0.0,3.0,4.0,-9.0,308
304,22.0,30:12,0.667,,7.0,0.0,1.0,1.0,5.0,2.0,318
304,23.0,16:54,0.33299999999999996,,5.0,0.0,0.0,0.0,2.0,-8.0,1196
304,24.0,18:23,0.5,,10.0,1.0,0.0,2.0,10.0,15.0,333
304,25.0,33:54,0.5,,11.0,2.0,2.0,1.0,6.0,2.0,348
304,26.0,13:52,0.0,,5.0,0.0,1.0,0.0,7.0,-12.0,366
304,27.0,11:29,0.667,,3.0,1.0,0.0,1.0,6.0,11.0,373
304,28.0,15:07,0.0,,7.0,0.0,0.0,0.0,2.0,2.0,386
304,29.0,5:11,,,1.0,0.0,0.0,0.0,0.0,-7.0,405
304,30.0,19:20,1.0,,5.0,0.0,1.0,0.0,9.0,0.0,428
304,31.0,18:56,1.0,,10.0,0.0,0.0,0.0,6.0,12.0,436
304,32.0,6:47,1.0,,2.0,1.0,0.0,0.0,4.0,-4.0,454
304,33.0,9:40,0.0,,5.0,0.0,0.0,0.0,0.0,3.0,474
304,no play,,,,,,,,,,489
304,34.0,12:36,1.0,,1.0,0.0,0.0,0.0,4.0,-10.0,504
304,35.0,8:00,,,2.0,0.0,0.0,0.0,0.0,-3.0,516
304,no play,,,,,,,,,,539
304,36.0,15:52,0.33299999999999996,,8.0,0.0,0.0,0.0,5.0,-11.0,548
304,no play,,,,,,,,,,571
304,37.0,21:09,0.5,,8.0,0.0,1.0,0.0,8.0,10.0,582
304,38.0,16:18,0.667,,6.0,3.0,0.0,1.0,4.0,16.0,590
304,39.0,16:05,1.0,,4.0,0.0,1.0,0.0,4.0,5.0,603
304,40.0,5:15,,,0.0,0.0,0.0,0.0,2.0,-17.0,619
304,no play,,,,,,,,,,634
304,41.0,15:09,0.5,,6.0,1.0,0.0,0.0,2.0,4.0,646
304,no play,,,,,,,,,,655
304,no play,,,,,,,,,,694
304,no play,,,,,,,,,,708
304,no play,,,,,,,,,,723
304,no play,,,,,,,,,,734
304,42.0,16:17,1.0,,2.0,0.0,0.0,0.0,5.0,2.0,760
304,no play,,,,,,,,,,773
304,43.0,17:35,0.6,,5.0,1.0,1.0,0.0,6.0,-18.0,787
304,no play,,,,,,,,,,804
304,44.0,27:19,0.625,,13.0,3.0,0.0,1.0,11.0,10.0,836
304,45.0,19:02,0.6,,5.0,0.0,0.0,0.0,7.0,-36.0,849
304,46.0,13:29,0.33299999999999996,,5.0,0.0,0.0,0.0,5.0,-16.0,
304,no play,,,,,,,,,,1254
304,no play,,,,,,,,,,1266
304,no play,,,,,,,,,,869
304,no play,,,,,,,,,,887
304,no play,,,,,,,,,,906
304,no play,,,,,,,,,,923
304,no play,,,,,,,,,,943
304,no play,,,,,,,,,,948
304,no play,,,,,,,,,,962
304,no play,,,,,,,,,,971
304,no play,,,,,,,,,,989
304,no play,,,,,,,,,,1001
304,no play,,,,,,,,,,1017
304,no play,,,,,,,,,,1031
304,no play,,,,,,,,,,1046
304,no play,,,,,,,,,,1056
304,no play,,,,,,,,,,1069
304,no play,,,,,,,,,,1085
304,no play,,,,,,,,,,1101
304,no play,,,,,,,,,,1114
304,no play,,,,,,,,,,1123
304,no play,,,,,,,,,,1139
304,no play,,,,,,,,,,1155
304,no play,,,,,,,,,,1170
304,no play,,,,,,,,,,1191
