Player_ID,G,MP,FG%,3P%,TRB,AST,STL,BLK,PTS,+/-,Game_ID
44,1.0,28:06,0.25,0.0,7.0,3.0,1.0,0.0,11.0,-1.0,6
44,2.0,38:19,0.35,0.5,7.0,4.0,3.0,0.0,21.0,3.0,29
44,3.0,32:55,0.353,0.25,6.0,4.0,0.0,1.0,16.0,-9.0,38
44,4.0,32:53,0.222,0.0,6.0,3.0,5.0,0.0,12.0,-5.0,63
44,5.0,24:08,0.0,0.0,2.0,3.0,1.0,0.0,6.0,-18.0,78
44,6.0,38:34,0.611,0.6,8.0,2.0,1.0,1.0,30.0,22.0,87
44,7.0,35:45,0.5379999999999999,0.33299999999999996,4.0,7.0,0.0,0.0,23.0,5.0,98
44,8.0,24:28,0.267,0.4,4.0,4.0,1.0,0.0,10.0,-22.0,115
44,9.0,26:26,0.429,0.5,5.0,2.0,2.0,2.0,19.0,-11.0,134
44,10.0,29:32,0.188,0.16699999999999998,2.0,0.0,0.0,0.0,8.0,-16.0,140
44,11.0,37:40,0.41200000000000003,0.0,5.0,6.0,2.0,0.0,15.0,24.0,162
44,12.0,45:45,0.588,0.0,6.0,9.0,1.0,0.0,25.0,-8.0,177
44,13.0,32:25,0.385,0.0,7.0,8.0,0.0,0.0,10.0,6.0,193
44,14.0,26:32,0.14300000000000002,0.33299999999999996,1.0,3.0,0.0,0.0,5.0,-8.0,206
44,15.0,17:54,0.125,0.0,0.0,1.0,0.0,0.0,3.0,-19.0,217
44,16.0,30:07,0.5,0.5,3.0,5.0,1.0,0.0,17.0,5.0,246
44,17.0,36:35,0.385,0.33299999999999996,4.0,6.0,0.0,0.0,19.0,-1.0,257
44,18.0,35:41,0.273,0.0,8.0,7.0,0.0,1.0,7.0,-20.0,283
44,19.0,29:05,0.25,0.16699999999999998,3.0,5.0,0.0,0.0,9.0,-20.0,300
44,20.0,21:31,0.455,0.5,3.0,0.0,1.0,2.0,12.0,-10.0,307
44,21.0,21:12,0.16699999999999998,0.0,1.0,0.0,0.0,0.0,4.0,0.0,314
44,22.0,18:18,0.2,0.0,2.0,1.0,0.0,0.0,6.0,-26.0,1194
44,no play,,,,,,,,,,332
44,23.0,22:38,0.33299999999999996,0.0,3.0,2.0,0.0,0.0,4.0,-10.0,347
44,24.0,30:38,0.5,0.6,2.0,4.0,0.0,1.0,17.0,-20.0,365
44,25.0,21:46,0.5,0.667,0.0,4.0,1.0,0.0,10.0,10.0,386
44,26.0,31:40,0.667,0.667,7.0,5.0,1.0,0.0,22.0,16.0,404
44,27.0,33:26,0.5379999999999999,0.667,4.0,7.0,0.0,0.0,18.0,28.0,417
44,28.0,26:03,0.0,0.0,5.0,1.0,1.0,0.0,0.0,-24.0,426
44,29.0,27:30,0.375,0.33299999999999996,3.0,5.0,0.0,0.0,17.0,-5.0,451
44,30.0,18:05,0.429,0.4,2.0,0.0,2.0,0.0,9.0,4.0,475
44,31.0,27:03,0.5,0.5,2.0,5.0,1.0,0.0,11.0,4.0,488
44,32.0,29:14,0.636,0.6,4.0,5.0,1.0,0.0,22.0,9.0,505
44,33.0,30:40,0.364,0.0,2.0,4.0,1.0,0.0,8.0,-8.0,525
44,34.0,27:33,0.25,0.2,2.0,6.0,0.0,0.0,5.0,2.0,531
44,35.0,28:04,0.4,0.0,1.0,5.0,0.0,1.0,8.0,-18.0,547
44,36.0,25:58,0.0,0.0,1.0,4.0,1.0,0.0,0.0,-24.0,560
44,37.0,21:35,0.429,0.4,2.0,7.0,2.0,1.0,9.0,28.0,591
44,38.0,36:57,0.5,0.5,2.0,13.0,2.0,1.0,18.0,24.0,622
44,39.0,27:44,0.7140000000000001,0.667,2.0,6.0,2.0,0.0,14.0,11.0,631
44,40.0,25:48,0.4,0.5,1.0,2.0,2.0,0.0,12.0,-18.0,644
44,41.0,16:37,0.0,0.0,2.0,3.0,0.0,0.0,3.0,3.0,663
44,no play,,,,,,,,,,669
44,no play,,,,,,,,,,683
44,no play,,,,,,,,,,697
44,no play,,,,,,,,,,714
44,no play,,,,,,,,,,735
44,42.0,25:39,0.4,0.0,6.0,7.0,0.0,0.0,14.0,-19.0,743
44,43.0,18:09,0.2,0.0,3.0,3.0,0.0,0.0,2.0,4.0,758
44,44.0,20:27,0.2,0.0,4.0,4.0,1.0,0.0,6.0,-4.0,768
44,no play,,,,,,,,,,782
44,no play,,,,,,,,,,791
44,no play,,,,,,,,,,806
44,no play,,,,,,,,,,817
44,no play,,,,,,,,,,833
44,no play,,,,,,,,,,848
44,no play,,,,,,,,,,1231
44,45.0,4:53,0.0,,0.0,1.0,1.0,1.0,2.0,-2.0,1240
44,no play,,,,,,,,,,1252
44,no play,,,,,,,,,,1267
44,46.0,17:44,0.444,0.33299999999999996,4.0,1.0,0.0,0.0,9.0,-3.0,860
44,no play,,,,,,,,,,884
44,no play,,,,,,,,,,903
44,47.0,7:44,0.4,,1.0,1.0,0.0,0.0,4.0,-5.0,918
44,no play,,,,,,,,,,930
44,no play,,,,,,,,,,944
44,48.0,2:38,,,0.0,1.0,0.0,0.0,0.0,0.0,958
44,no play,,,,,,,,,,978
44,no play,,,,,,,,,,994
44,49.0,9:58,0.5,0.667,1.0,0.0,0.0,0.0,8.0,5.0,1008
44,no play,,,,,,,,,,1024
44,no play,,,,,,,,,,1035
44,50.0,7:29,0.33299999999999996,0.0,1.0,2.0,0.0,0.0,2.0,4.0,1055
44,no play,,,,,,,,,,1069
44,no play,,,,,,,,,,1087
44,51.0,31:30,0.444,,4.0,9.0,0.0,1.0,17.0,3.0,1110
44,52.0,28:40,0.33299999999999996,0.5,0.0,7.0,0.0,0.0,15.0,0.0,1119
44,53.0,15:40,0.2,0.0,6.0,3.0,1.0,0.0,6.0,-5.0,1129
44,54.0,18:04,0.6,0.667,2.0,4.0,1.0,0.0,9.0,6.0,1145
44,55.0,24:09,0.7,0.0,5.0,3.0,1.0,0.0,14.0,6.0,1159
44,no play,,,,,,,,,,1175
44,no play,,,,,,,,,,1186
