Player_ID,G,MP,FG%,3P%,TRB,AST,STL,BLK,PTS,+/-,Game_ID
41,1.0,24:00,0.5,,12.0,0.0,1.0,1.0,17.0,9.0,7
41,2.0,12:16,0.25,,2.0,0.0,0.0,0.0,4.0,-8.0,17
41,3.0,21:56,0.727,0.0,6.0,0.0,0.0,0.0,16.0,-1.0,35
41,4.0,23:37,0.273,0.0,12.0,0.0,1.0,0.0,6.0,-14.0,60
41,5.0,3:28,0.0,,0.0,0.0,0.0,0.0,0.0,-11.0,65
41,6.0,20:39,0.643,0.0,10.0,1.0,1.0,1.0,20.0,14.0,75
41,7.0,20:48,0.833,,10.0,1.0,0.0,1.0,24.0,-5.0,93
41,8.0,18:50,1.0,,0.0,0.0,0.0,0.0,8.0,-13.0,108
41,9.0,20:55,0.545,0.0,11.0,0.0,1.0,0.0,13.0,5.0,122
41,10.0,23:37,0.5379999999999999,0.0,8.0,0.0,1.0,1.0,16.0,4.0,137
41,11.0,16:47,0.444,0.0,3.0,1.0,0.0,1.0,10.0,-10.0,143
41,12.0,14:31,0.5,,7.0,1.0,0.0,2.0,8.0,-4.0,160
41,13.0,13:11,0.75,1.0,3.0,0.0,0.0,1.0,13.0,2.0,174
41,14.0,25:29,0.556,0.5,4.0,3.0,1.0,3.0,16.0,20.0,191
41,15.0,19:03,0.5,,5.0,2.0,0.0,0.0,10.0,-16.0,207
41,16.0,21:02,0.33299999999999996,0.0,7.0,1.0,1.0,0.0,10.0,3.0,220
41,17.0,19:16,0.556,0.0,2.0,1.0,2.0,0.0,11.0,-2.0,246
41,18.0,17:46,0.625,,3.0,0.0,0.0,1.0,12.0,8.0,253
41,19.0,28:17,0.706,0.0,10.0,0.0,0.0,3.0,27.0,15.0,266
41,20.0,14:46,0.6,,3.0,0.0,0.0,1.0,14.0,-3.0,280
41,21.0,29:53,0.5379999999999999,,10.0,1.0,1.0,2.0,17.0,3.0,311
41,22.0,15:07,0.5,0.5,3.0,1.0,0.0,1.0,10.0,-3.0,317
41,23.0,14:11,0.5,0.0,3.0,1.0,0.0,0.0,10.0,3.0,341
41,24.0,24:35,0.6,0.0,7.0,2.0,0.0,2.0,14.0,4.0,357
41,25.0,18:40,0.14300000000000002,0.0,7.0,1.0,0.0,0.0,6.0,-15.0,373
41,26.0,18:12,0.545,,2.0,1.0,1.0,1.0,19.0,-9.0,382
41,27.0,13:52,0.429,,5.0,1.0,0.0,1.0,12.0,9.0,399
41,28.0,15:07,0.8,,7.0,1.0,0.0,1.0,8.0,0.0,415
41,29.0,34:12,0.545,,13.0,1.0,0.0,2.0,14.0,11.0,433
41,30.0,23:17,0.615,,6.0,2.0,0.0,0.0,20.0,-2.0,445
41,31.0,29:22,0.8,0.0,4.0,4.0,1.0,0.0,20.0,17.0,464
41,32.0,33:14,0.563,0.0,8.0,2.0,1.0,0.0,19.0,8.0,478
41,33.0,23:54,0.636,0.0,5.0,0.0,0.0,0.0,19.0,-13.0,492
41,34.0,24:47,0.462,,8.0,0.0,1.0,1.0,23.0,12.0,512
41,35.0,22:02,0.16699999999999998,,5.0,1.0,0.0,0.0,2.0,-13.0,518
41,36.0,19:30,0.615,0.5,8.0,0.0,0.0,0.0,22.0,-4.0,534
41,37.0,22:28,0.625,,13.0,1.0,0.0,1.0,15.0,5.0,545
41,38.0,21:15,0.583,,6.0,1.0,0.0,1.0,14.0,0.0,560
41,39.0,27:48,0.818,,11.0,3.0,1.0,0.0,20.0,27.0,574
41,40.0,29:37,0.444,0.0,12.0,3.0,2.0,0.0,19.0,9.0,586
41,41.0,29:44,0.8,1.0,8.0,2.0,0.0,0.0,21.0,-5.0,601
41,42.0,32:24,0.556,0.0,12.0,2.0,1.0,1.0,29.0,19.0,615
41,43.0,22:34,0.5,0.0,5.0,1.0,1.0,1.0,12.0,-14.0,626
41,44.0,29:44,0.611,,9.0,1.0,1.0,0.0,22.0,-7.0,639
41,45.0,29:18,0.556,,5.0,0.0,0.0,0.0,14.0,2.0,678
41,46.0,20:43,0.462,,11.0,2.0,0.0,0.0,17.0,4.0,691
41,47.0,9:03,0.33299999999999996,,4.0,2.0,0.0,1.0,4.0,-7.0,695
41,no play,,,,,,,,,,717
41,no play,,,,,,,,,,733
41,no play,,,,,,,,,,746
41,no play,,,,,,,,,,756
41,no play,,,,,,,,,,773
41,no play,,,,,,,,,,776
41,no play,,,,,,,,,,802
41,no play,,,,,,,,,,818
41,no play,,,,,,,,,,831
41,no play,,,,,,,,,,851
41,48.0,18:53,0.16699999999999998,0.0,7.0,1.0,0.0,0.0,4.0,-7.0,1237
41,49.0,23:58,0.667,,9.0,3.0,1.0,0.0,20.0,17.0,1256
41,50.0,26:59,0.583,,9.0,1.0,1.0,1.0,15.0,5.0,1269
41,51.0,27:57,0.462,,10.0,0.0,1.0,0.0,18.0,15.0,869
41,52.0,22:56,0.444,0.0,5.0,1.0,0.0,0.0,11.0,-10.0,877
41,53.0,18:40,0.5,0.0,10.0,2.0,1.0,0.0,16.0,-4.0,893
41,54.0,17:52,0.833,,7.0,1.0,0.0,0.0,11.0,-7.0,906
41,55.0,24:20,0.6,,10.0,0.0,0.0,0.0,14.0,15.0,922
41,56.0,18:21,0.667,,6.0,1.0,0.0,2.0,16.0,-4.0,933
41,57.0,18:59,0.6,0.0,5.0,2.0,1.0,0.0,17.0,14.0,960
41,58.0,19:08,0.556,,7.0,1.0,1.0,0.0,14.0,3.0,975
41,59.0,17:34,0.5,,4.0,0.0,0.0,1.0,14.0,7.0,988
41,60.0,25:10,0.375,0.0,10.0,0.0,0.0,0.0,15.0,-14.0,1009
41,61.0,20:19,0.889,,11.0,0.0,1.0,1.0,24.0,23.0,1022
41,62.0,22:53,0.75,,4.0,2.0,1.0,0.0,23.0,-4.0,1051
41,63.0,17:15,0.33299999999999996,,2.0,0.0,0.0,0.0,6.0,-13.0,1060
41,64.0,20:17,0.545,,10.0,0.0,0.0,0.0,17.0,-2.0,1072
41,65.0,28:33,0.35700000000000004,,5.0,1.0,0.0,1.0,11.0,-19.0,1094
41,66.0,17:14,0.444,,1.0,0.0,0.0,0.0,9.0,-12.0,1103
41,67.0,14:45,0.75,,5.0,0.0,3.0,0.0,17.0,15.0,1120
41,68.0,21:03,0.4,0.0,5.0,0.0,0.0,0.0,10.0,8.0,1128
41,69.0,20:01,0.35700000000000004,0.0,4.0,0.0,0.0,0.0,17.0,-17.0,1147
41,70.0,16:51,0.462,,8.0,1.0,0.0,0.0,15.0,-7.0,1159
41,71.0,18:15,0.3,,8.0,1.0,0.0,0.0,10.0,4.0,1174
41,72.0,19:51,0.75,,5.0,1.0,1.0,0.0,12.0,8.0,1186
