Player_ID,G,MP,FG%,3P%,TRB,AST,STL,BLK,PTS,+/-,Game_ID
58,1.0,20:03,0.5710000000000001,0.4,5.0,1.0,1.0,0.0,10.0,-2.0,7
58,2.0,16:15,0.667,0.5,5.0,0.0,1.0,0.0,5.0,8.0,17
58,3.0,25:41,0.0,0.0,6.0,0.0,1.0,1.0,0.0,8.0,35
58,no play,,,,,,,,,,44
58,4.0,23:10,0.41700000000000004,0.33299999999999996,3.0,2.0,0.0,0.0,14.0,-5.0,52
58,5.0,28:19,0.615,0.667,4.0,0.0,0.0,0.0,21.0,-21.0,76
58,6.0,26:00,0.16699999999999998,0.2,3.0,2.0,0.0,0.0,10.0,-20.0,89
58,7.0,20:54,0.33299999999999996,0.5,2.0,2.0,1.0,0.0,6.0,-5.0,106
58,8.0,24:12,0.667,0.6,11.0,2.0,0.0,0.0,14.0,4.0,117
58,9.0,24:19,0.33299999999999996,0.2,5.0,2.0,1.0,1.0,9.0,-16.0,128
58,10.0,22:23,0.455,0.5,6.0,0.0,0.0,0.0,13.0,-9.0,145
58,11.0,26:20,0.5,0.5,4.0,0.0,0.0,0.0,16.0,4.0,154
58,12.0,21:01,0.41700000000000004,0.25,3.0,3.0,0.0,0.0,11.0,-15.0,168
58,13.0,23:36,0.556,0.25,2.0,1.0,1.0,0.0,11.0,7.0,185
58,14.0,31:26,0.5710000000000001,0.4,11.0,3.0,1.0,0.0,10.0,11.0,195
58,15.0,40:25,0.5329999999999999,0.4,12.0,0.0,0.0,0.0,22.0,-3.0,208
58,16.0,25:40,0.625,0.5,7.0,2.0,0.0,0.0,14.0,-8.0,240
58,17.0,28:28,0.5,0.4,6.0,1.0,0.0,0.0,13.0,4.0,256
58,18.0,22:54,0.5,0.33299999999999996,6.0,3.0,0.0,0.0,11.0,-10.0,265
58,19.0,17:20,0.222,0.2,2.0,1.0,0.0,1.0,7.0,-5.0,292
58,20.0,29:52,0.429,0.429,6.0,2.0,0.0,0.0,18.0,1.0,304
58,21.0,36:22,0.467,0.4,8.0,2.0,2.0,0.0,17.0,-1.0,314
58,22.0,39:46,0.368,0.308,17.0,4.0,1.0,2.0,23.0,5.0,328
58,23.0,31:30,0.563,0.33299999999999996,8.0,4.0,1.0,0.0,23.0,9.0,334
58,24.0,33:34,0.5,0.4,8.0,0.0,2.0,0.0,15.0,21.0,356
58,25.0,23:28,0.385,0.2,7.0,1.0,0.0,0.0,12.0,-10.0,374
58,26.0,27:24,0.429,0.125,10.0,1.0,1.0,0.0,13.0,5.0,396
58,27.0,30:32,0.583,0.5710000000000001,4.0,2.0,0.0,1.0,22.0,-2.0,409
58,28.0,26:12,0.556,0.5,4.0,0.0,0.0,1.0,14.0,-7.0,418
58,29.0,25:04,0.455,0.6,3.0,3.0,0.0,1.0,14.0,16.0,453
58,30.0,32:35,0.583,0.4,4.0,2.0,2.0,0.0,17.0,11.0,476
58,31.0,24:19,0.5379999999999999,0.5,12.0,1.0,0.0,0.0,16.0,4.0,494
58,32.0,37:08,0.5,0.833,13.0,1.0,0.0,0.0,23.0,2.0,505
58,33.0,32:16,0.5,0.375,5.0,1.0,0.0,1.0,19.0,-3.0,526
58,34.0,31:53,0.381,0.28600000000000003,2.0,3.0,2.0,2.0,20.0,-5.0,551
58,35.0,25:45,0.313,0.14300000000000002,7.0,2.0,0.0,1.0,14.0,3.0,564
58,36.0,29:49,0.313,0.125,4.0,5.0,0.0,0.0,16.0,9.0,585
58,37.0,30:05,0.35700000000000004,0.28600000000000003,3.0,1.0,2.0,0.0,12.0,4.0,597
58,38.0,25:32,0.5379999999999999,0.6,7.0,1.0,1.0,0.0,18.0,-14.0,609
58,39.0,27:43,0.28600000000000003,0.28600000000000003,4.0,3.0,0.0,0.0,12.0,9.0,620
58,40.0,23:38,0.5,0.5,4.0,2.0,0.0,0.0,18.0,4.0,632
58,41.0,28:36,0.643,0.833,6.0,2.0,2.0,1.0,24.0,18.0,646
58,42.0,30:19,0.5329999999999999,0.5,3.0,4.0,0.0,1.0,21.0,2.0,658
58,43.0,22:18,0.33299999999999996,0.4,5.0,3.0,1.0,0.0,10.0,-4.0,680
58,44.0,26:44,0.429,0.6,9.0,2.0,1.0,0.0,17.0,11.0,689
58,45.0,22:29,0.28600000000000003,0.0,3.0,1.0,0.0,0.0,4.0,-15.0,707
58,46.0,34:57,0.579,0.28600000000000003,11.0,1.0,1.0,0.0,31.0,11.0,721
58,47.0,22:42,0.375,0.2,2.0,1.0,1.0,0.0,10.0,-5.0,724
58,48.0,31:07,0.444,0.25,10.0,1.0,0.0,0.0,13.0,-7.0,742
58,49.0,38:54,0.47100000000000003,0.33299999999999996,9.0,2.0,4.0,1.0,25.0,-15.0,750
58,50.0,26:32,0.467,0.429,5.0,2.0,0.0,0.0,21.0,-15.0,764
58,51.0,20:14,0.125,0.0,1.0,2.0,0.0,0.0,3.0,-15.0,779
58,52.0,27:36,0.364,0.33299999999999996,2.0,3.0,1.0,0.0,11.0,-11.0,788
58,53.0,26:50,0.25,0.125,4.0,2.0,2.0,0.0,14.0,-13.0,801
58,54.0,21:58,0.41700000000000004,0.25,4.0,2.0,0.0,0.0,14.0,3.0,816
58,55.0,20:07,0.28600000000000003,0.25,10.0,4.0,1.0,0.0,5.0,2.0,826
58,56.0,14:49,0.222,0.0,3.0,0.0,1.0,0.0,5.0,-4.0,842
58,57.0,16:12,0.429,0.0,2.0,0.0,1.0,0.0,9.0,-1.0,1239
58,58.0,24:34,0.2,0.0,10.0,2.0,0.0,0.0,5.0,-6.0,1243
58,59.0,17:14,0.25,0.2,4.0,1.0,0.0,1.0,7.0,-7.0,1261
58,60.0,25:33,0.857,1.0,1.0,0.0,2.0,0.0,18.0,8.0,858
58,61.0,23:24,1.0,,8.0,2.0,1.0,0.0,10.0,12.0,873
58,62.0,20:57,0.5,0.33299999999999996,4.0,1.0,0.0,0.0,5.0,8.0,888
58,63.0,26:41,0.667,0.667,2.0,0.0,3.0,1.0,15.0,4.0,898
58,64.0,25:54,0.429,0.5,7.0,3.0,2.0,0.0,10.0,3.0,910
58,65.0,24:59,0.429,0.5,6.0,2.0,0.0,0.0,9.0,8.0,929
58,66.0,17:31,0.4,0.5,2.0,2.0,1.0,0.0,9.0,3.0,941
58,67.0,23:01,0.429,0.5,5.0,2.0,2.0,1.0,8.0,-4.0,954
58,68.0,14:17,0.4,1.0,5.0,0.0,0.0,0.0,6.0,-1.0,977
58,69.0,27:14,0.636,0.8,4.0,1.0,2.0,1.0,23.0,-11.0,989
58,70.0,27:57,0.455,0.33299999999999996,6.0,2.0,0.0,0.0,13.0,6.0,1004
58,71.0,26:16,0.25,0.0,8.0,2.0,1.0,1.0,5.0,10.0,1023
58,72.0,32:58,0.33299999999999996,0.33299999999999996,9.0,2.0,2.0,0.0,9.0,4.0,1038
58,73.0,32:03,0.214,0.0,18.0,1.0,0.0,0.0,9.0,10.0,1048
58,74.0,33:17,0.4,0.28600000000000003,12.0,1.0,1.0,0.0,18.0,1.0,1066
58,75.0,32:26,0.5,0.5,3.0,3.0,0.0,1.0,14.0,10.0,1071
58,76.0,33:30,0.4,0.33299999999999996,4.0,4.0,0.0,0.0,13.0,-11.0,1098
58,77.0,20:18,0.2,0.33299999999999996,0.0,2.0,1.0,1.0,4.0,-6.0,1109
58,78.0,26:32,0.25,0.33299999999999996,7.0,4.0,0.0,1.0,7.0,4.0,1138
58,79.0,26:04,0.429,0.16699999999999998,7.0,2.0,1.0,0.0,13.0,-1.0,1140
58,80.0,20:37,0.2,0.0,8.0,0.0,1.0,0.0,6.0,-9.0,1158
58,81.0,15:34,0.33299999999999996,0.25,6.0,2.0,0.0,0.0,10.0,12.0,1173
58,82.0,18:01,0.6,0.33299999999999996,3.0,2.0,1.0,0.0,15.0,-2.0,1187
