Player_ID,G,MP,FG%,3P%,TRB,AST,STL,BLK,PTS,+/-,Game_ID
314,1.0,26:01,0.14300000000000002,,5.0,5.0,1.0,1.0,3.0,9.0,
314,2.0,23:13,0.25,0.0,6.0,1.0,0.0,0.0,4.0,-11.0,13
314,3.0,25:12,0.556,0.5,3.0,2.0,0.0,0.0,11.0,-10.0,29
314,4.0,20:57,0.833,1.0,1.0,2.0,1.0,0.0,14.0,-36.0,50
314,5.0,26:34,0.556,0.0,10.0,3.0,0.0,1.0,11.0,3.0,59
314,6.0,25:11,0.125,0.5,7.0,0.0,0.0,0.0,5.0,-6.0,72
314,7.0,22:51,,,0.0,4.0,1.0,1.0,0.0,-1.0,84
314,8.0,23:11,0.33299999999999996,0.5,2.0,3.0,0.0,0.0,3.0,-13.0,99
314,9.0,20:09,0.375,0.0,6.0,2.0,0.0,0.0,7.0,-35.0,111
314,10.0,22:33,0.25,,4.0,2.0,0.0,1.0,2.0,-6.0,124
314,11.0,29:29,0.294,0.0,5.0,5.0,2.0,0.0,14.0,8.0,140
314,12.0,20:06,0.33299999999999996,0.0,4.0,1.0,0.0,0.0,8.0,-9.0,152
314,13.0,27:39,0.385,0.0,4.0,3.0,2.0,0.0,12.0,-18.0,167
314,14.0,19:26,0.14300000000000002,0.33299999999999996,2.0,2.0,0.0,0.0,5.0,-6.0,173
314,15.0,30:16,0.667,0.0,4.0,4.0,1.0,0.0,19.0,5.0,190
314,16.0,23:58,0.5,,1.0,2.0,1.0,0.0,11.0,-16.0,204
314,17.0,33:10,0.5379999999999999,0.5,1.0,3.0,1.0,1.0,17.0,-11.0,211
314,18.0,24:43,0.273,0.2,4.0,4.0,0.0,0.0,7.0,-11.0,248
314,19.0,22:42,0.5,0.5,6.0,2.0,0.0,0.0,15.0,-5.0,262
314,20.0,26:31,0.7140000000000001,1.0,4.0,6.0,3.0,0.0,13.0,-3.0,285
314,21.0,27:46,0.3,0.0,6.0,6.0,3.0,1.0,9.0,11.0,308
314,22.0,28:42,0.833,0.0,2.0,4.0,0.0,0.0,10.0,8.0,318
314,23.0,23:10,0.25,0.0,4.0,3.0,1.0,0.0,6.0,-10.0,1196
314,24.0,30:10,0.444,0.0,10.0,2.0,0.0,0.0,15.0,-1.0,333
314,25.0,20:50,0.33299999999999996,0.5,3.0,2.0,2.0,0.0,5.0,-10.0,348
314,26.0,30:05,0.583,0.25,4.0,6.0,0.0,0.0,15.0,2.0,366
314,27.0,26:58,0.75,0.5,3.0,3.0,1.0,1.0,14.0,23.0,373
314,28.0,25:18,0.273,0.0,5.0,2.0,3.0,1.0,9.0,-17.0,386
314,29.0,16:37,0.2,1.0,1.0,3.0,0.0,0.0,3.0,-14.0,405
314,no play,,,,,,,,,,428
314,no play,,,,,,,,,,436
314,no play,,,,,,,,,,454
314,30.0,27:22,0.33299999999999996,0.33299999999999996,3.0,5.0,2.0,0.0,9.0,-2.0,474
314,31.0,30:13,0.625,0.0,6.0,4.0,1.0,1.0,11.0,4.0,489
314,32.0,28:00,0.273,0.0,4.0,3.0,1.0,0.0,8.0,-24.0,504
314,33.0,29:44,0.7140000000000001,1.0,3.0,1.0,2.0,4.0,11.0,-10.0,516
314,34.0,30:16,0.5,0.5,3.0,2.0,0.0,0.0,11.0,9.0,539
314,35.0,28:10,0.636,0.5,1.0,1.0,1.0,0.0,20.0,1.0,548
314,36.0,25:17,0.4,0.0,3.0,5.0,2.0,0.0,4.0,-12.0,571
314,37.0,26:17,0.33299999999999996,0.0,3.0,7.0,0.0,0.0,6.0,4.0,582
314,38.0,28:29,0.14300000000000002,0.0,8.0,11.0,2.0,1.0,2.0,14.0,590
314,39.0,23:53,0.5,0.25,4.0,2.0,0.0,0.0,15.0,1.0,603
314,40.0,21:21,0.625,1.0,3.0,1.0,0.0,0.0,14.0,-9.0,619
314,41.0,19:53,0.5,0.0,9.0,2.0,1.0,0.0,8.0,-13.0,634
314,42.0,28:28,0.2,0.0,1.0,5.0,1.0,1.0,4.0,-13.0,646
314,43.0,40:00,0.444,0.0,4.0,4.0,1.0,2.0,12.0,12.0,655
314,44.0,32:56,0.5,0.0,3.0,3.0,1.0,0.0,11.0,19.0,694
314,45.0,31:25,0.33299999999999996,0.667,2.0,8.0,0.0,0.0,8.0,11.0,708
314,46.0,33:29,0.47100000000000003,0.28600000000000003,4.0,6.0,1.0,0.0,18.0,16.0,723
314,47.0,21:39,0.28600000000000003,0.0,1.0,3.0,1.0,0.0,4.0,3.0,734
314,48.0,31:34,0.588,0.25,4.0,3.0,1.0,0.0,24.0,-3.0,760
314,49.0,26:10,0.364,0.0,3.0,2.0,1.0,0.0,8.0,-10.0,773
314,50.0,23:00,0.5710000000000001,0.25,2.0,4.0,0.0,0.0,11.0,9.0,787
314,no play,,,,,,,,,,804
314,no play,,,,,,,,,,836
314,no play,,,,,,,,,,849
314,no play,,,,,,,,,,
314,no play,,,,,,,,,,1254
314,no play,,,,,,,,,,1266
314,no play,,,,,,,,,,869
314,no play,,,,,,,,,,887
314,no play,,,,,,,,,,906
314,no play,,,,,,,,,,923
314,no play,,,,,,,,,,943
314,no play,,,,,,,,,,948
314,no play,,,,,,,,,,962
314,no play,,,,,,,,,,971
314,51.0,19:13,0.111,0.0,8.0,3.0,0.0,1.0,2.0,-6.0,989
314,52.0,20:25,0.375,0.0,3.0,1.0,1.0,0.0,6.0,1.0,1001
314,53.0,18:46,0.0,,1.0,0.0,0.0,0.0,0.0,-17.0,1017
314,54.0,23:41,0.6,,6.0,1.0,1.0,0.0,10.0,-4.0,1031
314,55.0,21:02,0.8,,2.0,2.0,0.0,0.0,8.0,4.0,1046
314,56.0,20:06,0.5,,3.0,1.0,0.0,0.0,2.0,7.0,1056
314,57.0,24:04,0.16699999999999998,0.0,2.0,1.0,1.0,0.0,4.0,-2.0,1069
314,58.0,18:34,0.0,0.0,3.0,5.0,1.0,0.0,0.0,2.0,1085
314,59.0,25:52,0.545,0.667,1.0,2.0,2.0,1.0,18.0,3.0,1101
314,60.0,27:20,0.429,0.0,4.0,4.0,0.0,2.0,6.0,-1.0,1114
314,61.0,23:27,0.33299999999999996,0.0,3.0,2.0,2.0,1.0,6.0,2.0,1123
314,62.0,28:52,0.5,,7.0,2.0,1.0,1.0,10.0,14.0,1139
314,63.0,24:16,0.429,0.0,6.0,2.0,1.0,1.0,6.0,-4.0,1155
314,64.0,29:01,0.41200000000000003,0.33299999999999996,3.0,7.0,1.0,0.0,16.0,0.0,1170
314,65.0,22:41,0.375,,4.0,3.0,0.0,0.0,6.0,1.0,1191
