Player_ID,G,MP,FG%,3P%,TRB,AST,STL,BLK,PTS,+/-,Game_ID
191,no play,,,,,,,,,,4
191,no play,,,,,,,,,,18
191,1.0,24:18,0.5,0.5,4.0,3.0,0.0,0.0,11.0,7.0,23
191,2.0,24:34,0.5,0.33299999999999996,5.0,1.0,1.0,0.0,14.0,-7.0,52
191,3.0,18:18,0.6,0.5,4.0,3.0,0.0,0.0,8.0,10.0,68
191,4.0,30:02,0.35700000000000004,0.0,2.0,2.0,0.0,1.0,11.0,-2.0,91
191,5.0,20:27,0.6,0.33299999999999996,5.0,3.0,0.0,1.0,13.0,11.0,104
191,6.0,17:35,0.33299999999999996,0.5,2.0,4.0,0.0,0.0,8.0,3.0,119
191,7.0,23:07,0.16699999999999998,0.0,5.0,0.0,0.0,0.0,3.0,-13.0,136
191,8.0,26:38,0.5710000000000001,0.429,4.0,5.0,1.0,1.0,20.0,8.0,151
191,9.0,20:03,0.182,0.0,6.0,4.0,3.0,0.0,4.0,-9.0,170
191,10.0,36:19,0.5,0.375,5.0,3.0,1.0,0.0,15.0,-10.0,181
191,11.0,20:09,0.818,0.75,0.0,0.0,1.0,3.0,23.0,-4.0,197
191,12.0,30:24,0.41700000000000004,0.33299999999999996,8.0,5.0,0.0,0.0,13.0,-2.0,209
191,13.0,39:55,0.214,0.14300000000000002,9.0,4.0,0.0,0.0,13.0,-4.0,239
191,14.0,35:11,0.385,0.5,5.0,3.0,0.0,0.0,14.0,12.0,252
191,15.0,30:44,0.41700000000000004,0.0,6.0,3.0,0.0,0.0,12.0,20.0,268
191,16.0,26:44,0.091,0.0,3.0,3.0,0.0,0.0,2.0,-7.0,271
191,17.0,22:05,0.0,,3.0,0.0,1.0,0.0,1.0,7.0,286
191,18.0,31:24,0.5,0.429,9.0,5.0,1.0,1.0,21.0,10.0,302
191,19.0,22:39,0.429,0.0,3.0,0.0,1.0,0.0,6.0,-2.0,322
191,20.0,22:03,0.28600000000000003,0.0,5.0,2.0,1.0,0.0,5.0,8.0,1192
191,21.0,27:26,0.14300000000000002,0.25,9.0,4.0,0.0,1.0,8.0,10.0,337
191,22.0,28:30,0.154,0.2,6.0,5.0,0.0,0.0,6.0,-17.0,349
191,23.0,19:46,0.125,0.5,4.0,0.0,0.0,0.0,6.0,-10.0,361
191,24.0,21:55,0.33299999999999996,0.5,4.0,1.0,0.0,1.0,10.0,-4.0,375
191,25.0,19:48,0.3,0.2,4.0,0.0,1.0,1.0,7.0,-14.0,391
191,26.0,17:55,0.5710000000000001,0.33299999999999996,2.0,4.0,1.0,0.0,9.0,9.0,401
191,27.0,18:22,0.667,0.5,3.0,0.0,1.0,0.0,11.0,-10.0,419
191,28.0,24:12,0.35700000000000004,0.25,5.0,1.0,0.0,1.0,13.0,1.0,442
191,29.0,19:31,0.556,0.33299999999999996,5.0,0.0,0.0,0.0,13.0,-7.0,468
191,30.0,26:21,0.273,0.16699999999999998,3.0,0.0,1.0,0.0,9.0,5.0,482
191,31.0,19:16,0.091,0.0,6.0,1.0,1.0,3.0,4.0,7.0,491
191,32.0,30:11,0.556,0.25,5.0,0.0,0.0,0.0,15.0,0.0,509
191,33.0,20:07,0.4,0.0,3.0,3.0,1.0,0.0,6.0,4.0,522
191,34.0,24:14,0.545,0.4,6.0,2.0,2.0,1.0,17.0,18.0,534
191,35.0,19:53,0.5,0.5,4.0,0.0,0.0,0.0,7.0,-15.0,543
191,36.0,20:49,0.0,0.0,4.0,1.0,1.0,0.0,2.0,-14.0,563
191,37.0,27:16,0.5710000000000001,0.444,3.0,1.0,0.0,0.0,22.0,-6.0,579
191,38.0,21:56,0.2,0.25,2.0,0.0,0.0,0.0,5.0,-4.0,597
191,39.0,19:16,0.5,0.5,1.0,2.0,0.0,0.0,7.0,-10.0,623
191,40.0,24:15,0.4,0.5,3.0,2.0,2.0,0.0,11.0,16.0,634
191,41.0,26:46,0.5,0.4,8.0,1.0,3.0,1.0,16.0,28.0,647
191,42.0,24:46,0.8,1.0,1.0,2.0,3.0,0.0,10.0,6.0,657
191,43.0,19:47,0.3,0.667,4.0,1.0,0.0,0.0,8.0,-10.0,670
191,44.0,18:07,0.125,0.0,2.0,2.0,1.0,1.0,2.0,-9.0,692
191,45.0,21:50,0.33299999999999996,0.33299999999999996,4.0,1.0,0.0,1.0,5.0,8.0,703
191,46.0,22:15,0.3,0.25,4.0,6.0,0.0,0.0,8.0,-7.0,709
191,47.0,24:50,0.4,0.0,1.0,0.0,1.0,0.0,10.0,-8.0,734
191,48.0,23:39,0.643,0.33299999999999996,7.0,2.0,2.0,0.0,24.0,2.0,747
191,49.0,31:39,0.4,0.5,2.0,1.0,2.0,0.0,15.0,3.0,766
191,50.0,33:01,0.235,0.28600000000000003,11.0,5.0,1.0,0.0,12.0,0.0,785
191,51.0,20:27,0.33299999999999996,0.0,3.0,1.0,1.0,0.0,9.0,-7.0,800
191,52.0,36:01,0.43799999999999994,0.5,8.0,5.0,1.0,2.0,20.0,12.0,814
191,53.0,37:46,0.313,0.16699999999999998,11.0,2.0,1.0,3.0,12.0,0.0,826
191,54.0,36:33,0.611,0.429,5.0,3.0,1.0,1.0,27.0,7.0,843
191,55.0,39:16,0.33299999999999996,0.375,1.0,2.0,1.0,1.0,17.0,-1.0,1227
191,56.0,38:01,0.5,0.556,13.0,3.0,2.0,0.0,23.0,21.0,1242
191,57.0,27:55,0.385,0.2,5.0,4.0,0.0,0.0,16.0,-2.0,1257
191,58.0,35:38,0.5329999999999999,0.5710000000000001,12.0,3.0,0.0,1.0,24.0,7.0,1270
191,59.0,31:44,0.5,0.33299999999999996,1.0,0.0,2.0,0.0,16.0,-8.0,868
191,no play,,,,,,,,,,884
191,no play,,,,,,,,,,901
191,no play,,,,,,,,,,911
191,no play,,,,,,,,,,925
191,no play,,,,,,,,,,936
191,60.0,23:54,0.28600000000000003,0.0,1.0,1.0,0.0,0.0,4.0,-11.0,951
191,61.0,31:10,0.467,0.125,4.0,1.0,1.0,0.0,20.0,-13.0,965
191,62.0,29:32,0.28600000000000003,0.28600000000000003,4.0,2.0,0.0,1.0,14.0,0.0,990
191,63.0,36:11,0.455,0.5,3.0,5.0,0.0,2.0,14.0,22.0,1004
191,64.0,33:11,0.462,0.5710000000000001,5.0,1.0,0.0,1.0,18.0,15.0,1019
191,65.0,25:32,0.0,0.0,8.0,2.0,0.0,0.0,0.0,-10.0,1033
191,66.0,29:11,0.273,0.5,7.0,2.0,0.0,0.0,10.0,-2.0,1047
191,67.0,27:43,0.6,0.33299999999999996,4.0,3.0,0.0,0.0,20.0,-1.0,1063
191,68.0,19:45,0.5710000000000001,0.6,4.0,2.0,0.0,0.0,13.0,12.0,1074
191,69.0,27:21,0.5379999999999999,0.625,2.0,1.0,0.0,2.0,22.0,4.0,1087
191,70.0,25:40,0.556,0.6,2.0,0.0,1.0,1.0,18.0,2.0,1103
191,71.0,26:44,0.429,0.5,5.0,3.0,0.0,0.0,12.0,4.0,1116
191,72.0,21:31,0.556,0.33299999999999996,1.0,1.0,0.0,0.0,13.0,3.0,1126
191,73.0,26:37,0.4,0.0,5.0,7.0,0.0,0.0,8.0,-3.0,1150
191,74.0,21:21,0.083,0.0,2.0,5.0,0.0,1.0,3.0,8.0,1168
191,75.0,25:01,0.273,0.0,1.0,2.0,0.0,0.0,6.0,-19.0,1173
