Player_ID,G,MP,FG%,3P%,TRB,AST,STL,BLK,PTS,+/-,Game_ID
415,1.0,17:51,0.75,0.0,2.0,3.0,0.0,0.0,12.0,7.0,8
415,2.0,12:16,0.0,0.0,0.0,3.0,0.0,0.0,0.0,-9.0,12
415,3.0,14:17,0.33299999999999996,0.33299999999999996,0.0,0.0,0.0,1.0,3.0,7.0,30
415,4.0,24:52,0.5,0.5,2.0,3.0,0.0,1.0,9.0,-7.0,40
415,5.0,29:53,0.2,0.0,4.0,0.0,0.0,2.0,2.0,-12.0,45
415,6.0,12:53,0.0,0.0,3.0,2.0,1.0,0.0,0.0,-4.0,61
415,7.0,27:49,0.7,0.833,3.0,4.0,3.0,0.0,19.0,-18.0,81
415,8.0,20:41,0.5,0.25,3.0,1.0,1.0,1.0,8.0,4.0,85
415,9.0,18:49,0.25,0.25,2.0,3.0,1.0,0.0,4.0,6.0,101
415,10.0,16:37,0.0,,2.0,1.0,1.0,0.0,2.0,-2.0,116
415,11.0,18:45,,,4.0,2.0,1.0,0.0,0.0,-1.0,124
415,12.0,18:01,0.75,1.0,4.0,2.0,0.0,0.0,7.0,-1.0,164
415,13.0,22:45,0.25,0.33299999999999996,2.0,0.0,0.0,1.0,4.0,-12.0,179
415,14.0,19:27,0.5,0.5,3.0,1.0,1.0,1.0,8.0,-7.0,192
415,15.0,26:39,0.375,0.4,3.0,1.0,2.0,0.0,8.0,15.0,220
415,16.0,24:22,0.5,0.25,3.0,1.0,2.0,0.0,9.0,3.0,250
415,17.0,27:16,0.16699999999999998,0.0,3.0,2.0,3.0,0.0,3.0,13.0,258
415,18.0,28:20,0.2,0.33299999999999996,1.0,3.0,2.0,0.0,3.0,3.0,264
415,19.0,26:06,0.0,0.0,3.0,1.0,0.0,3.0,0.0,4.0,293
415,20.0,18:19,0.667,0.5,3.0,1.0,1.0,1.0,5.0,-11.0,312
415,21.0,26:47,0.833,1.0,3.0,3.0,0.0,0.0,17.0,10.0,1199
415,22.0,26:14,0.33299999999999996,0.25,0.0,1.0,3.0,0.0,5.0,2.0,345
415,23.0,24:04,0.2,0.0,2.0,0.0,2.0,1.0,3.0,-14.0,354
415,24.0,30:52,0.875,1.0,1.0,2.0,1.0,0.0,16.0,41.0,367
415,25.0,29:33,0.5379999999999999,0.556,2.0,4.0,0.0,1.0,20.0,-21.0,380
415,26.0,37:22,0.4,0.6,6.0,4.0,2.0,0.0,17.0,0.0,394
415,27.0,36:25,0.1,0.125,5.0,7.0,2.0,1.0,5.0,-8.0,407
415,28.0,24:01,0.33299999999999996,0.0,4.0,3.0,1.0,1.0,5.0,14.0,428
415,29.0,28:07,0.5710000000000001,0.6,2.0,2.0,0.0,0.0,11.0,11.0,434
415,30.0,25:47,0.5,0.33299999999999996,6.0,4.0,0.0,0.0,9.0,6.0,450
415,31.0,28:36,0.25,0.33299999999999996,1.0,3.0,1.0,0.0,5.0,8.0,476
415,32.0,31:23,0.462,0.33299999999999996,3.0,1.0,2.0,0.0,14.0,-1.0,489
415,33.0,30:33,0.2,0.25,3.0,1.0,1.0,1.0,3.0,-13.0,507
415,34.0,25:14,0.444,0.0,5.0,5.0,2.0,1.0,8.0,12.0,531
415,35.0,31:29,0.636,0.0,0.0,2.0,3.0,0.0,15.0,5.0,540
415,36.0,32:51,0.28600000000000003,0.5,9.0,1.0,0.0,0.0,5.0,-16.0,556
415,37.0,42:21,0.556,0.4,1.0,3.0,1.0,1.0,14.0,-16.0,570
415,38.0,30:04,0.5,0.75,1.0,0.0,1.0,0.0,11.0,-1.0,584
415,39.0,34:43,0.5,0.33299999999999996,2.0,1.0,3.0,1.0,5.0,-12.0,604
415,40.0,24:25,0.5,0.0,4.0,3.0,0.0,0.0,8.0,4.0,615
415,41.0,28:58,0.5,0.2,4.0,3.0,0.0,0.0,9.0,-16.0,640
415,42.0,33:11,0.556,0.4,3.0,3.0,1.0,2.0,14.0,-14.0,649
415,43.0,30:03,0.33299999999999996,0.25,3.0,3.0,2.0,1.0,8.0,7.0,665
415,44.0,34:25,0.5,0.5,3.0,4.0,1.0,0.0,11.0,3.0,674
415,45.0,37:45,0.444,0.25,4.0,2.0,4.0,0.0,12.0,-1.0,685
415,46.0,32:49,0.0,0.0,0.0,3.0,2.0,0.0,2.0,-18.0,699
415,47.0,24:21,0.28600000000000003,0.33299999999999996,1.0,1.0,1.0,0.0,7.0,-8.0,709
415,48.0,34:50,0.5,0.33299999999999996,1.0,5.0,2.0,0.0,7.0,-11.0,724
415,49.0,18:13,0.25,0.33299999999999996,3.0,2.0,1.0,0.0,3.0,-11.0,732
415,no play,,,,,,,,,,759
415,no play,,,,,,,,,,770
415,no play,,,,,,,,,,784
415,no play,,,,,,,,,,799
415,no play,,,,,,,,,,812
415,no play,,,,,,,,,,825
415,no play,,,,,,,,,,839
415,no play,,,,,,,,,,853
415,no play,,,,,,,,,,1231
415,no play,,,,,,,,,,1242
415,no play,,,,,,,,,,1264
415,no play,,,,,,,,,,866
415,50.0,24:00,0.444,0.5,2.0,4.0,3.0,0.0,11.0,-4.0,892
415,no play,,,,,,,,,,903
415,51.0,25:06,0.28600000000000003,0.0,7.0,3.0,4.0,0.0,6.0,-10.0,917
415,52.0,30:17,0.33299999999999996,1.0,0.0,5.0,0.0,0.0,7.0,-8.0,932
415,53.0,17:58,0.2,0.0,2.0,3.0,0.0,1.0,2.0,-14.0,944
415,54.0,34:30,0.667,0.4,3.0,4.0,2.0,0.0,14.0,0.0,957
415,55.0,26:42,0.28600000000000003,0.667,4.0,4.0,0.0,1.0,8.0,21.0,972
415,56.0,28:08,0.25,0.16699999999999998,3.0,4.0,3.0,0.0,7.0,-1.0,988
415,57.0,26:28,0.667,1.0,1.0,4.0,0.0,0.0,15.0,-18.0,1002
415,58.0,24:20,0.7140000000000001,0.5,3.0,3.0,1.0,0.0,12.0,-11.0,1025
415,59.0,16:03,0.4,1.0,2.0,3.0,2.0,1.0,5.0,-19.0,1041
415,60.0,26:44,0.25,0.5,5.0,5.0,0.0,0.0,5.0,2.0,1049
415,61.0,34:03,0.2,0.25,4.0,3.0,1.0,1.0,6.0,3.0,1061
415,no play,,,,,,,,,,1080
415,62.0,27:47,0.273,0.25,3.0,2.0,2.0,1.0,7.0,-32.0,1092
415,no play,,,,,,,,,,1100
415,63.0,21:53,0.16699999999999998,0.0,5.0,5.0,3.0,1.0,3.0,-6.0,1125
415,no play,,,,,,,,,,1148
415,64.0,35:33,0.41700000000000004,0.375,5.0,1.0,4.0,0.0,13.0,-1.0,1161
415,65.0,27:29,0.5710000000000001,1.0,3.0,5.0,1.0,0.0,10.0,4.0,1177
415,no play,,,,,,,,,,1189
