Player_ID,G,MP,FG%,3P%,TRB,AST,STL,BLK,PTS,+/-,Game_ID
257,no play,,,,,,,,,,6
257,no play,,,,,,,,,,29
257,no play,,,,,,,,,,38
257,no play,,,,,,,,,,63
257,1.0,15:38,0.2,0.0,3.0,1.0,0.0,0.0,3.0,-1.0,78
257,2.0,21:33,0.5,0.5,4.0,1.0,1.0,1.0,12.0,0.0,87
257,3.0,30:17,0.385,0.33299999999999996,3.0,3.0,1.0,0.0,15.0,-3.0,98
257,4.0,18:04,0.7140000000000001,0.5,2.0,3.0,0.0,0.0,11.0,-23.0,115
257,5.0,28:05,0.455,0.0,4.0,4.0,0.0,0.0,13.0,1.0,134
257,no play,,,,,,,,,,140
257,no play,,,,,,,,,,162
257,no play,,,,,,,,,,177
257,no play,,,,,,,,,,193
257,no play,,,,,,,,,,206
257,no play,,,,,,,,,,217
257,no play,,,,,,,,,,246
257,no play,,,,,,,,,,257
257,no play,,,,,,,,,,283
257,no play,,,,,,,,,,300
257,no play,,,,,,,,,,307
257,no play,,,,,,,,,,314
257,no play,,,,,,,,,,1194
257,no play,,,,,,,,,,332
257,no play,,,,,,,,,,347
257,no play,,,,,,,,,,365
257,6.0,31:39,0.636,0.75,4.0,6.0,2.0,1.0,18.0,13.0,386
257,7.0,30:02,0.667,0.0,2.0,2.0,1.0,0.0,16.0,20.0,404
257,8.0,34:08,0.6920000000000001,0.667,2.0,4.0,2.0,0.0,24.0,28.0,417
257,9.0,18:31,0.16699999999999998,0.5,2.0,1.0,1.0,0.0,3.0,-28.0,426
257,10.0,29:56,0.41700000000000004,0.0,2.0,4.0,1.0,1.0,12.0,-6.0,451
257,11.0,30:54,0.222,0.25,4.0,1.0,0.0,0.0,10.0,7.0,475
257,12.0,28:52,0.583,0.4,4.0,1.0,0.0,0.0,17.0,1.0,488
257,13.0,33:55,0.41700000000000004,0.33299999999999996,4.0,4.0,1.0,0.0,17.0,3.0,505
257,14.0,31:09,0.41700000000000004,0.0,4.0,3.0,2.0,0.0,11.0,-10.0,525
257,15.0,31:59,0.545,0.75,1.0,3.0,1.0,0.0,15.0,0.0,531
257,16.0,26:29,0.273,0.25,1.0,5.0,1.0,0.0,8.0,-15.0,547
257,no play,,,,,,,,,,560
257,17.0,33:56,0.545,1.0,5.0,6.0,1.0,0.0,16.0,26.0,591
257,18.0,2:54,0.0,,0.0,0.0,0.0,0.0,0.0,0.0,622
257,no play,,,,,,,,,,631
257,no play,,,,,,,,,,644
257,no play,,,,,,,,,,663
257,19.0,35:10,0.6920000000000001,0.5,5.0,3.0,1.0,0.0,22.0,7.0,669
257,20.0,27:16,0.364,0.16699999999999998,2.0,2.0,0.0,0.0,10.0,8.0,683
257,21.0,28:13,0.222,0.5,1.0,1.0,1.0,2.0,8.0,6.0,697
257,22.0,35:11,0.4,0.16699999999999998,7.0,4.0,2.0,0.0,15.0,12.0,714
257,23.0,32:02,0.545,0.75,4.0,4.0,4.0,0.0,17.0,-5.0,735
257,24.0,24:44,1.0,1.0,2.0,1.0,1.0,0.0,12.0,-8.0,743
257,25.0,27:10,0.462,0.33299999999999996,2.0,2.0,2.0,0.0,14.0,5.0,758
257,26.0,24:56,0.444,0.0,4.0,3.0,2.0,0.0,8.0,-16.0,768
257,27.0,37:09,0.41700000000000004,0.8,5.0,1.0,2.0,0.0,20.0,20.0,782
257,28.0,34:08,0.35700000000000004,0.125,1.0,3.0,2.0,0.0,13.0,-14.0,791
257,29.0,34:04,0.6,0.5,7.0,2.0,1.0,0.0,16.0,22.0,806
257,30.0,29:16,0.545,0.6,3.0,0.0,1.0,1.0,16.0,-12.0,817
257,31.0,31:43,0.5,0.5710000000000001,2.0,1.0,1.0,0.0,16.0,14.0,833
257,32.0,38:01,0.47100000000000003,0.5,3.0,2.0,2.0,0.0,22.0,-13.0,848
257,33.0,34:36,0.474,0.455,2.0,1.0,2.0,0.0,23.0,-8.0,1231
257,34.0,27:29,0.6,0.667,2.0,1.0,1.0,0.0,25.0,12.0,1240
257,35.0,33:59,0.5,0.375,3.0,3.0,1.0,1.0,19.0,7.0,1252
257,36.0,35:51,0.583,0.2,4.0,4.0,2.0,0.0,15.0,9.0,1267
257,37.0,33:45,0.5,0.33299999999999996,3.0,2.0,1.0,0.0,14.0,11.0,860
257,38.0,21:32,0.0,0.0,0.0,1.0,1.0,0.0,0.0,-12.0,884
257,39.0,35:25,0.7140000000000001,0.667,3.0,3.0,3.0,0.0,15.0,10.0,903
257,40.0,36:37,0.667,0.667,2.0,4.0,0.0,0.0,26.0,-2.0,918
257,41.0,35:33,0.33299999999999996,0.25,3.0,1.0,3.0,0.0,9.0,12.0,930
257,42.0,36:08,0.667,0.4,3.0,2.0,2.0,1.0,24.0,9.0,944
257,43.0,35:12,0.267,0.16699999999999998,4.0,7.0,3.0,0.0,12.0,17.0,958
257,44.0,41:09,0.667,0.6,2.0,5.0,0.0,0.0,20.0,-2.0,978
257,45.0,39:15,0.429,0.25,6.0,2.0,2.0,0.0,17.0,0.0,994
257,46.0,39:19,0.625,0.5,2.0,4.0,3.0,0.0,28.0,-4.0,1008
257,47.0,31:48,0.5710000000000001,0.5,3.0,4.0,0.0,0.0,21.0,-4.0,1024
257,48.0,30:07,1.0,1.0,2.0,2.0,1.0,0.0,10.0,0.0,1035
257,49.0,23:28,0.41700000000000004,0.25,0.0,1.0,0.0,0.0,13.0,-15.0,1055
257,50.0,37:16,0.5710000000000001,0.33299999999999996,2.0,3.0,2.0,0.0,19.0,-7.0,1069
257,51.0,40:49,0.5710000000000001,0.429,5.0,3.0,0.0,0.0,20.0,-14.0,1087
257,52.0,36:46,0.3,0.0,3.0,2.0,2.0,0.0,9.0,6.0,1110
257,53.0,40:46,0.833,1.0,8.0,5.0,2.0,0.0,23.0,-1.0,1119
257,54.0,30:05,0.5710000000000001,0.25,3.0,1.0,1.0,0.0,17.0,-10.0,1129
257,55.0,37:24,0.5,0.429,6.0,9.0,1.0,0.0,20.0,22.0,1145
257,56.0,35:52,0.125,0.0,0.0,5.0,0.0,0.0,2.0,-9.0,1159
257,57.0,35:01,0.6,0.5710000000000001,8.0,8.0,1.0,0.0,20.0,19.0,1175
257,no play,,,,,,,,,,1186
