Player_ID,G,MP,FG%,3P%,TRB,AST,STL,BLK,PTS,+/-,Game_ID
104,1.0,38:45,0.389,0.16699999999999998,2.0,6.0,2.0,1.0,19.0,2.0,
104,2.0,35:18,0.5,0.28600000000000003,3.0,3.0,0.0,1.0,23.0,7.0,20
104,3.0,31:56,0.615,0.5,2.0,3.0,2.0,0.0,18.0,-9.0,31
104,4.0,32:44,0.6920000000000001,0.6,2.0,7.0,1.0,0.0,22.0,7.0,49
104,5.0,34:56,0.6,0.667,6.0,4.0,0.0,0.0,25.0,24.0,58
104,6.0,28:23,0.385,0.5,3.0,3.0,0.0,0.0,13.0,-7.0,73
104,7.0,34:36,0.667,0.33299999999999996,2.0,8.0,2.0,0.0,23.0,3.0,83
104,no play,,,,,,,,,,89
104,no play,,,,,,,,,,104
104,no play,,,,,,,,,,120
104,no play,,,,,,,,,,132
104,no play,,,,,,,,,,147
104,no play,,,,,,,,,,169
104,no play,,,,,,,,,,180
104,no play,,,,,,,,,,193
104,8.0,28:58,0.615,0.5,5.0,3.0,2.0,0.0,22.0,18.0,217
104,9.0,28:09,0.5710000000000001,0.625,5.0,1.0,2.0,0.0,23.0,18.0,242
104,10.0,34:28,0.467,0.0,8.0,4.0,0.0,0.0,24.0,12.0,269
104,11.0,31:45,0.33299999999999996,0.667,1.0,4.0,1.0,0.0,8.0,17.0,276
104,no play,,,,,,,,,,290
104,no play,,,,,,,,,,307
104,no play,,,,,,,,,,323
104,no play,,,,,,,,,,330
104,no play,,,,,,,,,,335
104,no play,,,,,,,,,,354
104,no play,,,,,,,,,,382
104,no play,,,,,,,,,,398
104,no play,,,,,,,,,,408
104,no play,,,,,,,,,,427
104,no play,,,,,,,,,,434
104,no play,,,,,,,,,,452
104,no play,,,,,,,,,,480
104,12.0,29:17,0.8,1.0,8.0,6.0,3.0,1.0,21.0,31.0,494
104,13.0,7:02,0.33299999999999996,,1.0,2.0,0.0,0.0,3.0,5.0,511
104,no play,,,,,,,,,,520
104,no play,,,,,,,,,,527
104,no play,,,,,,,,,,542
104,14.0,32:46,0.41700000000000004,0.5,5.0,7.0,1.0,0.0,19.0,10.0,561
104,15.0,32:31,0.4,0.5,4.0,2.0,1.0,1.0,15.0,-1.0,568
104,16.0,36:39,0.455,0.667,3.0,7.0,0.0,0.0,13.0,12.0,581
104,17.0,27:07,0.615,0.833,4.0,1.0,0.0,0.0,22.0,32.0,605
104,18.0,33:37,0.308,0.0,0.0,7.0,2.0,0.0,14.0,5.0,610
104,19.0,33:21,0.389,0.125,8.0,3.0,0.0,1.0,17.0,9.0,625
104,20.0,31:06,0.385,0.25,1.0,1.0,0.0,0.0,13.0,1.0,653
104,21.0,34:21,0.563,0.6,6.0,5.0,1.0,0.0,30.0,7.0,664
104,22.0,31:51,0.2,0.0,2.0,3.0,1.0,1.0,9.0,-13.0,678
104,23.0,34:50,0.33299999999999996,0.16699999999999998,3.0,5.0,1.0,0.0,17.0,-11.0,683
104,24.0,34:18,0.28600000000000003,0.2,7.0,3.0,3.0,0.0,12.0,-2.0,698
104,25.0,33:21,0.5379999999999999,0.2,3.0,5.0,0.0,0.0,16.0,-8.0,713
104,26.0,34:12,0.33299999999999996,0.33299999999999996,2.0,4.0,1.0,0.0,7.0,11.0,744
104,27.0,32:08,0.727,0.625,1.0,1.0,0.0,1.0,25.0,11.0,766
104,28.0,34:33,0.5329999999999999,0.375,4.0,8.0,1.0,1.0,22.0,25.0,778
104,29.0,24:49,0.545,0.33299999999999996,1.0,3.0,1.0,0.0,19.0,17.0,795
104,no play,,,,,,,,,,803
104,30.0,36:00,0.43799999999999994,0.33299999999999996,3.0,4.0,3.0,0.0,22.0,0.0,821
104,31.0,26:08,0.182,0.16699999999999998,1.0,1.0,0.0,0.0,6.0,-31.0,834
104,32.0,30:57,0.467,0.4,5.0,5.0,0.0,0.0,19.0,30.0,849
104,33.0,34:01,0.667,0.75,1.0,1.0,4.0,0.0,19.0,5.0,1236
104,34.0,36:53,0.5379999999999999,0.625,3.0,6.0,1.0,1.0,21.0,23.0,1253
104,35.0,38:11,0.4,0.0,2.0,8.0,2.0,1.0,15.0,9.0,1269
104,36.0,20:16,0.33299999999999996,0.0,2.0,3.0,0.0,0.0,2.0,-12.0,864
104,37.0,31:45,0.833,1.0,2.0,7.0,0.0,0.0,34.0,26.0,876
104,38.0,39:38,0.28600000000000003,0.33299999999999996,5.0,8.0,1.0,0.0,15.0,2.0,892
104,no play,,,,,,,,,,904
104,no play,,,,,,,,,,914
104,39.0,18:26,0.5,1.0,1.0,1.0,2.0,0.0,9.0,-22.0,933
104,40.0,36:48,0.467,0.5,8.0,6.0,1.0,0.0,19.0,3.0,956
104,41.0,30:45,0.5,0.25,4.0,3.0,0.0,0.0,17.0,22.0,968
104,42.0,30:58,0.3,0.2,2.0,2.0,1.0,0.0,9.0,-11.0,974
104,43.0,37:09,0.545,0.4,7.0,4.0,2.0,1.0,18.0,-12.0,992
104,44.0,37:45,0.41200000000000003,0.0,6.0,6.0,0.0,0.0,16.0,-1.0,1006
104,45.0,35:07,0.389,0.25,7.0,4.0,1.0,0.0,15.0,0.0,1026
104,46.0,32:27,0.364,0.33299999999999996,1.0,1.0,0.0,0.0,9.0,-29.0,1042
104,47.0,32:38,0.5,0.5,2.0,5.0,1.0,0.0,17.0,1.0,1062
104,no play,,,,,,,,,,1080
104,no play,,,,,,,,,,1095
104,no play,,,,,,,,,,1106
104,no play,,,,,,,,,,1123
104,no play,,,,,,,,,,1146
104,no play,,,,,,,,,,1155
104,48.0,18:44,0.778,0.7140000000000001,1.0,5.0,2.0,0.0,20.0,10.0,1172
104,49.0,21:38,0.5710000000000001,0.5,2.0,5.0,1.0,0.0,13.0,10.0,1188
