Player_ID,G,MP,FG%,3P%,TRB,AST,STL,BLK,PTS,+/-,Game_ID
150,1.0,38:44,0.619,0.5,9.0,5.0,1.0,1.0,31.0,-5.0,4
150,2.0,35:29,0.556,0.0,10.0,3.0,2.0,2.0,21.0,16.0,27
150,3.0,35:13,0.313,0.33299999999999996,8.0,8.0,0.0,3.0,17.0,-11.0,34
150,4.0,33:50,0.526,0.16699999999999998,9.0,7.0,1.0,2.0,24.0,11.0,47
150,5.0,33:58,0.611,0.0,7.0,9.0,2.0,2.0,27.0,20.0,62
150,6.0,25:03,0.556,0.0,8.0,8.0,4.0,1.0,17.0,23.0,81
150,7.0,26:11,0.33299999999999996,0.2,7.0,2.0,3.0,2.0,11.0,-12.0,86
150,8.0,34:31,0.43799999999999994,,10.0,1.0,1.0,2.0,17.0,-12.0,113
150,9.0,37:32,0.6920000000000001,0.0,6.0,5.0,4.0,4.0,27.0,3.0,133
150,10.0,40:16,0.5,0.0,15.0,7.0,1.0,2.0,26.0,4.0,159
150,11.0,35:18,0.33299999999999996,0.0,7.0,4.0,0.0,4.0,14.0,-20.0,166
150,12.0,40:43,0.435,0.33299999999999996,4.0,6.0,2.0,1.0,30.0,-4.0,187
150,13.0,38:50,0.462,0.0,11.0,10.0,5.0,3.0,21.0,14.0,200
150,14.0,35:05,0.706,0.0,6.0,11.0,1.0,0.0,29.0,-3.0,243
150,15.0,30:44,0.636,1.0,9.0,4.0,1.0,3.0,18.0,9.0,259
150,16.0,34:30,0.684,0.5,12.0,5.0,5.0,2.0,34.0,20.0,273
150,17.0,29:43,0.5,0.4,8.0,8.0,4.0,2.0,23.0,14.0,287
150,18.0,34:45,0.556,0.33299999999999996,10.0,6.0,2.0,5.0,16.0,13.0,301
150,19.0,29:00,0.5,1.0,11.0,2.0,2.0,1.0,22.0,-3.0,319
150,20.0,39:37,0.364,0.0,12.0,11.0,2.0,4.0,15.0,-3.0,1196
150,21.0,23:37,0.41700000000000004,0.25,6.0,1.0,0.0,1.0,14.0,0.0,340
150,22.0,41:22,0.611,0.5,13.0,7.0,0.0,0.0,28.0,2.0,346
150,23.0,38:58,0.565,0.0,9.0,5.0,3.0,0.0,30.0,-11.0,362
150,24.0,39:03,0.48100000000000004,0.5,14.0,3.0,3.0,1.0,30.0,15.0,384
150,25.0,34:59,0.615,0.667,7.0,11.0,3.0,1.0,22.0,29.0,393
150,26.0,43:48,0.385,0.667,13.0,2.0,2.0,3.0,25.0,3.0,423
150,27.0,31:30,0.5379999999999999,0.25,5.0,5.0,2.0,1.0,28.0,-12.0,429
150,28.0,32:40,0.632,0.0,8.0,6.0,2.0,1.0,39.0,24.0,447
150,29.0,38:08,0.5379999999999999,0.0,13.0,7.0,0.0,1.0,22.0,-3.0,466
150,30.0,34:42,0.444,0.33299999999999996,5.0,8.0,2.0,0.0,23.0,17.0,484
150,31.0,32:00,0.7859999999999999,,6.0,5.0,1.0,1.0,25.0,-18.0,502
150,32.0,40:34,0.684,1.0,9.0,8.0,2.0,7.0,35.0,16.0,508
150,33.0,41:13,0.526,0.33299999999999996,10.0,5.0,1.0,1.0,26.0,8.0,518
150,34.0,38:33,0.556,0.25,13.0,4.0,1.0,3.0,27.0,-11.0,536
150,35.0,38:10,0.429,0.4,5.0,2.0,2.0,6.0,25.0,-2.0,553
150,no play,,,,,,,,,,565
150,36.0,9:10,0.0,0.0,2.0,2.0,0.0,1.0,0.0,-15.0,580
150,37.0,36:28,0.667,,8.0,6.0,1.0,1.0,19.0,3.0,599
150,38.0,39:47,0.591,0.0,7.0,6.0,2.0,3.0,33.0,-9.0,613
150,39.0,28:52,0.526,0.0,6.0,2.0,2.0,3.0,23.0,0.0,620
150,40.0,37:01,0.65,0.25,11.0,6.0,1.0,3.0,32.0,-11.0,637
150,41.0,35:42,0.353,0.25,14.0,6.0,1.0,0.0,17.0,-9.0,648
150,42.0,37:56,0.4,0.4,10.0,3.0,2.0,0.0,24.0,-7.0,660
150,43.0,36:28,0.647,0.667,7.0,3.0,1.0,4.0,31.0,12.0,675
150,44.0,39:26,0.368,0.0,12.0,5.0,4.0,0.0,17.0,-15.0,689
150,45.0,33:13,0.467,,6.0,8.0,1.0,3.0,19.0,-8.0,702
150,46.0,45:05,0.5,0.667,7.0,6.0,0.0,1.0,21.0,1.0,711
150,47.0,38:46,0.2,0.0,6.0,4.0,1.0,0.0,9.0,-20.0,744
150,48.0,34:58,0.6920000000000001,0.33299999999999996,8.0,5.0,2.0,2.0,23.0,-12.0,758
150,49.0,33:52,0.6,0.0,12.0,6.0,0.0,4.0,30.0,35.0,767
150,50.0,36:08,0.6,0.667,8.0,1.0,2.0,1.0,22.0,-18.0,793
150,51.0,41:33,0.55,0.16699999999999998,8.0,6.0,2.0,3.0,41.0,-8.0,808
150,52.0,34:21,0.444,0.0,8.0,10.0,1.0,2.0,20.0,12.0,815
150,53.0,36:44,0.222,0.0,4.0,6.0,1.0,1.0,8.0,8.0,830
150,54.0,39:53,0.52,0.0,9.0,3.0,4.0,1.0,33.0,7.0,844
150,55.0,34:27,0.625,0.5,12.0,3.0,4.0,1.0,33.0,-1.0,1236
150,56.0,35:38,0.846,,8.0,6.0,1.0,2.0,28.0,5.0,1251
150,57.0,42:15,0.308,0.0,7.0,8.0,0.0,1.0,9.0,-12.0,1260
150,58.0,34:02,0.385,0.0,9.0,4.0,0.0,3.0,15.0,-7.0,860
150,59.0,31:27,0.769,,5.0,8.0,2.0,2.0,24.0,12.0,874
150,60.0,35:16,0.615,,10.0,4.0,0.0,1.0,21.0,-8.0,881
150,61.0,34:53,0.5379999999999999,0.5,8.0,5.0,2.0,3.0,24.0,14.0,895
150,62.0,41:11,0.524,0.0,13.0,7.0,4.0,2.0,32.0,10.0,912
150,63.0,39:22,0.5379999999999999,0.33299999999999996,8.0,5.0,5.0,1.0,21.0,13.0,927
150,64.0,40:01,0.4,0.0,4.0,7.0,0.0,2.0,18.0,1.0,938
150,65.0,27:58,0.429,0.25,5.0,4.0,1.0,0.0,18.0,-7.0,953
150,66.0,27:46,0.5,,5.0,5.0,0.0,1.0,16.0,-9.0,973
150,67.0,34:36,0.688,1.0,8.0,4.0,0.0,2.0,26.0,-5.0,987
150,68.0,30:33,0.28600000000000003,0.0,3.0,3.0,2.0,3.0,9.0,-25.0,995
150,69.0,35:59,0.381,0.0,8.0,3.0,0.0,2.0,22.0,5.0,1017
150,70.0,40:03,0.545,0.5,14.0,5.0,2.0,1.0,32.0,20.0,1025
150,71.0,35:46,0.591,0.33299999999999996,13.0,5.0,2.0,3.0,34.0,-4.0,1038
150,72.0,37:17,0.5710000000000001,0.0,8.0,4.0,0.0,0.0,22.0,-17.0,1050
150,73.0,39:06,0.615,1.0,8.0,2.0,0.0,1.0,20.0,1.0,1063
150,74.0,33:20,0.47100000000000003,0.5,9.0,3.0,3.0,3.0,22.0,-7.0,1073
150,75.0,44:44,0.43799999999999994,0.0,14.0,9.0,1.0,2.0,28.0,9.0,1090
150,76.0,39:32,0.556,0.0,15.0,9.0,4.0,2.0,31.0,-2.0,1105
150,77.0,24:26,0.3,0.0,10.0,4.0,0.0,3.0,11.0,-24.0,1120
150,78.0,35:17,0.5,0.0,7.0,6.0,0.0,1.0,25.0,-16.0,1136
150,79.0,40:17,0.467,0.0,10.0,6.0,3.0,2.0,20.0,6.0,1152
150,80.0,36:27,0.455,,11.0,10.0,0.0,1.0,10.0,23.0,1168
