Player_ID,G,MP,FG%,3P%,TRB,AST,STL,BLK,PTS,+/-,Game_ID
203,1.0,28:37,0.467,0.0,6.0,6.0,0.0,0.0,16.0,-1.0,0
203,2.0,33:50,0.33299999999999996,0.6,4.0,9.0,1.0,0.0,14.0,5.0,18
203,3.0,34:02,0.529,0.429,3.0,5.0,1.0,0.0,25.0,6.0,33
203,4.0,41:04,0.5710000000000001,0.625,7.0,8.0,2.0,2.0,25.0,9.0,45
203,5.0,36:26,0.429,0.6,5.0,5.0,1.0,0.0,17.0,3.0,67
203,6.0,24:44,0.41700000000000004,0.0,1.0,4.0,0.0,0.0,11.0,-23.0,93
203,7.0,22:02,0.33299999999999996,0.0,0.0,4.0,2.0,0.0,6.0,-5.0,114
203,no play,,,,,,,,,,132
203,no play,,,,,,,,,,146
203,no play,,,,,,,,,,150
203,8.0,35:00,0.35700000000000004,0.33299999999999996,6.0,4.0,1.0,0.0,16.0,8.0,166
203,9.0,36:40,0.5,0.5,4.0,6.0,1.0,0.0,22.0,1.0,182
203,10.0,35:04,0.308,0.0,4.0,7.0,3.0,1.0,10.0,0.0,195
203,11.0,22:15,0.14300000000000002,0.25,2.0,4.0,0.0,0.0,6.0,-31.0,214
203,no play,,,,,,,,,,244
203,no play,,,,,,,,,,254
203,12.0,37:48,0.5329999999999999,0.0,2.0,17.0,2.0,0.0,27.0,-3.0,267
203,13.0,34:18,0.353,0.0,3.0,7.0,1.0,0.0,16.0,-10.0,283
203,14.0,36:50,0.47600000000000003,0.667,4.0,6.0,0.0,0.0,27.0,-1.0,290
203,15.0,35:29,0.42100000000000004,0.0,9.0,8.0,2.0,0.0,18.0,-3.0,308
203,16.0,39:55,0.647,1.0,4.0,7.0,2.0,0.0,29.0,-15.0,326
203,17.0,34:36,0.47100000000000003,0.25,2.0,4.0,1.0,1.0,21.0,-22.0,1195
203,18.0,34:11,0.4,0.5,3.0,4.0,0.0,1.0,15.0,-13.0,338
203,19.0,34:35,0.526,0.0,5.0,11.0,0.0,0.0,21.0,-3.0,350
203,20.0,30:55,0.609,0.4,5.0,5.0,1.0,0.0,34.0,26.0,363
203,21.0,34:55,0.25,0.0,5.0,6.0,2.0,0.0,11.0,-4.0,377
203,22.0,39:16,0.43799999999999994,0.0,6.0,11.0,1.0,0.0,21.0,-2.0,397
203,23.0,36:43,0.5710000000000001,0.833,4.0,7.0,0.0,0.0,31.0,-2.0,411
203,24.0,45:10,0.353,0.5,4.0,5.0,0.0,0.0,19.0,-14.0,422
203,25.0,35:54,0.4,0.5,2.0,7.0,0.0,0.0,21.0,6.0,440
203,26.0,33:31,0.625,0.5,4.0,5.0,0.0,0.0,23.0,-3.0,449
203,no play,,,,,,,,,,478
203,27.0,32:05,0.182,0.0,3.0,8.0,0.0,0.0,5.0,-15.0,491
203,no play,,,,,,,,,,499
203,no play,,,,,,,,,,514
203,28.0,37:35,0.5,0.5,3.0,9.0,2.0,0.0,24.0,3.0,532
203,29.0,30:03,0.41700000000000004,0.0,1.0,7.0,2.0,0.0,19.0,22.0,540
203,30.0,22:28,0.5379999999999999,0.667,3.0,3.0,0.0,0.0,16.0,-4.0,554
203,31.0,42:05,0.5,0.4,6.0,5.0,1.0,0.0,24.0,-14.0,566
203,32.0,37:53,0.43799999999999994,0.4,2.0,4.0,1.0,0.0,17.0,-14.0,583
203,33.0,34:07,0.462,0.2,3.0,3.0,0.0,2.0,19.0,-13.0,599
203,34.0,37:28,0.5329999999999999,0.2,8.0,8.0,1.0,0.0,21.0,5.0,628
203,35.0,37:30,0.733,1.0,6.0,2.0,0.0,0.0,32.0,7.0,642
203,36.0,33:22,0.615,0.6,1.0,6.0,1.0,0.0,25.0,3.0,660
203,37.0,35:33,0.35700000000000004,0.2,4.0,5.0,1.0,0.0,19.0,-3.0,673
203,38.0,39:07,0.375,0.33299999999999996,9.0,9.0,2.0,0.0,17.0,6.0,687
203,39.0,34:20,0.6,0.25,5.0,11.0,3.0,0.0,26.0,19.0,704
203,40.0,33:17,0.5710000000000001,1.0,2.0,4.0,1.0,0.0,23.0,5.0,710
203,41.0,32:47,0.462,0.5,3.0,8.0,3.0,0.0,20.0,0.0,725
203,42.0,29:41,0.615,0.8,5.0,5.0,1.0,0.0,27.0,3.0,740
203,43.0,27:58,0.545,1.0,4.0,8.0,0.0,0.0,16.0,18.0,764
203,44.0,34:30,0.765,0.778,2.0,9.0,1.0,0.0,33.0,17.0,781
203,45.0,34:23,0.5379999999999999,0.0,4.0,7.0,2.0,0.0,16.0,11.0,793
203,46.0,34:32,0.5,0.25,4.0,5.0,1.0,0.0,21.0,3.0,805
203,47.0,36:32,0.5710000000000001,0.5,5.0,2.0,2.0,0.0,30.0,-4.0,816
203,48.0,35:41,0.4,0.0,3.0,1.0,1.0,1.0,22.0,7.0,829
203,49.0,32:59,0.5710000000000001,0.0,1.0,5.0,0.0,0.0,21.0,-5.0,847
203,50.0,29:14,0.313,0.33299999999999996,6.0,3.0,0.0,2.0,17.0,3.0,1239
203,51.0,27:58,0.667,0.33299999999999996,2.0,4.0,2.0,0.0,21.0,11.0,1245
203,52.0,37:25,0.47600000000000003,0.4,5.0,6.0,3.0,0.0,24.0,6.0,1262
203,53.0,22:52,0.462,0.33299999999999996,2.0,2.0,3.0,0.0,15.0,16.0,859
203,54.0,33:48,0.214,0.0,4.0,5.0,2.0,0.0,15.0,-9.0,872
203,55.0,24:21,0.75,0.8,3.0,5.0,0.0,0.0,23.0,18.0,882
203,56.0,33:59,0.47100000000000003,0.4,1.0,6.0,2.0,0.0,21.0,-2.0,897
203,57.0,34:06,0.462,0.33299999999999996,6.0,10.0,1.0,0.0,22.0,20.0,911
203,58.0,17:25,0.556,0.5,2.0,2.0,2.0,0.0,15.0,14.0,939
203,no play,,,,,,,,,,947
203,59.0,31:33,0.611,0.556,5.0,2.0,1.0,1.0,33.0,8.0,967
203,60.0,32:30,0.43799999999999994,0.25,5.0,10.0,3.0,0.0,19.0,14.0,985
203,61.0,38:22,0.28600000000000003,0.16699999999999998,4.0,3.0,3.0,0.0,17.0,-10.0,1001
203,62.0,28:14,0.4,0.4,4.0,2.0,2.0,0.0,16.0,18.0,1013
203,63.0,33:17,0.278,0.33299999999999996,7.0,7.0,4.0,0.0,13.0,-8.0,1028
203,64.0,34:01,0.429,0.2,1.0,4.0,2.0,0.0,13.0,-3.0,1053
203,65.0,34:27,0.563,0.25,4.0,4.0,0.0,1.0,28.0,0.0,1067
203,66.0,34:26,0.353,0.25,7.0,9.0,2.0,0.0,20.0,13.0,1075
203,67.0,34:54,0.47100000000000003,0.4,3.0,5.0,0.0,0.0,22.0,1.0,1093
203,68.0,33:47,0.5329999999999999,0.25,2.0,6.0,0.0,0.0,22.0,2.0,1110
203,69.0,33:13,0.619,0.556,1.0,4.0,2.0,0.0,33.0,15.0,1126
203,70.0,35:34,0.429,0.0,1.0,1.0,1.0,0.0,18.0,-9.0,1141
203,71.0,37:20,0.375,0.0,4.0,7.0,2.0,0.0,18.0,-9.0,1153
203,72.0,39:50,0.33299999999999996,,5.0,5.0,1.0,1.0,15.0,-9.0,1166
203,73.0,36:59,0.524,0.5,4.0,5.0,1.0,0.0,28.0,6.0,1182
