Player_ID,G,MP,FG%,3P%,TRB,AST,STL,BLK,PTS,+/-,Game_ID
4,no play,,,,,,,,,,
4,no play,,,,,,,,,,20
4,no play,,,,,,,,,,31
4,no play,,,,,,,,,,49
4,no play,,,,,,,,,,58
4,no play,,,,,,,,,,73
4,1.0,35:33,0.353,0.25,5.0,0.0,0.0,0.0,28.0,8.0,83
4,2.0,30:11,0.529,0.0,7.0,5.0,1.0,0.0,20.0,17.0,89
4,3.0,36:25,0.526,0.375,7.0,4.0,1.0,1.0,29.0,-6.0,104
4,4.0,39:25,0.353,0.25,10.0,8.0,1.0,0.0,20.0,17.0,120
4,5.0,34:38,0.5,0.25,9.0,4.0,0.0,0.0,25.0,21.0,132
4,6.0,35:40,0.28600000000000003,0.14300000000000002,4.0,3.0,0.0,0.0,13.0,-4.0,147
4,7.0,40:31,0.2,0.0,12.0,3.0,2.0,0.0,8.0,2.0,169
4,8.0,38:45,0.308,0.25,7.0,5.0,0.0,0.0,9.0,-16.0,180
4,9.0,32:53,0.429,0.4,7.0,2.0,0.0,0.0,25.0,-7.0,193
4,10.0,35:44,0.467,0.5,5.0,7.0,1.0,1.0,22.0,28.0,217
4,11.0,30:30,0.5710000000000001,1.0,7.0,0.0,2.0,1.0,24.0,16.0,242
4,12.0,34:05,0.429,0.0,5.0,2.0,2.0,0.0,24.0,27.0,269
4,13.0,36:16,0.5,0.5,5.0,7.0,0.0,0.0,31.0,12.0,276
4,14.0,40:19,0.545,0.429,3.0,7.0,2.0,0.0,32.0,1.0,290
4,15.0,36:51,0.5,0.75,4.0,0.0,2.0,0.0,32.0,8.0,307
4,16.0,35:58,0.43799999999999994,0.5,6.0,5.0,2.0,0.0,23.0,18.0,323
4,17.0,35:40,0.5,0.667,6.0,4.0,3.0,0.0,28.0,7.0,330
4,no play,,,,,,,,,,335
4,18.0,31:58,0.474,0.429,7.0,3.0,1.0,0.0,26.0,-2.0,354
4,19.0,31:51,0.5,0.0,2.0,2.0,0.0,2.0,17.0,16.0,382
4,20.0,35:10,0.364,0.5,9.0,4.0,0.0,0.0,13.0,3.0,398
4,21.0,37:28,0.385,0.5710000000000001,7.0,6.0,2.0,3.0,22.0,14.0,408
4,22.0,26:57,0.2,0.0,3.0,2.0,0.0,0.0,6.0,-23.0,427
4,23.0,39:34,0.5,0.4,10.0,3.0,0.0,0.0,28.0,4.0,434
4,24.0,37:42,0.5,0.2,1.0,5.0,1.0,1.0,23.0,-5.0,452
4,25.0,34:06,0.588,0.5,9.0,3.0,0.0,1.0,31.0,5.0,480
4,26.0,32:05,0.429,0.5,4.0,3.0,1.0,0.0,20.0,4.0,494
4,27.0,34:41,0.5379999999999999,0.0,9.0,4.0,2.0,0.0,18.0,1.0,511
4,28.0,34:33,0.5,0.75,4.0,3.0,2.0,1.0,30.0,11.0,520
4,29.0,34:17,0.5,0.429,2.0,2.0,1.0,0.0,23.0,-20.0,527
4,30.0,33:48,0.5,0.5,4.0,2.0,0.0,0.0,16.0,-14.0,542
4,31.0,32:13,0.308,0.25,2.0,3.0,1.0,0.0,16.0,-6.0,561
4,32.0,33:44,0.462,0.6,5.0,2.0,2.0,0.0,22.0,2.0,568
4,33.0,37:27,0.833,0.8,9.0,2.0,1.0,1.0,28.0,7.0,581
4,34.0,26:20,0.667,0.429,4.0,3.0,3.0,0.0,20.0,15.0,605
4,35.0,38:33,0.7,0.667,5.0,7.0,1.0,0.0,23.0,-3.0,610
4,36.0,32:24,0.308,0.33299999999999996,4.0,5.0,0.0,0.0,17.0,-2.0,625
4,37.0,38:14,0.364,0.429,7.0,4.0,1.0,1.0,26.0,7.0,653
4,38.0,31:09,0.615,0.667,2.0,0.0,0.0,0.0,27.0,3.0,664
4,39.0,35:42,0.353,0.33299999999999996,6.0,1.0,1.0,0.0,17.0,-18.0,678
4,40.0,34:46,0.2,0.667,6.0,3.0,0.0,0.0,9.0,-6.0,683
4,41.0,32:02,0.5,0.16699999999999998,3.0,2.0,1.0,0.0,24.0,16.0,698
4,42.0,36:19,0.308,0.0,7.0,5.0,0.0,1.0,14.0,1.0,713
4,43.0,32:05,0.615,0.5,5.0,5.0,3.0,0.0,27.0,21.0,744
4,44.0,36:59,0.65,0.5,8.0,2.0,1.0,0.0,33.0,9.0,766
4,45.0,30:26,0.667,0.4,7.0,5.0,2.0,0.0,30.0,18.0,778
4,46.0,26:17,0.43799999999999994,0.25,5.0,3.0,1.0,0.0,17.0,21.0,795
4,47.0,43:17,0.48100000000000004,0.4,4.0,3.0,1.0,0.0,36.0,0.0,803
4,48.0,37:39,0.526,0.444,1.0,4.0,1.0,0.0,31.0,2.0,821
4,49.0,29:09,0.16699999999999998,0.16699999999999998,5.0,0.0,0.0,0.0,7.0,-18.0,834
4,50.0,33:30,0.444,0.33299999999999996,6.0,7.0,0.0,0.0,22.0,31.0,849
4,51.0,34:11,0.647,0.25,3.0,4.0,0.0,0.0,29.0,10.0,1236
4,52.0,40:11,0.5,0.667,9.0,2.0,0.0,0.0,30.0,12.0,1253
4,53.0,32:38,0.41200000000000003,0.5,2.0,5.0,3.0,0.0,19.0,-3.0,1269
4,54.0,24:59,0.4,0.25,4.0,2.0,2.0,1.0,13.0,-26.0,864
4,55.0,34:48,0.455,0.2,3.0,6.0,2.0,0.0,12.0,20.0,876
4,56.0,40:29,0.33299999999999996,0.28600000000000003,6.0,5.0,0.0,0.0,23.0,9.0,892
4,57.0,36:03,0.5,0.4,7.0,2.0,1.0,0.0,23.0,12.0,904
4,58.0,37:20,0.5710000000000001,0.5,7.0,4.0,0.0,1.0,23.0,9.0,914
4,59.0,21:00,0.33299999999999996,0.5,3.0,0.0,1.0,0.0,9.0,-19.0,933
4,60.0,35:38,0.5,0.8,3.0,4.0,0.0,0.0,27.0,11.0,956
4,61.0,33:51,0.529,0.5710000000000001,9.0,6.0,1.0,0.0,25.0,30.0,968
4,62.0,34:39,0.28600000000000003,0.25,5.0,4.0,1.0,0.0,13.0,-1.0,974
4,63.0,36:12,0.313,0.375,6.0,2.0,4.0,0.0,14.0,-7.0,992
4,64.0,36:43,0.667,0.5,3.0,2.0,2.0,1.0,38.0,-10.0,1006
4,65.0,39:08,0.353,0.14300000000000002,8.0,3.0,1.0,0.0,19.0,9.0,1026
4,66.0,30:35,0.41700000000000004,0.4,5.0,3.0,0.0,0.0,13.0,-4.0,1042
4,no play,,,,,,,,,,1062
4,67.0,32:57,0.5710000000000001,0.6,6.0,4.0,0.0,0.0,20.0,13.0,1080
4,68.0,39:40,0.43799999999999994,0.16699999999999998,7.0,4.0,2.0,1.0,19.0,18.0,1095
4,69.0,35:41,0.316,0.2,3.0,4.0,1.0,0.0,16.0,0.0,1106
4,70.0,34:36,0.6,0.667,4.0,2.0,0.0,1.0,30.0,13.0,1123
4,71.0,39:01,0.636,0.8,3.0,5.0,2.0,0.0,39.0,13.0,1146
4,72.0,30:39,0.5,0.5,5.0,4.0,0.0,0.0,21.0,-16.0,1155
4,no play,,,,,,,,,,1172
4,73.0,22:42,0.778,0.0,2.0,1.0,1.0,1.0,14.0,8.0,1188
