Player_ID,G,MP,FG%,3P%,TRB,AST,STL,BLK,PTS,+/-,Game_ID
273,1.0,34:01,0.5,0.0,14.0,2.0,2.0,1.0,12.0,0.0,5
273,2.0,34:36,0.556,0.0,13.0,2.0,0.0,2.0,14.0,15.0,30
273,3.0,33:38,0.889,,6.0,2.0,3.0,2.0,17.0,35.0,48
273,4.0,27:54,0.16699999999999998,,4.0,2.0,0.0,1.0,2.0,-1.0,63
273,5.0,27:11,0.5,,8.0,0.0,0.0,4.0,8.0,-24.0,75
273,6.0,19:19,0.75,,2.0,3.0,1.0,1.0,8.0,-8.0,97
273,7.0,35:28,0.667,,11.0,7.0,2.0,1.0,12.0,15.0,105
273,8.0,30:12,0.5,0.0,5.0,2.0,1.0,0.0,6.0,-21.0,131
273,9.0,30:46,0.25,,9.0,2.0,0.0,1.0,2.0,15.0,138
273,10.0,32:52,0.5,0.0,11.0,3.0,0.0,1.0,9.0,-13.0,151
273,11.0,29:23,0.364,,10.0,3.0,1.0,1.0,12.0,6.0,168
273,12.0,35:51,0.429,,11.0,1.0,0.0,1.0,9.0,-12.0,186
273,13.0,39:31,0.625,,10.0,3.0,1.0,1.0,20.0,-2.0,201
273,14.0,24:01,0.7140000000000001,,8.0,5.0,0.0,0.0,13.0,-15.0,218
273,15.0,36:55,0.4,0.5,7.0,2.0,3.0,4.0,11.0,9.0,247
273,16.0,38:09,0.583,0.5,6.0,2.0,1.0,2.0,15.0,-10.0,255
273,17.0,31:32,0.375,,6.0,4.0,1.0,1.0,11.0,0.0,269
273,18.0,32:37,0.33299999999999996,,8.0,2.0,1.0,0.0,8.0,4.0,281
273,19.0,17:47,0.5,,5.0,0.0,0.0,0.0,2.0,-21.0,295
273,20.0,31:02,0.273,0.5,8.0,1.0,0.0,2.0,7.0,0.0,302
273,21.0,33:05,0.778,,8.0,1.0,1.0,0.0,16.0,-7.0,329
273,22.0,33:05,0.444,0.0,7.0,3.0,1.0,0.0,10.0,-14.0,331
273,23.0,27:05,0.667,,7.0,3.0,1.0,0.0,13.0,1.0,342
273,24.0,35:51,0.4,,6.0,0.0,2.0,2.0,11.0,-4.0,358
273,25.0,37:04,0.583,0.5,7.0,2.0,0.0,2.0,16.0,15.0,370
273,26.0,32:47,0.667,,6.0,1.0,0.0,2.0,4.0,7.0,403
273,27.0,40:00,0.5,,9.0,1.0,1.0,2.0,10.0,7.0,416
273,28.0,39:52,0.5,0.0,9.0,1.0,1.0,3.0,12.0,8.0,430
273,29.0,42:57,0.6,,10.0,1.0,1.0,2.0,6.0,0.0,450
273,30.0,29:24,0.429,,6.0,0.0,2.0,0.0,6.0,-19.0,464
273,31.0,34:33,0.5,,7.0,3.0,3.0,0.0,14.0,27.0,473
273,32.0,39:27,0.818,,8.0,1.0,1.0,1.0,20.0,2.0,488
273,33.0,34:00,0.5,,4.0,3.0,1.0,3.0,6.0,17.0,502
273,34.0,37:37,0.385,,9.0,2.0,2.0,0.0,12.0,-14.0,516
273,35.0,27:28,0.667,,8.0,2.0,1.0,2.0,10.0,-9.0,526
273,36.0,39:33,0.5,1.0,11.0,2.0,2.0,0.0,15.0,0.0,549
273,37.0,40:05,0.364,0.5,8.0,4.0,0.0,1.0,11.0,-1.0,561
273,38.0,25:20,0.625,,5.0,0.0,0.0,0.0,12.0,2.0,575
273,39.0,25:35,1.0,,2.0,2.0,0.0,1.0,10.0,20.0,587
273,40.0,33:14,0.1,0.0,3.0,2.0,0.0,0.0,4.0,11.0,601
273,41.0,31:10,0.833,0.0,8.0,0.0,1.0,0.0,21.0,5.0,611
273,42.0,28:31,0.5,,6.0,2.0,1.0,4.0,17.0,5.0,630
273,43.0,25:54,0.625,,7.0,1.0,0.0,0.0,13.0,0.0,645
273,44.0,16:30,0.667,,1.0,1.0,2.0,1.0,4.0,-2.0,669
273,45.0,33:54,0.727,,9.0,2.0,1.0,3.0,16.0,12.0,684
273,46.0,33:33,0.5,,9.0,1.0,2.0,2.0,8.0,6.0,696
273,47.0,33:53,0.444,,10.0,4.0,2.0,0.0,12.0,19.0,715
273,48.0,32:50,0.28600000000000003,0.5,14.0,3.0,0.0,0.0,5.0,-5.0,726
273,49.0,20:37,0.25,,6.0,2.0,0.0,0.0,2.0,-19.0,737
273,50.0,31:50,0.33299999999999996,0.0,12.0,2.0,1.0,3.0,6.0,-5.0,754
273,51.0,34:36,0.16699999999999998,,13.0,1.0,0.0,0.0,2.0,8.0,769
273,52.0,24:49,0.75,,7.0,0.0,1.0,0.0,13.0,3.0,781
273,53.0,31:57,0.5,1.0,9.0,1.0,2.0,0.0,11.0,-6.0,796
273,54.0,33:45,0.375,1.0,8.0,1.0,3.0,0.0,8.0,-14.0,810
273,55.0,34:04,0.556,0.0,13.0,0.0,2.0,1.0,10.0,16.0,822
273,56.0,37:53,0.444,0.5,10.0,1.0,0.0,0.0,12.0,-11.0,838
273,57.0,28:07,0.33299999999999996,0.5,5.0,2.0,2.0,0.0,7.0,5.0,848
273,58.0,32:08,0.25,,3.0,0.0,2.0,0.0,4.0,25.0,1238
273,59.0,36:01,0.7,0.0,13.0,2.0,4.0,1.0,16.0,-11.0,1248
273,60.0,20:18,0.0,0.0,10.0,1.0,0.0,0.0,2.0,-10.0,1264
273,61.0,23:00,0.33299999999999996,,6.0,1.0,1.0,2.0,7.0,25.0,864
273,62.0,37:22,0.455,,11.0,4.0,1.0,1.0,13.0,5.0,886
273,63.0,39:06,0.5,,9.0,2.0,4.0,2.0,7.0,18.0,915
273,64.0,24:00,0.5,,4.0,0.0,1.0,1.0,12.0,13.0,928
273,65.0,24:00,0.5,,6.0,0.0,0.0,1.0,7.0,-5.0,938
273,66.0,32:25,0.667,,10.0,0.0,1.0,3.0,10.0,9.0,955
273,67.0,31:07,0.429,0.0,9.0,4.0,0.0,0.0,8.0,-9.0,966
273,68.0,27:33,0.0,,5.0,2.0,0.0,1.0,0.0,-9.0,985
273,69.0,35:23,0.75,,9.0,1.0,2.0,2.0,9.0,-10.0,999
273,70.0,32:58,0.667,0.5,4.0,2.0,0.0,0.0,9.0,-16.0,1016
273,71.0,38:43,0.545,0.0,6.0,3.0,1.0,3.0,14.0,3.0,1040
273,72.0,34:51,0.429,0.0,7.0,2.0,4.0,2.0,13.0,-8.0,1046
273,73.0,44:10,0.5710000000000001,0.667,7.0,1.0,1.0,2.0,19.0,-1.0,1064
273,74.0,41:49,0.444,1.0,15.0,6.0,0.0,3.0,11.0,22.0,1083
273,75.0,36:58,0.375,0.5,8.0,2.0,3.0,1.0,11.0,7.0,1100
273,76.0,39:16,0.375,,8.0,3.0,0.0,2.0,8.0,7.0,1114
273,77.0,28:09,0.4,0.0,9.0,4.0,0.0,0.0,6.0,-16.0,1124
273,78.0,39:06,0.25,,11.0,2.0,1.0,2.0,4.0,-4.0,1139
273,79.0,26:32,0.5,,5.0,1.0,2.0,1.0,6.0,-10.0,1146
273,80.0,37:27,0.667,,7.0,4.0,1.0,3.0,12.0,3.0,1163
273,81.0,38:51,0.818,,8.0,3.0,2.0,1.0,19.0,-2.0,1174
273,82.0,27:21,0.375,,8.0,2.0,0.0,0.0,6.0,-30.0,1185
