Player_ID,G,MP,FG%,3P%,TRB,AST,STL,BLK,PTS,+/-,Game_ID
8,1.0,29:20,0.385,,10.0,3.0,1.0,3.0,14.0,2.0,4
8,2.0,18:59,0.429,,3.0,3.0,4.0,0.0,11.0,14.0,27
8,3.0,17:46,0.444,,5.0,0.0,2.0,0.0,11.0,-9.0,34
8,4.0,17:34,0.33299999999999996,,12.0,6.0,0.0,1.0,6.0,1.0,47
8,5.0,25:39,0.545,,16.0,7.0,0.0,1.0,16.0,0.0,62
8,6.0,13:52,0.5,,3.0,2.0,1.0,1.0,6.0,18.0,81
8,7.0,28:55,0.5,,12.0,1.0,3.0,0.0,14.0,-2.0,86
8,8.0,19:36,0.6,,3.0,2.0,1.0,0.0,8.0,-4.0,113
8,9.0,21:25,0.667,,7.0,3.0,2.0,0.0,7.0,8.0,133
8,10.0,7:22,0.25,,3.0,0.0,0.0,0.0,4.0,-7.0,159
8,no play,,,,,,,,,,166
8,11.0,2:05,0.5,,0.0,1.0,0.0,0.0,2.0,-7.0,187
8,12.0,8:26,0.25,,2.0,0.0,1.0,1.0,2.0,9.0,200
8,13.0,18:59,0.5,,10.0,1.0,0.0,0.0,8.0,-1.0,243
8,14.0,16:34,0.667,,7.0,1.0,1.0,0.0,11.0,7.0,259
8,15.0,25:41,0.75,,6.0,4.0,2.0,1.0,14.0,23.0,273
8,16.0,19:47,0.25,,6.0,2.0,1.0,1.0,2.0,8.0,287
8,17.0,21:15,0.5,,7.0,1.0,4.0,1.0,13.0,-11.0,301
8,18.0,21:05,0.556,,13.0,2.0,0.0,0.0,10.0,2.0,319
8,19.0,22:38,0.7140000000000001,,4.0,1.0,3.0,0.0,15.0,11.0,1196
8,20.0,22:33,0.462,,6.0,5.0,2.0,0.0,14.0,3.0,340
8,21.0,22:34,0.4,,6.0,5.0,0.0,0.0,6.0,-2.0,346
8,22.0,15:51,1.0,,2.0,0.0,1.0,0.0,11.0,-11.0,362
8,23.0,21:35,0.429,,5.0,3.0,2.0,1.0,7.0,11.0,384
8,24.0,23:23,0.429,,12.0,3.0,0.0,0.0,14.0,14.0,393
8,25.0,17:56,0.6,,4.0,1.0,0.0,0.0,6.0,1.0,423
8,26.0,17:57,0.429,0.0,7.0,0.0,0.0,1.0,8.0,-12.0,429
8,27.0,20:55,0.7140000000000001,,11.0,4.0,1.0,1.0,12.0,28.0,447
8,28.0,22:26,0.7,,6.0,1.0,1.0,0.0,16.0,-10.0,466
8,29.0,26:37,0.7,,5.0,6.0,2.0,1.0,14.0,20.0,484
8,30.0,14:18,0.4,,1.0,0.0,0.0,0.0,8.0,-11.0,502
8,31.0,33:58,0.462,,12.0,2.0,2.0,0.0,15.0,27.0,508
8,32.0,27:02,0.7,,8.0,2.0,1.0,1.0,15.0,10.0,518
8,33.0,30:46,0.7,,9.0,4.0,3.0,1.0,18.0,7.0,536
8,34.0,27:40,0.545,,7.0,4.0,2.0,1.0,19.0,1.0,553
8,35.0,32:41,0.41700000000000004,,12.0,3.0,4.0,1.0,12.0,4.0,565
8,36.0,28:05,0.5379999999999999,,9.0,4.0,0.0,0.0,14.0,2.0,580
8,37.0,25:19,0.385,,11.0,0.0,0.0,0.0,16.0,0.0,599
8,38.0,20:23,0.5,,1.0,1.0,0.0,0.0,13.0,-13.0,613
8,39.0,21:09,0.462,,6.0,2.0,1.0,0.0,14.0,-12.0,620
8,40.0,17:30,0.25,,4.0,2.0,0.0,1.0,2.0,-8.0,637
8,41.0,14:04,0.33299999999999996,,5.0,1.0,1.0,0.0,7.0,-28.0,648
8,42.0,17:13,0.429,,6.0,0.0,0.0,0.0,9.0,-12.0,660
8,43.0,27:15,0.5379999999999999,0.0,10.0,1.0,3.0,0.0,17.0,13.0,675
8,44.0,29:50,0.647,,9.0,2.0,1.0,0.0,28.0,9.0,689
8,45.0,17:28,0.6,,2.0,1.0,1.0,1.0,6.0,-15.0,702
8,46.0,35:06,0.4,,13.0,1.0,3.0,3.0,14.0,0.0,711
8,47.0,23:57,0.5,,4.0,1.0,2.0,0.0,13.0,-10.0,744
8,48.0,12:50,0.5,,2.0,1.0,0.0,0.0,8.0,-7.0,758
8,49.0,20:06,1.0,,4.0,2.0,3.0,1.0,13.0,25.0,767
8,50.0,22:02,0.4,,7.0,2.0,0.0,0.0,6.0,-4.0,793
8,51.0,19:00,0.5,,1.0,3.0,1.0,0.0,8.0,11.0,808
8,52.0,26:19,0.75,,8.0,4.0,2.0,2.0,17.0,21.0,815
8,53.0,31:15,0.8,,13.0,2.0,3.0,0.0,25.0,13.0,830
8,54.0,33:51,0.75,,8.0,3.0,2.0,0.0,25.0,3.0,844
8,55.0,21:27,0.25,,8.0,2.0,0.0,0.0,6.0,-20.0,1236
8,56.0,33:30,0.385,,8.0,3.0,3.0,2.0,14.0,8.0,1251
8,57.0,19:06,0.7140000000000001,,3.0,4.0,0.0,0.0,13.0,4.0,1260
8,58.0,22:41,0.4,,9.0,6.0,0.0,0.0,11.0,1.0,860
8,59.0,35:03,0.733,,5.0,5.0,2.0,1.0,24.0,19.0,874
8,60.0,21:31,0.222,,6.0,2.0,1.0,2.0,4.0,1.0,881
8,61.0,22:28,0.5,,2.0,0.0,0.0,0.0,12.0,6.0,895
8,62.0,29:07,0.429,,8.0,3.0,0.0,1.0,17.0,15.0,912
8,63.0,27:18,0.857,,7.0,2.0,1.0,1.0,18.0,18.0,927
8,64.0,33:08,0.429,,6.0,2.0,1.0,0.0,12.0,-4.0,938
8,65.0,26:26,0.5,,5.0,1.0,2.0,0.0,13.0,-8.0,953
8,66.0,27:06,0.5,,6.0,4.0,2.0,0.0,12.0,2.0,973
8,67.0,16:15,1.0,,6.0,3.0,1.0,3.0,12.0,2.0,987
8,68.0,17:25,0.462,,7.0,2.0,1.0,0.0,12.0,-12.0,995
8,69.0,22:20,0.33299999999999996,,9.0,2.0,1.0,1.0,9.0,3.0,1017
8,70.0,20:23,0.833,,4.0,1.0,0.0,0.0,15.0,13.0,1025
8,71.0,26:15,0.467,,10.0,3.0,0.0,0.0,14.0,13.0,1038
8,72.0,26:07,0.5379999999999999,,4.0,2.0,0.0,0.0,16.0,-5.0,1050
8,73.0,25:29,0.857,,8.0,6.0,0.0,0.0,13.0,8.0,1063
8,74.0,26:42,0.667,,8.0,3.0,1.0,0.0,16.0,3.0,1073
8,75.0,21:54,0.16699999999999998,,6.0,4.0,0.0,0.0,3.0,-22.0,1090
8,76.0,23:52,1.0,,6.0,1.0,1.0,0.0,6.0,-9.0,1105
8,77.0,16:13,0.667,,5.0,0.0,0.0,0.0,8.0,-10.0,1120
8,78.0,18:29,0.5,,2.0,0.0,2.0,0.0,4.0,-22.0,1136
8,79.0,22:02,0.5710000000000001,,5.0,3.0,2.0,1.0,17.0,-2.0,1152
8,80.0,25:42,0.5,,8.0,3.0,1.0,0.0,16.0,-1.0,1168
8,81.0,16:51,0.429,0.0,6.0,4.0,0.0,0.0,10.0,4.0,1180
