Player_ID,G,MP,FG%,3P%,TRB,AST,STL,BLK,PTS,+/-,Game_ID
33,1.0,3:52,,,1.0,1.0,0.0,0.0,0.0,12.0,2
33,no play,,,,,,,,,,15
33,2.0,8:22,1.0,,0.0,1.0,1.0,0.0,3.0,-4.0,27
33,3.0,21:09,0.273,0.0,4.0,2.0,0.0,0.0,6.0,-16.0,39
33,4.0,19:41,0.4,1.0,4.0,4.0,0.0,0.0,5.0,-3.0,53
33,5.0,23:21,0.444,0.0,2.0,3.0,2.0,2.0,8.0,-2.0,68
33,6.0,25:31,0.4,0.0,7.0,7.0,0.0,1.0,6.0,12.0,97
33,no play,,,,,,,,,,102
33,no play,,,,,,,,,,135
33,no play,,,,,,,,,,148
33,7.0,9:16,0.5,0.0,0.0,0.0,0.0,1.0,4.0,3.0,153
33,8.0,17:11,0.33299999999999996,0.0,1.0,4.0,1.0,0.0,4.0,1.0,174
33,9.0,23:42,0.2,0.25,1.0,2.0,1.0,1.0,11.0,-7.0,190
33,10.0,24:10,0.25,,4.0,3.0,0.0,1.0,4.0,0.0,213
33,11.0,28:46,0.2,0.0,2.0,7.0,2.0,2.0,4.0,-7.0,245
33,12.0,28:48,0.667,1.0,4.0,2.0,0.0,0.0,11.0,9.0,258
33,13.0,46:09,0.25,0.33299999999999996,3.0,4.0,0.0,0.0,6.0,3.0,272
33,14.0,30:45,0.375,0.0,0.0,4.0,2.0,1.0,8.0,-10.0,287
33,15.0,23:39,0.5,0.0,3.0,0.0,0.0,0.0,6.0,0.0,301
33,16.0,24:28,0.375,,4.0,5.0,0.0,0.0,6.0,-11.0,316
33,17.0,28:57,0.455,0.4,2.0,2.0,4.0,1.0,14.0,13.0,1194
33,18.0,23:19,0.33299999999999996,0.25,0.0,2.0,1.0,0.0,7.0,-14.0,353
33,19.0,24:27,0.75,0.0,2.0,5.0,0.0,0.0,13.0,-23.0,364
33,20.0,24:00,0.75,,2.0,2.0,1.0,0.0,8.0,11.0,378
33,21.0,23:34,0.667,,3.0,8.0,0.0,0.0,4.0,4.0,390
33,22.0,20:58,0.5,0.667,1.0,0.0,0.0,0.0,11.0,-8.0,409
33,no play,,,,,,,,,,420
33,no play,,,,,,,,,,438
33,no play,,,,,,,,,,444
33,23.0,16:06,0.5710000000000001,0.5,2.0,3.0,1.0,1.0,9.0,1.0,468
33,24.0,18:43,0.5,0.0,2.0,2.0,1.0,2.0,4.0,4.0,485
33,25.0,25:21,0.25,0.25,1.0,2.0,1.0,0.0,6.0,-19.0,498
33,26.0,30:50,0.364,0.33299999999999996,6.0,1.0,0.0,1.0,12.0,-6.0,520
33,27.0,12:54,0.429,0.5,2.0,1.0,0.0,1.0,7.0,-13.0,541
33,28.0,30:14,0.4,0.0,10.0,3.0,1.0,0.0,10.0,-3.0,552
33,29.0,20:39,0.33299999999999996,0.5,3.0,3.0,0.0,2.0,5.0,4.0,564
33,30.0,26:16,0.375,1.0,2.0,3.0,0.0,2.0,7.0,-4.0,578
33,31.0,15:43,0.28600000000000003,0.0,2.0,1.0,1.0,0.0,4.0,-2.0,592
33,no play,,,,,,,,,,598
33,32.0,14:58,0.33299999999999996,0.33299999999999996,3.0,4.0,0.0,0.0,6.0,-7.0,614
33,33.0,13:26,0.4,0.33299999999999996,1.0,2.0,0.0,0.0,5.0,4.0,627
33,34.0,28:55,0.375,0.0,3.0,2.0,2.0,1.0,7.0,36.0,650
33,35.0,22:41,0.5,1.0,4.0,4.0,0.0,0.0,3.0,-9.0,657
33,36.0,28:33,0.4,0.5,1.0,3.0,0.0,0.0,19.0,-20.0,671
33,37.0,15:10,0.0,,3.0,0.0,0.0,1.0,2.0,-8.0,687
33,38.0,24:01,0.444,1.0,3.0,3.0,0.0,0.0,16.0,15.0,700
33,39.0,26:44,0.33299999999999996,0.0,2.0,8.0,2.0,1.0,10.0,-12.0,715
33,40.0,23:39,0.5,0.33299999999999996,4.0,5.0,0.0,1.0,13.0,7.0,725
33,41.0,23:12,0.222,,4.0,4.0,0.0,0.0,4.0,11.0,739
33,42.0,14:10,0.0,0.0,1.0,4.0,0.0,0.0,0.0,-13.0,753
33,43.0,14:53,0.25,0.0,1.0,1.0,0.0,0.0,2.0,-6.0,771
33,44.0,25:34,0.364,0.5,1.0,7.0,1.0,0.0,11.0,2.0,785
33,45.0,20:38,0.33299999999999996,0.5,2.0,2.0,0.0,0.0,7.0,-8.0,790
33,46.0,15:32,0.33299999999999996,0.0,2.0,0.0,0.0,0.0,6.0,-4.0,805
33,47.0,17:07,0.6,0.5,0.0,2.0,2.0,0.0,7.0,-8.0,828
33,48.0,17:32,0.6,0.0,2.0,2.0,0.0,0.0,7.0,-9.0,844
33,49.0,19:06,0.5710000000000001,0.667,2.0,3.0,0.0,0.0,12.0,-1.0,1240
33,50.0,23:02,0.4,0.0,5.0,4.0,1.0,0.0,9.0,-7.0,1249
33,51.0,18:07,0.75,0.5,2.0,0.0,0.0,0.0,14.0,6.0,866
33,52.0,24:50,0.25,0.25,4.0,1.0,1.0,0.0,7.0,0.0,876
33,53.0,23:11,0.6,0.0,0.0,1.0,0.0,0.0,6.0,-6.0,887
33,54.0,23:05,0.625,0.5,2.0,1.0,2.0,1.0,15.0,-1.0,900
33,55.0,23:40,0.5,0.0,3.0,2.0,0.0,1.0,6.0,1.0,910
33,56.0,25:27,0.667,0.5,0.0,1.0,0.0,0.0,24.0,0.0,931
33,57.0,26:12,0.4,0.4,3.0,2.0,2.0,0.0,10.0,6.0,946
33,58.0,32:58,0.28600000000000003,0.5,5.0,2.0,0.0,1.0,5.0,-15.0,960
33,59.0,21:09,0.667,0.0,1.0,1.0,0.0,0.0,8.0,1.0,976
33,60.0,23:09,0.0,0.0,2.0,1.0,0.0,3.0,2.0,-4.0,982
33,61.0,23:28,0.429,0.25,2.0,2.0,0.0,0.0,10.0,-7.0,996
33,62.0,28:08,0.222,,4.0,2.0,0.0,1.0,7.0,-4.0,1012
33,63.0,27:50,0.5,0.0,4.0,3.0,2.0,1.0,11.0,32.0,1027
33,64.0,18:06,0.8,,2.0,2.0,0.0,0.0,10.0,-4.0,1032
33,65.0,26:19,0.5710000000000001,0.0,2.0,3.0,3.0,1.0,9.0,12.0,1048
33,66.0,25:49,0.2,0.33299999999999996,5.0,1.0,0.0,1.0,3.0,-13.0,1065
33,67.0,15:08,0.0,0.0,3.0,0.0,1.0,0.0,0.0,-7.0,1081
33,68.0,26:20,0.75,0.0,1.0,5.0,1.0,0.0,6.0,16.0,1099
33,69.0,23:16,0.5,0.0,4.0,2.0,0.0,0.0,6.0,14.0,1109
33,no play,,,,,,,,,,1115
33,70.0,25:37,0.429,0.25,3.0,3.0,1.0,2.0,10.0,3.0,1135
33,71.0,20:30,0.4,0.0,4.0,4.0,0.0,1.0,4.0,-1.0,1149
33,72.0,25:32,0.375,0.0,1.0,4.0,1.0,0.0,6.0,-7.0,1165
33,73.0,25:52,0.2,0.25,3.0,2.0,0.0,0.0,5.0,-22.0,1183
