Player_ID,G,MP,FG%,3P%,TRB,AST,STL,BLK,PTS,+/-,Game_ID
381,no play,,,,,,,,,,9
381,no play,,,,,,,,,,20
381,no play,,,,,,,,,,35
381,no play,,,,,,,,,,43
381,1.0,18:42,0.75,,4.0,0.0,1.0,0.0,6.0,10.0,55
381,2.0,0:48,,,0.0,0.0,0.0,0.0,0.0,0.0,74
381,no play,,,,,,,,,,88
381,no play,,,,,,,,,,100
381,no play,,,,,,,,,,116
381,no play,,,,,,,,,,125
381,3.0,7:34,0.0,,2.0,0.0,0.0,0.0,1.0,-4.0,138
381,no play,,,,,,,,,,153
381,no play,,,,,,,,,,178
381,no play,,,,,,,,,,194
381,no play,,,,,,,,,,207
381,no play,,,,,,,,,,219
381,no play,,,,,,,,,,249
381,no play,,,,,,,,,,263
381,no play,,,,,,,,,,274
381,no play,,,,,,,,,,279
381,no play,,,,,,,,,,294
381,no play,,,,,,,,,,305
381,no play,,,,,,,,,,323
381,4.0,5:14,0.0,,0.0,0.0,0.0,0.0,2.0,-1.0,1197
381,no play,,,,,,,,,,344
381,no play,,,,,,,,,,360
381,5.0,2:20,0.0,,0.0,0.0,0.0,0.0,0.0,-5.0,367
381,no play,,,,,,,,,,378
381,no play,,,,,,,,,,396
381,no play,,,,,,,,,,402
381,6.0,2:31,0.0,,1.0,0.0,0.0,0.0,0.0,0.0,419
381,no play,,,,,,,,,,440
381,7.0,17:08,0.28600000000000003,,2.0,1.0,0.0,0.0,6.0,-10.0,443
381,no play,,,,,,,,,,465
381,no play,,,,,,,,,,480
381,no play,,,,,,,,,,496
381,no play,,,,,,,,,,517
381,no play,,,,,,,,,,533
381,no play,,,,,,,,,,548
381,no play,,,,,,,,,,554
381,no play,,,,,,,,,,572
381,no play,,,,,,,,,,582
381,8.0,14:30,0.5710000000000001,,4.0,1.0,2.0,1.0,8.0,-12.0,594
381,9.0,2:32,1.0,,0.0,0.0,0.0,0.0,2.0,1.0,606
381,10.0,8:34,0.5,,5.0,1.0,0.0,2.0,4.0,1.0,617
381,11.0,26:01,0.455,,13.0,1.0,1.0,3.0,11.0,8.0,631
381,12.0,6:25,1.0,,1.0,0.0,0.0,0.0,4.0,-5.0,654
381,13.0,18:33,0.5,,4.0,1.0,0.0,1.0,2.0,-29.0,667
381,14.0,27:40,0.33299999999999996,,10.0,2.0,0.0,3.0,12.0,13.0,694
381,15.0,26:19,0.545,,10.0,1.0,0.0,0.0,16.0,-1.0,698
381,16.0,21:06,0.889,,6.0,1.0,0.0,0.0,17.0,-5.0,735
381,17.0,11:05,0.5,,3.0,0.0,0.0,1.0,4.0,-4.0,748
381,18.0,4:26,,,2.0,0.0,0.0,0.0,1.0,-6.0,757
381,19.0,17:00,0.556,,7.0,0.0,1.0,3.0,10.0,-8.0,774
381,20.0,21:33,0.4,,2.0,1.0,0.0,2.0,5.0,-17.0,792
381,21.0,20:34,0.636,,6.0,2.0,0.0,1.0,15.0,0.0,808
381,22.0,10:11,0.0,,5.0,0.0,0.0,0.0,0.0,-6.0,839
381,23.0,13:49,0.5,,4.0,0.0,0.0,0.0,8.0,-17.0,850
381,24.0,26:49,0.556,,6.0,1.0,1.0,3.0,11.0,2.0,1237
381,25.0,18:01,0.33299999999999996,,2.0,0.0,1.0,1.0,2.0,-10.0,1250
381,26.0,8:04,0.33299999999999996,0.0,2.0,0.0,0.0,0.0,4.0,-8.0,1270
381,27.0,22:31,0.5,,1.0,3.0,2.0,2.0,8.0,9.0,879
381,no play,,,,,,,,,,894
381,no play,,,,,,,,,,907
381,28.0,16:58,0.5379999999999999,,3.0,0.0,1.0,2.0,14.0,6.0,924
381,29.0,18:53,0.8,,6.0,0.0,0.0,4.0,10.0,-11.0,950
381,30.0,30:23,0.8,,11.0,1.0,0.0,1.0,25.0,8.0,958
381,31.0,10:34,0.5,,2.0,1.0,0.0,0.0,2.0,-4.0,970
381,32.0,29:26,0.6,,8.0,1.0,0.0,0.0,18.0,-7.0,987
381,33.0,19:16,0.5710000000000001,,6.0,2.0,0.0,1.0,10.0,2.0,1003
381,34.0,35:50,0.5710000000000001,,7.0,3.0,1.0,1.0,17.0,-6.0,1018
381,35.0,21:18,0.429,,3.0,3.0,1.0,0.0,7.0,-4.0,1040
381,36.0,25:57,0.444,0.0,7.0,2.0,0.0,0.0,10.0,-8.0,1056
381,37.0,17:42,0.375,,4.0,1.0,2.0,1.0,10.0,0.0,1070
381,38.0,2:14,0.5,,0.0,0.0,0.0,0.0,2.0,-5.0,1083
381,no play,,,,,,,,,,1097
381,no play,,,,,,,,,,1104
381,no play,,,,,,,,,,1131
381,no play,,,,,,,,,,1148
381,no play,,,,,,,,,,1163
381,no play,,,,,,,,,,1176
381,no play,,,,,,,,,,1190
