Player_ID,G,MP,FG%,3P%,TRB,AST,STL,BLK,PTS,+/-,Game_ID
161,1.0,29:50,0.444,1.0,6.0,3.0,0.0,0.0,13.0,-12.0,4
161,2.0,34:45,0.455,0.0,8.0,4.0,2.0,0.0,14.0,15.0,27
161,3.0,29:12,0.375,0.0,6.0,1.0,0.0,0.0,13.0,-10.0,34
161,4.0,29:17,0.5,0.0,2.0,0.0,0.0,0.0,21.0,-5.0,47
161,5.0,33:03,0.647,0.667,8.0,3.0,0.0,1.0,27.0,9.0,62
161,6.0,25:07,0.429,0.0,6.0,2.0,3.0,1.0,19.0,18.0,81
161,7.0,39:01,0.5,0.0,7.0,1.0,1.0,0.0,16.0,-19.0,86
161,8.0,35:14,0.5,0.5,9.0,1.0,1.0,1.0,33.0,-8.0,113
161,9.0,34:00,0.313,0.0,4.0,2.0,0.0,0.0,16.0,14.0,133
161,10.0,35:04,0.5,0.0,8.0,3.0,3.0,0.0,23.0,-8.0,159
161,11.0,32:40,0.25,0.16699999999999998,8.0,2.0,1.0,1.0,11.0,-24.0,166
161,12.0,36:38,0.611,0.5,5.0,5.0,2.0,0.0,28.0,-9.0,187
161,13.0,35:24,0.47100000000000003,0.7140000000000001,3.0,3.0,3.0,0.0,22.0,-1.0,200
161,14.0,33:25,0.429,0.2,4.0,0.0,0.0,0.0,14.0,-4.0,243
161,15.0,28:49,0.375,0.5,7.0,4.0,0.0,0.0,9.0,2.0,259
161,16.0,30:59,0.41200000000000003,0.33299999999999996,4.0,1.0,2.0,0.0,18.0,-2.0,273
161,17.0,29:03,0.643,0.0,3.0,2.0,1.0,0.0,22.0,10.0,287
161,18.0,33:01,0.462,0.0,8.0,2.0,2.0,0.0,15.0,7.0,301
161,19.0,34:10,0.429,0.33299999999999996,8.0,3.0,1.0,1.0,23.0,-5.0,319
161,20.0,34:14,0.478,0.2,3.0,1.0,0.0,0.0,27.0,5.0,1196
161,21.0,38:48,0.45799999999999996,0.429,4.0,4.0,3.0,0.0,27.0,-10.0,340
161,22.0,23:35,0.375,0.33299999999999996,4.0,0.0,0.0,0.0,8.0,-2.0,346
161,23.0,34:55,0.647,0.667,3.0,2.0,1.0,0.0,27.0,-3.0,362
161,24.0,35:08,0.579,0.6,5.0,3.0,2.0,0.0,28.0,5.0,384
161,25.0,26:40,0.75,,7.0,1.0,1.0,0.0,12.0,7.0,393
161,26.0,46:01,0.52,0.0,9.0,3.0,0.0,0.0,30.0,3.0,423
161,27.0,29:06,0.55,0.8,1.0,2.0,0.0,1.0,27.0,-17.0,429
161,28.0,31:58,0.6,0.33299999999999996,8.0,3.0,2.0,2.0,21.0,9.0,447
161,29.0,39:39,0.389,0.0,6.0,4.0,0.0,1.0,14.0,-7.0,466
161,30.0,34:18,0.722,0.5710000000000001,9.0,7.0,1.0,0.0,31.0,27.0,484
161,31.0,38:08,0.5710000000000001,0.5,6.0,3.0,2.0,0.0,20.0,-8.0,502
161,32.0,40:07,0.667,0.33299999999999996,5.0,3.0,1.0,1.0,27.0,16.0,508
161,33.0,41:00,0.41200000000000003,0.5,6.0,2.0,0.0,1.0,19.0,1.0,518
161,34.0,36:54,0.4,0.33299999999999996,4.0,3.0,1.0,0.0,15.0,6.0,536
161,35.0,38:27,0.556,0.667,4.0,5.0,0.0,0.0,25.0,-7.0,553
161,36.0,40:36,0.429,0.5,8.0,7.0,2.0,1.0,28.0,-5.0,565
161,37.0,34:02,0.563,0.667,7.0,3.0,1.0,0.0,22.0,9.0,580
161,38.0,34:36,0.45,0.6,5.0,2.0,0.0,1.0,24.0,9.0,599
161,39.0,32:30,0.444,0.0,10.0,9.0,1.0,0.0,8.0,-1.0,613
161,40.0,35:18,0.529,0.5,5.0,1.0,2.0,0.0,23.0,-7.0,620
161,41.0,31:25,0.33299999999999996,0.0,6.0,2.0,0.0,1.0,15.0,-15.0,637
161,42.0,37:37,0.47100000000000003,0.5,7.0,6.0,0.0,0.0,25.0,5.0,648
161,43.0,32:06,0.389,0.0,7.0,4.0,1.0,1.0,16.0,-10.0,660
161,44.0,39:05,0.579,0.4,8.0,7.0,3.0,1.0,28.0,3.0,675
161,45.0,37:34,0.5,0.0,4.0,2.0,0.0,3.0,20.0,-6.0,689
161,46.0,36:38,0.47100000000000003,0.0,13.0,2.0,0.0,0.0,21.0,-19.0,702
161,47.0,31:06,0.154,0.0,8.0,1.0,0.0,0.0,4.0,-2.0,711
161,48.0,31:55,0.5,0.0,7.0,0.0,1.0,1.0,17.0,-18.0,744
161,49.0,34:54,0.5,0.28600000000000003,11.0,4.0,2.0,1.0,27.0,-5.0,758
161,50.0,30:44,0.7,0.0,9.0,2.0,0.0,1.0,18.0,-6.0,767
161,51.0,20:10,0.545,0.0,1.0,2.0,1.0,0.0,14.0,-13.0,793
161,no play,,,,,,,,,,808
161,no play,,,,,,,,,,815
161,no play,,,,,,,,,,830
161,no play,,,,,,,,,,844
161,no play,,,,,,,,,,1236
161,no play,,,,,,,,,,1251
161,no play,,,,,,,,,,1260
161,no play,,,,,,,,,,860
161,no play,,,,,,,,,,874
161,no play,,,,,,,,,,881
161,no play,,,,,,,,,,895
161,no play,,,,,,,,,,912
161,no play,,,,,,,,,,927
161,no play,,,,,,,,,,938
161,no play,,,,,,,,,,953
161,no play,,,,,,,,,,973
161,no play,,,,,,,,,,987
161,no play,,,,,,,,,,995
161,no play,,,,,,,,,,1017
161,no play,,,,,,,,,,1025
161,no play,,,,,,,,,,1038
161,no play,,,,,,,,,,1050
161,no play,,,,,,,,,,1063
161,no play,,,,,,,,,,1073
161,no play,,,,,,,,,,1090
161,no play,,,,,,,,,,1105
161,no play,,,,,,,,,,1120
161,no play,,,,,,,,,,1136
161,no play,,,,,,,,,,1152
161,no play,,,,,,,,,,1168
161,no play,,,,,,,,,,1180
