Player_ID,G,MP,FG%,3P%,TRB,AST,STL,BLK,PTS,+/-,Game_ID
318,1.0,29:11,0.6,0.375,5.0,2.0,2.0,1.0,21.0,2.0,2
318,2.0,35:26,0.667,0.5,6.0,1.0,2.0,0.0,14.0,-2.0,11
318,3.0,33:32,0.33299999999999996,0.429,9.0,4.0,3.0,3.0,9.0,10.0,23
318,4.0,13:44,0.667,1.0,5.0,1.0,0.0,0.0,10.0,6.0,57
318,no play,,,,,,,,,,64
318,no play,,,,,,,,,,87
318,no play,,,,,,,,,,103
318,no play,,,,,,,,,,121
318,no play,,,,,,,,,,126
318,no play,,,,,,,,,,144
318,no play,,,,,,,,,,157
318,no play,,,,,,,,,,175
318,5.0,26:32,0.33299999999999996,0.25,4.0,0.0,1.0,1.0,9.0,4.0,184
318,6.0,23:36,0.33299999999999996,0.0,5.0,0.0,0.0,0.0,4.0,-12.0,201
318,7.0,22:17,0.545,0.429,5.0,1.0,0.0,0.0,15.0,13.0,213
318,8.0,27:33,0.583,0.444,3.0,5.0,1.0,0.0,18.0,6.0,236
318,9.0,31:38,0.545,0.5,4.0,3.0,2.0,0.0,17.0,5.0,267
318,10.0,35:51,0.33299999999999996,0.2,5.0,4.0,2.0,0.0,14.0,-3.0,277
318,11.0,37:22,0.5,0.6,3.0,3.0,1.0,0.0,16.0,15.0,293
318,12.0,32:59,0.5,0.5,4.0,3.0,1.0,0.0,10.0,7.0,304
318,13.0,35:31,0.444,0.4,3.0,5.0,0.0,0.0,12.0,-6.0,321
318,14.0,30:22,0.6,0.33299999999999996,10.0,2.0,0.0,0.0,17.0,26.0,1193
318,15.0,32:58,0.182,0.16699999999999998,6.0,3.0,1.0,0.0,7.0,-8.0,339
318,16.0,26:49,0.778,0.75,2.0,3.0,1.0,1.0,18.0,0.0,357
318,17.0,36:05,0.41700000000000004,0.375,6.0,2.0,1.0,1.0,15.0,2.0,383
318,18.0,35:02,0.429,0.4,5.0,3.0,0.0,0.0,12.0,10.0,391
318,19.0,34:22,0.4,0.5,6.0,1.0,4.0,0.0,15.0,7.0,411
318,20.0,39:31,0.375,0.25,7.0,2.0,0.0,0.0,13.0,10.0,424
318,21.0,35:10,0.556,0.6,6.0,2.0,1.0,0.0,15.0,15.0,437
318,22.0,31:37,0.16699999999999998,0.0,4.0,1.0,2.0,0.0,3.0,-10.0,445
318,23.0,33:57,0.556,0.5,6.0,1.0,0.0,0.0,16.0,1.0,461
318,24.0,31:40,0.667,0.6,7.0,0.0,0.0,1.0,17.0,-3.0,477
318,25.0,34:14,0.556,0.4,4.0,3.0,2.0,0.0,13.0,3.0,493
318,26.0,30:50,0.375,0.5,2.0,6.0,1.0,0.0,9.0,9.0,499
318,27.0,35:05,0.75,0.833,3.0,1.0,1.0,0.0,21.0,21.0,527
318,28.0,29:37,0.0,0.0,2.0,3.0,2.0,2.0,0.0,2.0,551
318,29.0,31:11,0.33299999999999996,0.4,6.0,2.0,1.0,0.0,8.0,6.0,558
318,30.0,38:02,0.4,0.2,2.0,1.0,1.0,0.0,9.0,-10.0,577
318,31.0,34:17,0.7,0.667,6.0,1.0,1.0,1.0,20.0,1.0,588
318,32.0,33:27,0.583,0.5,9.0,0.0,0.0,0.0,18.0,15.0,602
318,33.0,29:47,0.455,0.375,7.0,3.0,1.0,1.0,15.0,13.0,623
318,34.0,36:48,0.5379999999999999,0.4,5.0,1.0,0.0,0.0,21.0,-1.0,635
318,35.0,40:12,0.41700000000000004,0.429,4.0,2.0,1.0,0.0,16.0,-2.0,655
318,36.0,33:43,0.75,0.6,5.0,3.0,1.0,0.0,17.0,-13.0,681
318,37.0,35:41,0.444,0.125,10.0,4.0,1.0,0.0,23.0,15.0,686
318,38.0,26:32,0.636,0.7140000000000001,6.0,4.0,2.0,1.0,19.0,28.0,701
318,39.0,38:15,0.385,0.4,6.0,4.0,0.0,1.0,20.0,13.0,711
318,40.0,35:53,0.5,0.667,8.0,0.0,1.0,0.0,21.0,7.0,727
318,41.0,33:55,0.385,0.25,8.0,1.0,1.0,0.0,14.0,-4.0,738
318,42.0,33:39,0.5,0.28600000000000003,6.0,1.0,2.0,0.0,18.0,6.0,757
318,43.0,33:56,0.364,0.33299999999999996,6.0,2.0,3.0,1.0,11.0,15.0,772
318,44.0,32:05,0.0,0.0,2.0,2.0,2.0,0.0,4.0,-4.0,799
318,no play,,,,,,,,,,804
318,no play,,,,,,,,,,821
318,45.0,29:00,0.33299999999999996,0.4,4.0,2.0,1.0,1.0,10.0,2.0,832
318,46.0,35:05,0.385,0.2,5.0,2.0,1.0,0.0,18.0,13.0,842
318,47.0,33:22,0.375,0.0,3.0,0.0,0.0,0.0,7.0,-6.0,855
318,48.0,30:58,0.5,0.444,4.0,1.0,0.0,0.0,19.0,-18.0,1234
318,49.0,33:25,0.375,0.25,11.0,5.0,1.0,0.0,14.0,2.0,1255
318,50.0,30:36,0.222,0.2,4.0,1.0,0.0,1.0,6.0,-19.0,1261
318,51.0,32:47,0.5,0.6,10.0,2.0,1.0,0.0,17.0,12.0,862
318,52.0,27:14,0.667,1.0,6.0,3.0,0.0,0.0,14.0,23.0,879
318,53.0,32:55,0.6,0.4,10.0,1.0,0.0,0.0,16.0,-6.0,890
318,54.0,34:49,0.231,0.14300000000000002,8.0,2.0,0.0,0.0,9.0,-1.0,905
318,55.0,29:56,0.33299999999999996,0.33299999999999996,10.0,4.0,0.0,0.0,9.0,1.0,919
318,56.0,32:58,0.33299999999999996,0.4,3.0,4.0,3.0,0.0,8.0,-7.0,930
318,57.0,25:13,0.222,0.2,10.0,3.0,1.0,0.0,5.0,14.0,945
318,58.0,27:50,0.125,0.2,4.0,0.0,0.0,1.0,7.0,13.0,966
318,59.0,35:22,0.636,0.5710000000000001,12.0,1.0,1.0,0.0,24.0,10.0,982
318,60.0,35:51,0.231,0.4,6.0,4.0,1.0,0.0,15.0,2.0,997
318,61.0,38:05,0.41700000000000004,0.375,8.0,1.0,3.0,1.0,16.0,15.0,1007
318,62.0,35:50,0.583,0.33299999999999996,6.0,2.0,0.0,0.0,15.0,16.0,1020
318,63.0,27:07,0.5,0.4,10.0,3.0,0.0,0.0,13.0,6.0,1036
318,64.0,36:13,0.615,0.6,6.0,1.0,2.0,2.0,25.0,16.0,1053
318,65.0,36:41,0.33299999999999996,0.0,2.0,3.0,0.0,0.0,13.0,9.0,1073
318,66.0,33:49,0.545,0.33299999999999996,5.0,0.0,2.0,0.0,18.0,3.0,1089
318,67.0,27:52,0.28600000000000003,0.25,5.0,0.0,1.0,0.0,8.0,18.0,1102
318,68.0,29:22,0.455,0.4,4.0,2.0,1.0,0.0,13.0,-15.0,1130
318,69.0,35:59,0.643,0.5710000000000001,4.0,1.0,1.0,0.0,24.0,11.0,1138
318,70.0,33:20,0.667,0.5,9.0,3.0,0.0,0.0,15.0,-5.0,1150
318,71.0,33:28,0.667,0.75,8.0,6.0,1.0,2.0,11.0,9.0,1165
318,72.0,30:22,0.5,0.429,5.0,2.0,3.0,0.0,16.0,10.0,1180
