Player_ID,G,MP,FG%,3P%,TRB,AST,STL,BLK,PTS,+/-,Game_ID
306,no play,,,,,,,,,,
306,no play,,,,,,,,,,13
306,no play,,,,,,,,,,29
306,1.0,8:00,0.75,0.7140000000000001,1.0,1.0,1.0,0.0,17.0,10.0,50
306,no play,,,,,,,,,,59
306,no play,,,,,,,,,,72
306,no play,,,,,,,,,,84
306,no play,,,,,,,,,,99
306,2.0,15:55,0.5,0.2,1.0,2.0,1.0,0.0,9.0,12.0,111
306,3.0,13:34,0.667,0.5,2.0,2.0,0.0,0.0,5.0,-3.0,124
306,4.0,3:55,0.0,0.0,0.0,0.0,0.0,1.0,0.0,-10.0,140
306,5.0,4:12,0.0,0.0,0.0,0.0,1.0,0.0,0.0,1.0,152
306,6.0,16:58,0.25,0.33299999999999996,2.0,0.0,0.0,0.0,7.0,3.0,167
306,7.0,1:45,,,0.0,0.0,0.0,0.0,0.0,6.0,173
306,8.0,3:36,0.33299999999999996,0.0,3.0,0.0,0.0,0.0,2.0,0.0,190
306,no play,,,,,,,,,,204
306,9.0,4:01,0.0,0.0,1.0,0.0,1.0,0.0,0.0,8.0,211
306,10.0,4:48,1.0,,0.0,0.0,1.0,0.0,2.0,11.0,248
306,11.0,5:39,,,0.0,1.0,0.0,0.0,0.0,-9.0,262
306,12.0,2:02,,,0.0,0.0,0.0,0.0,0.0,5.0,285
306,no play,,,,,,,,,,308
306,no play,,,,,,,,,,318
306,no play,,,,,,,,,,1196
306,13.0,11:47,0.0,0.0,1.0,0.0,0.0,0.0,2.0,3.0,333
306,no play,,,,,,,,,,348
306,14.0,0:05,,,0.0,0.0,0.0,0.0,0.0,3.0,366
306,15.0,5:48,0.0,0.0,0.0,0.0,1.0,0.0,0.0,-2.0,373
306,16.0,3:41,0.0,0.0,1.0,0.0,0.0,0.0,0.0,2.0,386
306,17.0,12:00,0.0,0.0,0.0,0.0,0.0,0.0,1.0,-9.0,405
306,no play,,,,,,,,,,428
306,no play,,,,,,,,,,436
306,18.0,2:18,0.0,,0.0,0.0,0.0,0.0,0.0,1.0,454
306,no play,,,,,,,,,,474
306,no play,,,,,,,,,,489
306,19.0,2:55,,,0.0,0.0,0.0,0.0,0.0,2.0,504
306,no play,,,,,,,,,,516
306,no play,,,,,,,,,,539
306,no play,,,,,,,,,,548
306,no play,,,,,,,,,,571
306,20.0,2:33,0.667,1.0,0.0,0.0,0.0,0.0,5.0,3.0,582
306,21.0,3:41,0.0,0.0,0.0,0.0,0.0,0.0,1.0,-7.0,590
306,no play,,,,,,,,,,603
306,22.0,11:13,0.25,0.0,2.0,0.0,0.0,0.0,3.0,6.0,619
306,23.0,4:10,,,0.0,1.0,0.0,1.0,0.0,-2.0,634
306,no play,,,,,,,,,,646
306,no play,,,,,,,,,,655
306,no play,,,,,,,,,,694
306,no play,,,,,,,,,,708
306,no play,,,,,,,,,,723
306,no play,,,,,,,,,,734
306,no play,,,,,,,,,,760
306,no play,,,,,,,,,,773
306,no play,,,,,,,,,,787
306,no play,,,,,,,,,,804
306,no play,,,,,,,,,,836
306,24.0,4:15,,,0.0,0.0,0.0,0.0,0.0,-1.0,849
306,25.0,5:41,1.0,1.0,0.0,0.0,0.0,0.0,3.0,-11.0,
306,no play,,,,,,,,,,1254
306,no play,,,,,,,,,,1266
306,no play,,,,,,,,,,869
306,no play,,,,,,,,,,887
306,no play,,,,,,,,,,906
306,no play,,,,,,,,,,923
306,no play,,,,,,,,,,943
306,no play,,,,,,,,,,948
306,26.0,9:39,0.0,0.0,1.0,0.0,0.0,0.0,2.0,3.0,962
306,no play,,,,,,,,,,971
306,27.0,2:31,,,0.0,0.0,0.0,0.0,2.0,-4.0,989
306,no play,,,,,,,,,,1001
306,no play,,,,,,,,,,1017
306,28.0,1:57,0.0,0.0,0.0,0.0,1.0,0.0,0.0,-5.0,1031
306,29.0,2:54,,,0.0,0.0,0.0,0.0,0.0,-7.0,1046
306,30.0,2:52,0.0,,0.0,0.0,0.0,0.0,0.0,-4.0,1056
306,no play,,,,,,,,,,1069
306,no play,,,,,,,,,,1085
306,31.0,2:49,,,0.0,0.0,0.0,0.0,0.0,-2.0,1101
306,no play,,,,,,,,,,1114
306,32.0,3:44,1.0,1.0,0.0,0.0,0.0,0.0,3.0,-1.0,1123
306,no play,,,,,,,,,,1139
306,33.0,1:21,,,1.0,0.0,0.0,0.0,0.0,-2.0,1155
306,34.0,29:15,0.133,0.0,4.0,1.0,2.0,1.0,4.0,-3.0,1170
306,35.0,37:13,0.4,0.4,4.0,3.0,0.0,0.0,10.0,1.0,1191
