Player_ID,G,MP,FG%,3P%,TRB,AST,STL,BLK,PTS,+/-,Game_ID
265,1.0,13:15,0.0,0.0,4.0,1.0,0.0,0.0,1.0,8.0,6
265,2.0,11:48,0.0,,1.0,2.0,1.0,0.0,0.0,-5.0,29
265,3.0,11:47,0.0,0.0,2.0,2.0,0.0,0.0,1.0,3.0,38
265,4.0,29:27,0.0,0.0,3.0,4.0,0.0,0.0,0.0,5.0,63
265,5.0,27:29,0.4,0.25,1.0,2.0,1.0,0.0,9.0,-11.0,78
265,6.0,13:14,0.429,0.5,1.0,0.0,0.0,0.0,9.0,-7.0,87
265,7.0,17:17,0.5710000000000001,0.5,0.0,1.0,0.0,0.0,10.0,-4.0,98
265,8.0,29:04,0.33299999999999996,0.28600000000000003,3.0,6.0,0.0,1.0,14.0,-3.0,115
265,9.0,19:55,0.5,0.33299999999999996,1.0,0.0,1.0,0.0,7.0,-12.0,134
265,10.0,27:45,0.5,0.556,5.0,1.0,0.0,0.0,19.0,17.0,140
265,11.0,20:08,0.375,0.75,1.0,1.0,0.0,0.0,9.0,4.0,162
265,12.0,18:37,0.25,0.0,3.0,4.0,1.0,0.0,5.0,-2.0,177
265,13.0,22:30,0.667,0.75,1.0,4.0,0.0,1.0,18.0,15.0,193
265,14.0,21:43,0.6920000000000001,0.75,6.0,2.0,0.0,0.0,24.0,9.0,206
265,15.0,35:10,0.42100000000000004,0.625,4.0,3.0,0.0,1.0,23.0,-6.0,217
265,16.0,34:26,0.313,0.28600000000000003,7.0,0.0,1.0,1.0,20.0,1.0,246
265,17.0,21:38,0.375,0.25,4.0,2.0,0.0,0.0,9.0,6.0,257
265,18.0,23:18,0.3,0.33299999999999996,3.0,2.0,0.0,2.0,9.0,4.0,283
265,19.0,17:08,0.14300000000000002,0.0,3.0,1.0,0.0,0.0,2.0,2.0,300
265,20.0,17:58,0.0,0.0,4.0,2.0,0.0,0.0,0.0,-12.0,307
265,21.0,23:32,0.667,0.429,3.0,2.0,0.0,0.0,22.0,12.0,314
265,22.0,33:33,0.28600000000000003,0.25,5.0,3.0,1.0,0.0,12.0,21.0,1194
265,23.0,17:10,0.4,0.5,2.0,2.0,1.0,0.0,6.0,-6.0,332
265,24.0,22:01,0.16699999999999998,0.0,1.0,2.0,1.0,1.0,2.0,12.0,347
265,25.0,28:24,0.5,0.2,6.0,4.0,1.0,0.0,15.0,-1.0,365
265,26.0,16:26,0.16699999999999998,0.0,2.0,1.0,1.0,0.0,4.0,7.0,386
265,27.0,12:48,0.4,0.5,3.0,0.0,0.0,1.0,6.0,-7.0,404
265,28.0,13:45,0.25,0.5,2.0,0.0,0.0,0.0,3.0,-16.0,417
265,29.0,26:55,0.33299999999999996,0.25,5.0,5.0,0.0,1.0,8.0,12.0,426
265,30.0,17:11,0.33299999999999996,0.0,1.0,0.0,0.0,0.0,2.0,7.0,451
265,31.0,11:48,0.33299999999999996,0.0,1.0,0.0,0.0,0.0,2.0,-1.0,475
265,32.0,12:30,0.6,0.33299999999999996,1.0,0.0,3.0,1.0,7.0,9.0,488
265,33.0,12:02,0.0,0.0,1.0,1.0,0.0,0.0,0.0,-4.0,505
265,34.0,18:51,0.28600000000000003,0.2,4.0,3.0,1.0,0.0,5.0,-4.0,525
265,35.0,14:26,0.2,0.0,0.0,1.0,1.0,0.0,2.0,-5.0,531
265,36.0,22:37,0.375,0.25,2.0,0.0,0.0,0.0,8.0,-25.0,547
265,37.0,14:01,0.5,,1.0,1.0,0.0,1.0,4.0,-4.0,560
265,38.0,11:03,0.5,0.0,1.0,2.0,1.0,0.0,8.0,3.0,591
265,39.0,4:35,,,0.0,0.0,0.0,0.0,0.0,-3.0,622
265,40.0,12:52,0.4,0.33299999999999996,1.0,0.0,0.0,2.0,5.0,-15.0,631
265,41.0,25:54,0.267,0.25,6.0,2.0,0.0,0.0,13.0,2.0,644
265,42.0,19:21,0.28600000000000003,0.33299999999999996,1.0,3.0,0.0,0.0,5.0,9.0,663
265,43.0,20:17,0.5379999999999999,0.0,5.0,3.0,1.0,0.0,17.0,13.0,669
265,44.0,17:25,0.33299999999999996,0.0,2.0,5.0,1.0,0.0,5.0,0.0,683
265,45.0,6:13,0.33299999999999996,0.0,1.0,1.0,0.0,0.0,4.0,-8.0,697
265,46.0,23:21,0.7,0.5,1.0,1.0,0.0,1.0,18.0,11.0,714
265,47.0,27:25,0.41700000000000004,0.5,2.0,3.0,1.0,0.0,14.0,9.0,735
265,48.0,32:25,0.188,0.14300000000000002,4.0,2.0,3.0,1.0,9.0,-11.0,743
265,49.0,20:50,0.556,0.5,3.0,1.0,1.0,0.0,18.0,-1.0,758
265,50.0,23:04,0.667,0.5,3.0,0.0,0.0,0.0,20.0,-8.0,768
265,51.0,18:37,0.33299999999999996,0.5,3.0,4.0,0.0,3.0,7.0,6.0,782
265,52.0,21:59,0.444,0.2,5.0,0.0,0.0,1.0,11.0,3.0,791
265,53.0,14:38,0.25,0.0,3.0,1.0,0.0,0.0,2.0,-8.0,806
265,54.0,17:20,0.455,0.429,0.0,1.0,1.0,0.0,16.0,-6.0,817
265,55.0,23:24,0.556,0.4,1.0,4.0,1.0,0.0,14.0,-3.0,833
265,56.0,23:11,0.385,0.5,2.0,0.0,0.0,0.0,14.0,-9.0,848
265,57.0,18:31,0.0,0.0,2.0,2.0,0.0,0.0,0.0,-12.0,1231
265,58.0,25:56,0.214,0.4,2.0,1.0,1.0,0.0,9.0,3.0,1240
265,59.0,16:01,0.556,0.5,4.0,1.0,0.0,0.0,11.0,-13.0,1252
265,60.0,17:56,0.444,0.4,2.0,2.0,0.0,0.0,14.0,2.0,1267
265,61.0,30:16,0.308,0.222,1.0,5.0,2.0,1.0,10.0,15.0,860
265,62.0,26:09,0.6,0.667,3.0,3.0,2.0,0.0,14.0,-6.0,884
265,63.0,17:53,0.5,0.0,0.0,3.0,0.0,0.0,4.0,-2.0,903
265,64.0,24:04,0.467,0.6,3.0,5.0,0.0,0.0,17.0,4.0,918
265,65.0,17:18,0.545,0.25,3.0,0.0,0.0,0.0,13.0,12.0,930
265,66.0,19:42,0.5,0.4,3.0,0.0,2.0,0.0,14.0,8.0,944
265,67.0,29:37,0.615,0.625,2.0,3.0,2.0,1.0,22.0,29.0,958
265,68.0,24:47,0.28600000000000003,0.2,6.0,0.0,3.0,0.0,10.0,7.0,978
265,69.0,23:14,0.308,0.4,4.0,1.0,2.0,0.0,12.0,-3.0,994
265,70.0,22:48,0.625,0.33299999999999996,4.0,0.0,0.0,0.0,13.0,5.0,1008
265,71.0,19:51,0.455,0.429,0.0,3.0,0.0,0.0,15.0,13.0,1024
265,72.0,16:57,0.16699999999999998,0.0,1.0,3.0,1.0,0.0,6.0,4.0,1035
265,73.0,24:00,0.385,0.4,2.0,2.0,1.0,0.0,13.0,-18.0,1055
265,74.0,10:44,0.5,1.0,2.0,0.0,0.0,0.0,3.0,-2.0,1069
265,75.0,28:51,0.33299999999999996,0.28600000000000003,4.0,3.0,1.0,0.0,8.0,-9.0,1087
265,76.0,27:55,0.429,0.33299999999999996,3.0,0.0,3.0,1.0,9.0,-1.0,1110
265,77.0,33:19,0.467,0.28600000000000003,5.0,5.0,1.0,0.0,16.0,16.0,1119
265,78.0,25:35,0.231,0.0,3.0,4.0,2.0,1.0,8.0,-7.0,1129
265,79.0,37:47,0.7140000000000001,0.33299999999999996,4.0,5.0,2.0,0.0,30.0,12.0,1145
265,80.0,35:59,0.33299999999999996,0.0,6.0,5.0,0.0,0.0,6.0,1.0,1159
265,81.0,32:46,0.28600000000000003,0.25,2.0,10.0,1.0,0.0,10.0,3.0,1175
265,82.0,40:58,0.588,0.8,2.0,6.0,0.0,1.0,27.0,0.0,1186
