Player_ID,G,MP,FG%,3P%,TRB,AST,STL,BLK,PTS,+/-,Game_ID
272,1.0,25:45,0.25,0.16699999999999998,3.0,1.0,4.0,0.0,15.0,18.0,13
272,2.0,20:51,0.444,0.0,1.0,1.0,1.0,0.0,12.0,9.0,31
272,3.0,26:45,0.5,,2.0,3.0,2.0,0.0,14.0,6.0,41
272,4.0,25:58,0.273,0.0,0.0,3.0,1.0,0.0,6.0,11.0,60
272,5.0,23:51,0.25,0.33299999999999996,3.0,2.0,0.0,0.0,9.0,-7.0,70
272,6.0,26:00,0.6,0.6,3.0,2.0,0.0,1.0,16.0,9.0,82
272,7.0,18:58,0.25,0.33299999999999996,1.0,1.0,2.0,0.0,3.0,2.0,94
272,8.0,18:51,0.16699999999999998,0.0,1.0,2.0,1.0,0.0,2.0,5.0,111
272,9.0,21:10,0.636,0.75,3.0,2.0,0.0,0.0,19.0,-1.0,122
272,10.0,20:30,0.5,0.5,1.0,4.0,1.0,0.0,10.0,2.0,131
272,11.0,21:54,0.5,0.6,0.0,5.0,1.0,0.0,17.0,-11.0,148
272,12.0,26:34,0.5,0.25,1.0,3.0,0.0,0.0,15.0,-3.0,163
272,13.0,25:55,0.25,0.5,2.0,1.0,0.0,0.0,7.0,10.0,179
272,14.0,27:13,0.33299999999999996,0.2,1.0,0.0,0.0,0.0,7.0,1.0,188
272,15.0,26:47,0.455,0.2,0.0,1.0,0.0,0.0,12.0,-4.0,203
272,16.0,27:35,0.41700000000000004,0.429,2.0,3.0,1.0,0.0,15.0,12.0,216
272,17.0,26:54,0.33299999999999996,0.2,5.0,4.0,0.0,0.0,14.0,-4.0,241
272,18.0,34:09,0.41700000000000004,0.5,0.0,2.0,0.0,0.0,12.0,-13.0,260
272,19.0,35:10,0.267,0.25,3.0,1.0,0.0,0.0,11.0,-2.0,272
272,20.0,20:41,0.444,0.4,0.0,2.0,0.0,0.0,12.0,6.0,289
272,21.0,28:53,0.6,0.5,1.0,1.0,0.0,1.0,21.0,9.0,297
272,22.0,26:57,0.4,0.0,2.0,1.0,1.0,0.0,14.0,-1.0,313
272,23.0,35:25,0.41200000000000003,0.5,2.0,4.0,1.0,0.0,21.0,-5.0,1201
272,24.0,26:05,0.769,0.5,0.0,2.0,1.0,0.0,22.0,17.0,355
272,25.0,22:48,0.444,0.5,0.0,3.0,0.0,1.0,14.0,4.0,366
272,26.0,19:05,0.0,0.0,1.0,1.0,0.0,0.0,1.0,3.0,376
272,27.0,20:19,0.308,0.2,3.0,3.0,0.0,0.0,9.0,7.0,397
272,28.0,28:40,0.33299999999999996,0.33299999999999996,2.0,3.0,0.0,0.0,6.0,3.0,406
272,29.0,18:39,0.5,0.5,1.0,3.0,0.0,0.0,5.0,-14.0,426
272,30.0,27:35,0.556,0.33299999999999996,1.0,0.0,2.0,1.0,11.0,-5.0,441
272,31.0,29:52,0.625,0.6,1.0,6.0,0.0,0.0,26.0,-6.0,455
272,32.0,31:05,0.41200000000000003,0.2,0.0,3.0,1.0,0.0,22.0,-1.0,465
272,33.0,35:52,0.478,0.4,4.0,6.0,2.0,0.0,24.0,-6.0,475
272,34.0,28:41,0.2,0.0,0.0,3.0,0.0,0.0,7.0,-3.0,486
272,35.0,30:17,0.2,0.25,1.0,4.0,1.0,1.0,5.0,-30.0,501
272,36.0,30:33,0.0,0.0,2.0,5.0,1.0,0.0,0.0,-15.0,512
272,37.0,30:45,0.389,0.0,7.0,5.0,0.0,1.0,18.0,10.0,524
272,38.0,26:30,0.5,0.5,1.0,4.0,0.0,1.0,22.0,16.0,538
272,39.0,32:00,0.308,0.2,0.0,8.0,1.0,1.0,9.0,23.0,556
272,40.0,31:21,0.083,0.0,1.0,1.0,0.0,0.0,2.0,0.0,566
272,41.0,24:31,0.6,0.0,0.0,4.0,1.0,0.0,9.0,-5.0,589
272,42.0,21:31,0.111,0.0,0.0,5.0,0.0,0.0,2.0,6.0,606
272,43.0,23:22,0.0,0.0,4.0,1.0,0.0,0.0,0.0,2.0,626
272,44.0,24:42,0.214,0.0,8.0,3.0,0.0,1.0,7.0,-4.0,645
272,45.0,25:28,0.231,0.0,2.0,7.0,1.0,0.0,8.0,-12.0,663
272,46.0,26:55,0.45,0.5,2.0,4.0,0.0,0.0,19.0,12.0,672
272,47.0,33:15,0.643,0.667,1.0,2.0,1.0,0.0,27.0,-12.0,680
272,48.0,29:56,0.28600000000000003,0.33299999999999996,1.0,2.0,2.0,0.0,5.0,-31.0,712
272,49.0,32:02,0.41700000000000004,0.0,3.0,5.0,2.0,1.0,14.0,-6.0,745
272,50.0,34:04,0.636,0.625,2.0,4.0,0.0,1.0,21.0,-4.0,751
272,51.0,33:11,0.444,0.33299999999999996,2.0,5.0,3.0,0.0,23.0,3.0,772
272,52.0,26:39,0.41700000000000004,0.33299999999999996,1.0,3.0,1.0,2.0,14.0,1.0,777
272,53.0,29:38,0.583,0.75,3.0,2.0,1.0,0.0,20.0,14.0,797
272,54.0,26:49,0.545,0.625,1.0,2.0,0.0,0.0,22.0,7.0,814
272,55.0,22:28,0.556,0.33299999999999996,2.0,1.0,2.0,0.0,11.0,-12.0,834
272,56.0,26:40,0.14300000000000002,0.16699999999999998,2.0,4.0,2.0,0.0,5.0,15.0,852
272,57.0,34:09,0.4,0.5,1.0,4.0,2.0,0.0,19.0,-1.0,1230
272,58.0,18:51,0.0,0.0,0.0,1.0,0.0,0.0,0.0,-6.0,1241
272,59.0,16:10,0.2,0.0,1.0,0.0,2.0,0.0,4.0,-18.0,1257
272,60.0,16:13,0.5,0.33299999999999996,0.0,2.0,0.0,0.0,9.0,-19.0,865
272,61.0,17:54,0.8,1.0,1.0,0.0,0.0,0.0,9.0,-25.0,874
272,62.0,25:52,0.588,0.4,2.0,2.0,2.0,0.0,25.0,4.0,883
272,63.0,29:13,0.462,0.8,1.0,5.0,1.0,0.0,19.0,15.0,905
272,64.0,24:22,0.222,0.0,1.0,0.0,3.0,0.0,7.0,-6.0,915
272,65.0,26:19,0.556,0.6,4.0,2.0,1.0,0.0,14.0,20.0,921
272,66.0,31:07,0.154,0.0,0.0,2.0,1.0,0.0,8.0,9.0,934
272,67.0,15:48,0.5,0.5,1.0,0.0,1.0,0.0,11.0,-5.0,956
272,68.0,31:16,0.625,0.33299999999999996,2.0,3.0,0.0,0.0,14.0,-3.0,973
272,69.0,25:07,0.16699999999999998,0.5,3.0,4.0,0.0,1.0,3.0,-11.0,978
272,70.0,28:08,0.364,0.6,2.0,3.0,0.0,0.0,13.0,17.0,991
272,71.0,29:02,0.5,0.25,1.0,0.0,1.0,0.0,14.0,2.0,1010
272,72.0,30:22,0.6,0.5,2.0,3.0,1.0,0.0,15.0,7.0,1018
272,73.0,25:44,0.429,0.667,4.0,1.0,0.0,0.0,9.0,-6.0,1029
272,74.0,25:01,0.667,0.5,2.0,3.0,2.0,0.0,28.0,10.0,1042
272,75.0,28:11,0.16699999999999998,0.2,1.0,2.0,0.0,0.0,9.0,-15.0,1049
272,76.0,28:38,0.375,0.28600000000000003,1.0,3.0,1.0,0.0,14.0,6.0,1079
272,77.0,26:56,0.545,0.5,0.0,0.0,0.0,0.0,19.0,4.0,1084
272,78.0,21:42,0.28600000000000003,0.33299999999999996,1.0,3.0,1.0,0.0,7.0,-12.0,1097
272,79.0,19:43,0.0,0.0,1.0,1.0,1.0,0.0,0.0,-12.0,1133
272,80.0,23:29,0.5,0.5,0.0,2.0,0.0,0.0,12.0,7.0,1154
272,81.0,30:24,0.429,0.429,1.0,2.0,0.0,0.0,19.0,9.0,1171
272,82.0,23:27,0.5710000000000001,0.5,0.0,3.0,0.0,0.0,13.0,13.0,1189
