Player_ID,G,MP,FG%,3P%,TRB,AST,STL,BLK,PTS,+/-,Game_ID
130,1.0,19:54,0.5,0.25,2.0,3.0,1.0,0.0,9.0,6.0,6
130,2.0,15:06,0.4,0.5,0.0,2.0,0.0,0.0,6.0,-5.0,29
130,3.0,21:30,0.556,0.75,2.0,1.0,1.0,0.0,13.0,-3.0,38
130,4.0,33:40,0.5,0.5,7.0,7.0,1.0,0.0,14.0,6.0,63
130,5.0,23:34,0.125,0.25,2.0,4.0,3.0,0.0,3.0,-11.0,78
130,6.0,35:56,0.429,0.33299999999999996,3.0,7.0,1.0,0.0,9.0,11.0,87
130,7.0,22:48,0.6,0.5,1.0,4.0,0.0,0.0,9.0,-5.0,98
130,8.0,16:01,0.0,0.0,3.0,4.0,0.0,0.0,0.0,-1.0,115
130,9.0,21:34,0.625,0.5,1.0,2.0,0.0,0.0,11.0,0.0,134
130,10.0,32:46,0.375,0.25,4.0,2.0,1.0,0.0,7.0,-23.0,140
130,11.0,33:52,0.667,0.33299999999999996,1.0,2.0,0.0,0.0,17.0,10.0,162
130,12.0,36:51,0.33299999999999996,0.33299999999999996,3.0,5.0,0.0,0.0,5.0,-2.0,177
130,13.0,20:31,0.5,,3.0,3.0,0.0,0.0,2.0,9.0,193
130,14.0,21:18,0.444,0.5,4.0,7.0,0.0,1.0,10.0,9.0,206
130,15.0,17:42,0.0,0.0,1.0,2.0,0.0,0.0,0.0,-6.0,217
130,16.0,41:18,0.5,0.429,4.0,13.0,0.0,0.0,21.0,-10.0,246
130,17.0,27:47,0.615,0.5710000000000001,2.0,3.0,0.0,0.0,21.0,-3.0,257
130,18.0,37:43,0.35700000000000004,0.6,5.0,8.0,0.0,0.0,17.0,2.0,283
130,19.0,18:35,0.4,0.33299999999999996,1.0,2.0,0.0,0.0,5.0,-2.0,300
130,20.0,26:28,0.625,0.6,4.0,7.0,0.0,1.0,13.0,5.0,307
130,21.0,30:06,0.375,0.0,5.0,4.0,5.0,0.0,7.0,16.0,314
130,22.0,29:13,0.368,0.0,5.0,5.0,2.0,0.0,14.0,23.0,1194
130,23.0,35:59,0.5,0.0,4.0,8.0,2.0,0.0,10.0,-6.0,332
130,24.0,26:04,0.444,0.5,2.0,3.0,0.0,0.0,9.0,16.0,347
130,25.0,17:22,0.125,0.0,1.0,2.0,0.0,0.0,2.0,0.0,365
130,26.0,26:14,0.545,0.5,0.0,3.0,2.0,0.0,15.0,2.0,386
130,27.0,15:40,0.0,0.0,0.0,4.0,0.0,0.0,0.0,-2.0,404
130,28.0,14:41,0.33299999999999996,0.33299999999999996,1.0,1.0,1.0,0.0,3.0,-20.0,417
130,29.0,21:57,0.5710000000000001,0.33299999999999996,1.0,6.0,0.0,0.0,9.0,7.0,426
130,30.0,20:30,0.5,0.33299999999999996,1.0,2.0,1.0,0.0,8.0,4.0,451
130,31.0,29:55,0.2,0.16699999999999998,1.0,6.0,1.0,0.0,5.0,0.0,475
130,32.0,20:57,0.25,0.5,2.0,3.0,0.0,0.0,3.0,-2.0,488
130,33.0,18:43,0.8,1.0,0.0,5.0,0.0,0.0,11.0,-11.0,505
130,34.0,17:20,0.5,0.0,0.0,4.0,0.0,0.0,5.0,0.0,525
130,35.0,19:16,0.28600000000000003,0.4,1.0,4.0,0.0,0.0,6.0,-14.0,531
130,36.0,19:56,0.2,0.5,0.0,4.0,2.0,0.0,3.0,-10.0,547
130,37.0,22:02,0.5,0.667,1.0,8.0,0.0,0.0,13.0,9.0,560
130,38.0,23:36,0.5710000000000001,0.5,0.0,5.0,1.0,0.0,11.0,2.0,591
130,39.0,32:22,0.7,0.4,4.0,4.0,1.0,0.0,18.0,15.0,622
130,40.0,20:08,0.5,0.0,1.0,4.0,1.0,0.0,2.0,-7.0,631
130,41.0,26:59,0.28600000000000003,0.25,2.0,9.0,2.0,1.0,5.0,5.0,644
130,42.0,29:15,0.375,0.0,2.0,8.0,0.0,0.0,6.0,20.0,663
130,43.0,27:43,0.444,0.0,2.0,2.0,0.0,0.0,9.0,-16.0,669
130,44.0,30:35,0.75,0.75,1.0,7.0,0.0,0.0,17.0,10.0,683
130,45.0,41:47,0.545,0.25,4.0,9.0,2.0,1.0,13.0,15.0,697
130,46.0,33:20,0.444,0.33299999999999996,3.0,6.0,1.0,0.0,17.0,3.0,714
130,47.0,36:33,0.267,0.5,5.0,7.0,0.0,1.0,9.0,-12.0,735
130,48.0,3:49,0.0,,1.0,2.0,0.0,0.0,0.0,1.0,743
130,49.0,29:51,0.33299999999999996,0.33299999999999996,3.0,4.0,0.0,0.0,6.0,0.0,758
130,50.0,21:48,0.375,0.667,3.0,3.0,0.0,0.0,8.0,-18.0,768
130,51.0,32:46,0.16699999999999998,0.0,4.0,2.0,1.0,0.0,2.0,18.0,782
130,52.0,30:35,0.25,0.4,1.0,8.0,1.0,0.0,6.0,-12.0,791
130,53.0,35:39,0.6,0.667,4.0,12.0,0.0,0.0,16.0,19.0,806
130,54.0,36:30,0.41700000000000004,0.4,8.0,8.0,2.0,0.0,12.0,-9.0,817
130,55.0,34:27,0.643,0.7140000000000001,3.0,7.0,0.0,0.0,23.0,30.0,833
130,56.0,34:48,0.467,0.2,8.0,11.0,0.0,0.0,16.0,-4.0,848
130,57.0,29:29,0.556,0.5,4.0,6.0,5.0,0.0,12.0,-4.0,1231
130,58.0,22:04,0.6,0.5,1.0,6.0,2.0,0.0,8.0,17.0,1240
130,59.0,31:59,0.625,0.5,2.0,4.0,1.0,1.0,12.0,6.0,1252
130,60.0,30:04,0.833,0.667,2.0,1.0,0.0,0.0,12.0,16.0,1267
130,no play,,,,,,,,,,860
130,61.0,29:04,0.33299999999999996,0.33299999999999996,2.0,5.0,0.0,0.0,8.0,-6.0,884
130,62.0,30:07,0.6,0.0,1.0,6.0,1.0,0.0,6.0,14.0,903
130,63.0,23:56,0.33299999999999996,0.0,3.0,6.0,0.0,0.0,5.0,-14.0,918
130,64.0,30:42,0.444,0.0,5.0,5.0,1.0,0.0,8.0,8.0,930
130,65.0,33:28,0.375,0.33299999999999996,2.0,4.0,0.0,1.0,8.0,4.0,944
130,66.0,28:33,0.4,0.25,4.0,6.0,1.0,1.0,5.0,10.0,958
130,67.0,33:55,0.5,0.75,1.0,5.0,2.0,0.0,16.0,23.0,978
130,68.0,39:26,0.429,0.28600000000000003,7.0,11.0,1.0,0.0,15.0,-3.0,994
130,69.0,31:05,0.222,0.25,6.0,4.0,1.0,0.0,5.0,-8.0,1008
130,70.0,28:09,0.16699999999999998,0.33299999999999996,1.0,9.0,1.0,0.0,3.0,0.0,1024
130,71.0,33:19,0.33299999999999996,0.25,2.0,6.0,1.0,0.0,6.0,8.0,1035
130,72.0,24:00,0.28600000000000003,0.0,6.0,5.0,0.0,0.0,4.0,-7.0,1055
130,73.0,33:44,0.727,0.5710000000000001,3.0,4.0,0.0,0.0,23.0,-1.0,1069
130,74.0,26:20,0.5,0.667,1.0,9.0,1.0,0.0,12.0,7.0,1087
130,no play,,,,,,,,,,1110
130,no play,,,,,,,,,,1119
130,75.0,32:20,0.33299999999999996,0.33299999999999996,2.0,5.0,0.0,0.0,8.0,-1.0,1129
130,no play,,,,,,,,,,1145
130,no play,,,,,,,,,,1159
130,no play,,,,,,,,,,1175
130,no play,,,,,,,,,,1186
