Player_ID,G,MP,FG%,3P%,TRB,AST,STL,BLK,PTS,+/-,Game_ID
458,1.0,28:43,0.4,1.0,7.0,1.0,0.0,1.0,12.0,3.0,5
458,2.0,30:27,0.41700000000000004,0.0,8.0,0.0,0.0,1.0,10.0,-14.0,24
458,3.0,39:15,0.5,0.33299999999999996,6.0,1.0,2.0,0.0,7.0,13.0,37
458,4.0,26:57,0.25,0.33299999999999996,2.0,1.0,1.0,1.0,6.0,-30.0,48
458,5.0,30:42,0.75,0.6,6.0,2.0,1.0,0.0,21.0,10.0,56
458,6.0,16:59,0.33299999999999996,0.0,0.0,1.0,0.0,2.0,2.0,-10.0,70
458,7.0,33:06,0.33299999999999996,0.0,8.0,2.0,0.0,1.0,5.0,1.0,84
458,8.0,25:53,0.429,0.0,4.0,1.0,0.0,0.0,6.0,14.0,98
458,9.0,22:34,0.33299999999999996,,3.0,2.0,0.0,0.0,5.0,-10.0,133
458,10.0,27:18,0.33299999999999996,,6.0,0.0,0.0,2.0,8.0,-5.0,147
458,11.0,21:46,0.5,0.0,10.0,0.0,0.0,0.0,4.0,-8.0,163
458,12.0,31:53,0.33299999999999996,0.33299999999999996,12.0,1.0,1.0,0.0,6.0,22.0,176
458,13.0,28:23,0.667,0.0,8.0,0.0,1.0,1.0,19.0,14.0,186
458,14.0,30:52,1.0,,8.0,1.0,0.0,1.0,12.0,13.0,197
458,15.0,33:51,0.667,1.0,11.0,1.0,0.0,1.0,10.0,0.0,208
458,16.0,31:56,0.5,0.0,6.0,1.0,0.0,0.0,14.0,-9.0,244
458,17.0,33:10,0.667,0.75,7.0,1.0,1.0,1.0,12.0,-2.0,254
458,18.0,27:57,0.25,0.0,5.0,2.0,0.0,0.0,2.0,-21.0,268
458,19.0,33:56,0.5,0.0,5.0,1.0,5.0,1.0,16.0,-11.0,278
458,20.0,27:00,0.75,1.0,7.0,3.0,2.0,0.0,8.0,3.0,288
458,21.0,34:13,0.5379999999999999,0.0,13.0,1.0,0.0,3.0,16.0,0.0,305
458,22.0,43:29,0.222,0.0,17.0,1.0,1.0,0.0,5.0,15.0,320
458,23.0,34:34,0.28600000000000003,,10.0,3.0,2.0,1.0,13.0,8.0,328
458,24.0,33:33,0.25,0.0,18.0,2.0,1.0,0.0,6.0,15.0,333
458,25.0,29:14,0.5710000000000001,1.0,10.0,2.0,1.0,0.0,14.0,25.0,351
458,26.0,29:17,0.1,0.0,8.0,2.0,2.0,0.0,2.0,-9.0,368
458,27.0,25:04,0.2,0.0,7.0,2.0,0.0,0.0,3.0,7.0,379
458,28.0,20:56,0.4,0.0,8.0,1.0,0.0,1.0,6.0,-8.0,394
458,29.0,31:46,0.455,0.0,11.0,0.0,2.0,1.0,10.0,-9.0,408
458,30.0,30:43,0.4,0.0,12.0,1.0,2.0,0.0,7.0,-12.0,424
458,31.0,27:57,0.3,0.5,9.0,2.0,0.0,0.0,10.0,0.0,431
458,32.0,26:45,0.33299999999999996,1.0,5.0,0.0,0.0,0.0,7.0,-13.0,448
458,33.0,29:33,0.5,0.4,2.0,1.0,0.0,2.0,9.0,-9.0,467
458,34.0,21:49,0.6,,6.0,1.0,2.0,2.0,8.0,-4.0,477
458,35.0,34:03,0.857,1.0,4.0,2.0,1.0,1.0,17.0,29.0,492
458,36.0,37:50,0.778,0.8,7.0,4.0,1.0,0.0,18.0,14.0,507
458,37.0,21:30,0.25,0.0,6.0,0.0,1.0,0.0,3.0,-9.0,533
458,no play,,,,,,,,,,538
458,38.0,20:00,0.33299999999999996,0.5,2.0,2.0,1.0,0.0,4.0,-21.0,555
458,39.0,31:49,0.6,0.5,6.0,0.0,1.0,1.0,8.0,11.0,568
458,40.0,31:54,0.2,0.0,10.0,1.0,1.0,1.0,4.0,-6.0,586
458,41.0,28:41,0.75,0.5,5.0,1.0,0.0,0.0,8.0,-8.0,600
458,42.0,19:54,0.75,0.667,5.0,0.0,0.0,0.0,14.0,-15.0,616
458,43.0,34:24,0.857,1.0,13.0,1.0,1.0,0.0,15.0,2.0,633
458,44.0,32:38,0.4,0.0,7.0,1.0,0.0,2.0,4.0,7.0,649
458,45.0,30:04,0.5,1.0,9.0,2.0,2.0,0.0,7.0,-21.0,661
458,no play,,,,,,,,,,690
458,46.0,22:19,0.667,0.0,5.0,1.0,0.0,0.0,10.0,-11.0,708
458,47.0,25:40,0.429,0.33299999999999996,4.0,2.0,0.0,0.0,9.0,6.0,713
458,48.0,27:43,0.28600000000000003,0.5,8.0,1.0,1.0,0.0,7.0,25.0,729
458,49.0,26:27,0.444,0.0,7.0,1.0,0.0,0.0,8.0,18.0,743
458,50.0,24:11,0.0,0.0,4.0,1.0,0.0,0.0,0.0,2.0,756
458,51.0,30:18,0.727,0.5,7.0,1.0,1.0,1.0,29.0,2.0,769
458,52.0,24:54,0.6,0.0,7.0,2.0,1.0,0.0,8.0,7.0,783
458,53.0,29:53,1.0,1.0,10.0,4.0,0.0,0.0,11.0,17.0,794
458,54.0,21:43,0.5,0.0,7.0,0.0,0.0,0.0,5.0,-7.0,809
458,55.0,19:26,0.8,,6.0,0.0,0.0,0.0,10.0,-3.0,828
458,56.0,21:43,0.375,0.0,6.0,1.0,1.0,0.0,6.0,-9.0,846
458,57.0,32:11,0.429,0.5,7.0,1.0,0.0,0.0,8.0,-4.0,1233
458,58.0,27:57,0.33299999999999996,0.33299999999999996,10.0,0.0,1.0,0.0,9.0,3.0,1252
458,59.0,18:19,1.0,,3.0,1.0,0.0,0.0,4.0,-1.0,1268
458,60.0,25:57,0.5,1.0,7.0,1.0,0.0,0.0,5.0,3.0,875
458,61.0,28:49,0.818,0.0,10.0,0.0,0.0,0.0,20.0,-12.0,885
458,62.0,26:08,0.6,1.0,9.0,0.0,0.0,0.0,9.0,-4.0,900
458,63.0,22:26,0.25,0.0,5.0,0.0,0.0,0.0,3.0,0.0,921
458,64.0,25:42,0.667,1.0,11.0,0.0,0.0,1.0,20.0,-20.0,941
458,65.0,23:34,0.0,0.0,6.0,3.0,1.0,0.0,2.0,6.0,953
458,66.0,23:06,0.4,0.0,7.0,1.0,1.0,1.0,4.0,12.0,969
458,67.0,26:18,0.545,0.5,12.0,0.0,2.0,2.0,14.0,13.0,977
458,68.0,23:37,0.5,0.5,4.0,0.0,1.0,0.0,13.0,-3.0,993
458,69.0,18:29,0.667,0.5,2.0,2.0,0.0,0.0,12.0,-8.0,1014
458,70.0,21:15,1.0,1.0,6.0,1.0,0.0,0.0,7.0,-14.0,1030
458,71.0,31:02,0.545,0.0,8.0,0.0,0.0,0.0,13.0,4.0,1054
458,72.0,20:30,0.28600000000000003,0.25,4.0,1.0,1.0,0.0,10.0,0.0,1061
458,no play,,,,,,,,,,1076
458,no play,,,,,,,,,,1091
458,no play,,,,,,,,,,1104
458,73.0,14:02,0.33299999999999996,,2.0,0.0,0.0,0.0,2.0,-18.0,1122
458,74.0,18:48,0.2,0.0,4.0,0.0,0.0,0.0,3.0,4.0,1128
458,75.0,29:08,0.5710000000000001,0.5,5.0,1.0,0.0,1.0,10.0,-1.0,1142
458,76.0,24:04,0.7140000000000001,1.0,7.0,2.0,0.0,0.0,12.0,3.0,1162
458,77.0,21:11,0.5,0.5,5.0,1.0,0.0,0.0,3.0,-1.0,1184
