Player_ID,G,MP,FG%,3P%,TRB,AST,STL,BLK,PTS,+/-,Game_ID
387,1.0,25:48,0.5,,2.0,1.0,0.0,1.0,4.0,-9.0,8
387,2.0,25:13,0.5,0.5,2.0,3.0,1.0,0.0,6.0,10.0,17
387,3.0,27:04,0.429,0.5,2.0,3.0,3.0,1.0,9.0,-6.0,32
387,4.0,19:15,0.33299999999999996,0.33299999999999996,5.0,1.0,2.0,0.0,5.0,-12.0,41
387,5.0,20:30,0.4,0.667,5.0,2.0,2.0,0.0,6.0,2.0,59
387,6.0,20:04,0.5,0.33299999999999996,2.0,2.0,0.0,0.0,5.0,10.0,71
387,7.0,25:23,0.5,0.33299999999999996,3.0,3.0,0.0,0.0,10.0,-3.0,88
387,8.0,22:26,0.5,0.0,4.0,0.0,1.0,0.0,2.0,2.0,99
387,9.0,29:34,0.667,0.667,5.0,1.0,1.0,2.0,19.0,11.0,109
387,10.0,27:58,0.5,0.5,6.0,2.0,0.0,0.0,17.0,-13.0,135
387,11.0,30:43,0.556,0.6,3.0,5.0,1.0,0.0,14.0,-3.0,139
387,12.0,22:37,0.5,0.33299999999999996,2.0,0.0,0.0,0.0,6.0,-5.0,162
387,13.0,31:57,0.6,0.5,5.0,6.0,0.0,0.0,16.0,25.0,171
387,14.0,23:24,0.429,0.25,3.0,1.0,1.0,0.0,7.0,-15.0,185
387,15.0,26:33,0.33299999999999996,0.0,5.0,4.0,0.0,0.0,6.0,-6.0,196
387,16.0,25:37,0.25,0.25,4.0,3.0,0.0,0.0,5.0,9.0,210
387,17.0,19:57,0.4,0.0,6.0,0.0,1.0,0.0,4.0,0.0,247
387,no play,,,,,,,,,,257
387,18.0,31:46,0.667,0.6,2.0,1.0,2.0,0.0,17.0,13.0,284
387,19.0,13:12,0.25,0.0,2.0,1.0,0.0,0.0,2.0,-24.0,309
387,20.0,26:16,0.6,0.667,7.0,3.0,1.0,0.0,9.0,8.0,330
387,21.0,25:09,0.273,0.28600000000000003,8.0,0.0,2.0,0.0,8.0,-9.0,1200
387,22.0,29:38,0.375,0.5,3.0,2.0,0.0,0.0,8.0,-3.0,344
387,23.0,19:17,0.667,0.8,3.0,1.0,0.0,0.0,12.0,-18.0,359
387,24.0,21:38,0.5,0.667,6.0,1.0,2.0,1.0,6.0,1.0,372
387,25.0,20:07,0.8,0.667,4.0,0.0,0.0,2.0,10.0,1.0,387
387,26.0,17:22,0.75,0.5,3.0,1.0,0.0,0.0,8.0,-6.0,399
387,27.0,21:43,0.667,0.5,1.0,0.0,1.0,0.0,12.0,-2.0,416
387,28.0,13:15,0.33299999999999996,0.0,2.0,2.0,0.0,0.0,2.0,-9.0,435
387,29.0,13:27,0.5,0.0,1.0,1.0,0.0,0.0,4.0,-4.0,453
387,no play,,,,,,,,,,472
387,no play,,,,,,,,,,487
387,no play,,,,,,,,,,495
387,no play,,,,,,,,,,511
387,30.0,5:22,0.0,0.0,0.0,0.0,1.0,0.0,0.0,4.0,524
387,no play,,,,,,,,,,532
387,no play,,,,,,,,,,546
387,no play,,,,,,,,,,569
387,no play,,,,,,,,,,595
387,no play,,,,,,,,,,608
387,no play,,,,,,,,,,625
387,no play,,,,,,,,,,641
387,no play,,,,,,,,,,659
387,no play,,,,,,,,,,668
387,no play,,,,,,,,,,684
387,31.0,17:52,0.5,0.0,2.0,2.0,1.0,0.0,2.0,14.0,697
387,32.0,6:50,0.0,0.0,1.0,0.0,0.0,0.0,0.0,-7.0,714
387,33.0,5:20,,,0.0,0.0,0.0,0.0,0.0,-7.0,729
387,no play,,,,,,,,,,745
387,no play,,,,,,,,,,759
387,34.0,6:39,0.0,0.0,1.0,0.0,0.0,0.0,0.0,-12.0,767
387,35.0,20:41,0.5,0.5,6.0,4.0,0.0,1.0,7.0,9.0,780
387,36.0,17:26,0.4,0.0,6.0,3.0,0.0,0.0,5.0,-2.0,794
387,37.0,13:33,0.5,0.667,2.0,1.0,0.0,0.0,6.0,6.0,813
387,38.0,25:45,0.8,1.0,6.0,2.0,1.0,1.0,12.0,10.0,820
387,39.0,12:26,0.5,0.5,0.0,0.0,0.0,0.0,5.0,-4.0,835
387,40.0,19:11,0.33299999999999996,0.33299999999999996,4.0,2.0,0.0,0.0,3.0,-5.0,850
387,41.0,20:23,0.25,0.33299999999999996,1.0,1.0,0.0,0.0,3.0,2.0,1235
387,42.0,24:49,0.4,0.5,2.0,4.0,1.0,1.0,6.0,-15.0,1251
387,43.0,14:38,0.5,0.33299999999999996,1.0,1.0,0.0,1.0,7.0,-10.0,1268
387,44.0,27:24,0.28600000000000003,0.2,1.0,2.0,0.0,1.0,5.0,6.0,868
387,45.0,26:08,0.75,0.5,5.0,5.0,0.0,1.0,7.0,18.0,877
387,46.0,17:36,0.0,0.0,4.0,0.0,1.0,0.0,0.0,8.0,890
387,47.0,5:43,0.0,,0.0,1.0,1.0,0.0,0.0,-6.0,908
387,48.0,16:41,0.0,0.0,3.0,2.0,0.0,1.0,0.0,-9.0,924
387,49.0,21:45,0.4,0.4,1.0,0.0,2.0,0.0,7.0,-11.0,942
387,50.0,23:45,0.5,0.5,7.0,0.0,0.0,0.0,3.0,7.0,948
387,51.0,15:35,0.4,0.0,3.0,1.0,0.0,0.0,4.0,-2.0,972
387,52.0,26:16,0.33299999999999996,0.16699999999999998,6.0,0.0,0.0,0.0,7.0,-13.0,986
387,53.0,22:16,0.5710000000000001,0.33299999999999996,5.0,1.0,1.0,0.0,9.0,-9.0,998
387,54.0,19:16,0.5,0.25,8.0,2.0,0.0,0.0,8.0,5.0,1013
387,55.0,20:38,0.5,0.0,2.0,2.0,3.0,0.0,5.0,-25.0,1027
387,56.0,28:03,0.667,0.5,4.0,10.0,0.0,0.0,6.0,14.0,1036
387,57.0,24:19,0.667,0.667,2.0,5.0,0.0,0.0,12.0,8.0,1047
387,58.0,35:07,0.182,0.16699999999999998,8.0,7.0,3.0,2.0,6.0,1.0,1066
387,59.0,24:51,0.429,0.25,7.0,0.0,0.0,0.0,7.0,-3.0,1084
387,60.0,15:49,0.5,0.0,0.0,2.0,2.0,0.0,6.0,-9.0,1101
387,61.0,33:46,0.28600000000000003,0.273,9.0,1.0,2.0,0.0,15.0,7.0,1113
387,62.0,32:44,0.5710000000000001,0.5,7.0,6.0,2.0,0.0,19.0,7.0,1132
387,63.0,34:26,0.5,0.6,4.0,3.0,0.0,0.0,11.0,17.0,1147
387,64.0,2:33,,,1.0,1.0,0.0,0.0,2.0,8.0,1160
