Player_ID,G,MP,FG%,3P%,TRB,AST,STL,BLK,PTS,+/-,Game_ID
248,1.0,8:48,0.5,,5.0,2.0,0.0,0.0,2.0,-7.0,10
248,2.0,4:50,1.0,,0.0,0.0,0.0,0.0,2.0,-1.0,37
248,no play,,,,,,,,,,51
248,3.0,13:41,0.0,,4.0,0.0,0.0,0.0,0.0,11.0,66
248,4.0,11:00,,,1.0,0.0,0.0,2.0,0.0,-16.0,77
248,5.0,11:26,0.667,,2.0,0.0,1.0,1.0,4.0,-3.0,90
248,6.0,13:53,0.33299999999999996,,3.0,2.0,1.0,0.0,2.0,8.0,103
248,7.0,14:35,0.0,,3.0,0.0,0.0,1.0,0.0,10.0,118
248,8.0,17:26,0.0,,5.0,0.0,0.0,1.0,0.0,-22.0,129
248,9.0,3:00,0.5,,0.0,0.0,0.0,0.0,2.0,-3.0,154
248,10.0,11:08,1.0,,3.0,0.0,0.0,0.0,6.0,-6.0,165
248,11.0,10:24,0.667,,1.0,0.0,0.0,0.0,4.0,-4.0,182
248,12.0,6:44,0.33299999999999996,,1.0,0.0,0.0,0.0,2.0,-1.0,196
248,13.0,13:20,0.5,,2.0,0.0,0.0,1.0,4.0,-9.0,237
248,14.0,15:46,0.33299999999999996,0.0,4.0,0.0,0.0,0.0,4.0,-10.0,251
248,15.0,21:32,0.25,,4.0,0.0,1.0,1.0,4.0,8.0,264
248,16.0,11:20,0.25,,1.0,0.0,0.0,0.0,2.0,-15.0,280
248,17.0,13:59,0.5,,3.0,0.0,0.0,0.0,6.0,-7.0,299
248,18.0,7:56,0.5,,1.0,1.0,1.0,1.0,2.0,-3.0,316
248,19.0,9:35,0.6,1.0,2.0,0.0,0.0,0.0,7.0,-3.0,325
248,20.0,5:28,1.0,,1.0,0.0,0.0,0.0,2.0,1.0,332
248,21.0,4:05,1.0,,0.0,0.0,0.0,0.0,4.0,-5.0,346
248,22.0,10:00,0.667,,2.0,0.0,1.0,0.0,4.0,0.0,363
248,23.0,18:25,0.556,,6.0,2.0,3.0,0.0,12.0,-2.0,375
248,24.0,4:39,1.0,,0.0,0.0,0.0,0.0,4.0,4.0,389
248,no play,,,,,,,,,,406
248,25.0,4:31,1.0,,3.0,0.0,0.0,0.0,4.0,-1.0,413
248,26.0,12:02,0.5,,3.0,1.0,0.0,1.0,6.0,6.0,432
248,27.0,11:08,1.0,,1.0,0.0,0.0,1.0,3.0,-10.0,447
248,28.0,6:16,1.0,,1.0,0.0,0.0,0.0,3.0,-4.0,466
248,29.0,17:53,0.75,1.0,7.0,1.0,0.0,0.0,7.0,15.0,481
248,30.0,17:38,0.7140000000000001,,8.0,1.0,0.0,2.0,10.0,3.0,498
248,31.0,9:17,0.667,,2.0,0.0,0.0,0.0,4.0,1.0,523
248,32.0,8:03,0.667,,1.0,0.0,0.0,2.0,4.0,-13.0,529
248,33.0,22:18,0.625,,3.0,2.0,0.0,2.0,10.0,-1.0,549
248,34.0,5:17,0.0,,3.0,0.0,1.0,0.0,0.0,-2.0,565
248,35.0,22:30,0.429,0.5,6.0,0.0,0.0,3.0,7.0,-17.0,576
248,36.0,18:43,0.556,0.0,5.0,1.0,0.0,0.0,13.0,-9.0,588
248,37.0,13:12,0.5,1.0,4.0,1.0,0.0,1.0,7.0,-4.0,609
248,38.0,17:53,0.25,,2.0,1.0,0.0,0.0,4.0,22.0,619
248,39.0,19:36,0.375,0.0,3.0,0.0,2.0,1.0,8.0,2.0,633
248,40.0,23:09,0.625,0.5,4.0,0.0,0.0,2.0,11.0,4.0,643
248,41.0,19:25,0.667,0.667,4.0,0.0,0.0,1.0,16.0,0.0,656
248,42.0,18:30,0.75,,6.0,0.0,1.0,1.0,6.0,6.0,670
248,43.0,14:21,0.5,,3.0,1.0,0.0,0.0,3.0,2.0,681
248,44.0,14:09,0.5,,3.0,0.0,1.0,2.0,2.0,3.0,706
248,45.0,17:17,0.5,0.0,6.0,0.0,1.0,2.0,4.0,-8.0,719
248,46.0,15:02,0.5,0.0,5.0,1.0,0.0,2.0,2.0,2.0,730
248,47.0,14:39,0.5,0.0,6.0,0.0,0.0,1.0,4.0,-2.0,748
248,48.0,13:50,1.0,,5.0,0.0,0.0,1.0,9.0,8.0,761
248,49.0,15:57,0.5,,5.0,0.0,0.0,1.0,5.0,1.0,775
248,50.0,23:25,0.556,0.5,8.0,0.0,1.0,0.0,15.0,10.0,790
248,51.0,16:52,0.6,,2.0,0.0,0.0,1.0,6.0,-11.0,811
248,52.0,21:04,0.8,1.0,6.0,1.0,0.0,1.0,9.0,-14.0,831
248,53.0,12:34,0.5,1.0,3.0,0.0,0.0,0.0,3.0,-8.0,854
248,54.0,3:59,0.0,,1.0,0.0,0.0,2.0,0.0,-4.0,1232
248,no play,,,,,,,,,,1253
248,no play,,,,,,,,,,1265
248,55.0,9:34,1.0,,5.0,2.0,1.0,0.0,8.0,16.0,857
248,no play,,,,,,,,,,871
248,no play,,,,,,,,,,891
248,56.0,23:12,0.857,1.0,6.0,1.0,1.0,0.0,17.0,17.0,908
248,no play,,,,,,,,,,918
248,57.0,24:07,1.0,1.0,6.0,1.0,1.0,1.0,9.0,11.0,932
248,58.0,8:55,0.0,,0.0,0.0,0.0,1.0,0.0,-19.0,943
248,59.0,8:23,0.667,,2.0,1.0,0.0,0.0,4.0,-1.0,955
248,60.0,7:17,0.0,,2.0,1.0,0.0,0.0,0.0,-8.0,964
248,61.0,37:37,0.4,0.5,7.0,2.0,2.0,2.0,17.0,11.0,981
248,62.0,27:19,0.375,0.33299999999999996,4.0,2.0,0.0,3.0,8.0,-6.0,990
248,63.0,17:27,0.625,0.6,5.0,1.0,0.0,1.0,13.0,9.0,1007
248,64.0,15:24,0.429,0.33299999999999996,3.0,1.0,0.0,2.0,8.0,12.0,1023
248,65.0,24:39,0.429,0.5,5.0,1.0,0.0,0.0,8.0,20.0,1032
248,66.0,15:58,1.0,1.0,6.0,0.0,0.0,0.0,10.0,4.0,1043
248,67.0,16:53,0.33299999999999996,0.33299999999999996,4.0,0.0,0.0,1.0,6.0,-1.0,1070
248,68.0,25:53,0.385,0.4,8.0,0.0,0.0,0.0,14.0,-3.0,1079
248,69.0,3:44,0.0,0.0,2.0,0.0,0.0,1.0,0.0,8.0,1095
248,no play,,,,,,,,,,1112
248,70.0,24:23,0.545,0.556,5.0,2.0,0.0,1.0,17.0,-2.0,1116
248,71.0,22:38,0.25,0.25,6.0,1.0,1.0,1.0,5.0,12.0,1137
248,72.0,9:17,0.5,0.5,0.0,0.0,0.0,1.0,3.0,-1.0,1153
248,73.0,25:29,0.6,0.0,6.0,3.0,0.0,1.0,6.0,5.0,1169
248,74.0,6:07,0.33299999999999996,,3.0,0.0,0.0,0.0,3.0,-1.0,1182
