Player_ID,G,MP,FG%,3P%,TRB,AST,STL,BLK,PTS,+/-,Game_ID
344,1.0,3:41,0.5,,0.0,0.0,0.0,0.0,2.0,-6.0,
344,no play,,,,,,,,,,21
344,no play,,,,,,,,,,32
344,2.0,5:32,0.667,,0.0,1.0,0.0,0.0,4.0,-9.0,50
344,3.0,4:43,0.667,,0.0,0.0,0.0,1.0,4.0,-3.0,65
344,4.0,4:12,0.0,,0.0,0.0,0.0,0.0,0.0,-2.0,74
344,no play,,,,,,,,,,95
344,5.0,4:03,1.0,,1.0,0.0,0.0,0.0,4.0,-2.0,112
344,6.0,14:59,0.667,,3.0,1.0,0.0,2.0,10.0,6.0,115
344,7.0,3:26,,,1.0,0.0,0.0,0.0,2.0,3.0,139
344,8.0,4:22,0.5,,1.0,0.0,0.0,0.0,4.0,-5.0,161
344,no play,,,,,,,,,,175
344,9.0,5:14,1.0,,3.0,0.0,0.0,1.0,5.0,4.0,187
344,10.0,13:44,0.75,,5.0,0.0,0.0,3.0,7.0,8.0,198
344,11.0,9:31,0.75,,4.0,0.0,0.0,1.0,8.0,19.0,219
344,12.0,5:31,,,2.0,0.0,0.0,1.0,0.0,5.0,249
344,13.0,10:59,0.8,,5.0,1.0,0.0,1.0,8.0,11.0,255
344,14.0,5:18,0.0,,2.0,1.0,0.0,0.0,0.0,3.0,270
344,15.0,4:04,,,1.0,0.0,2.0,0.0,1.0,-2.0,291
344,16.0,12:42,0.667,,2.0,0.0,0.0,0.0,11.0,2.0,309
344,17.0,14:59,0.5,0.0,8.0,1.0,0.0,2.0,9.0,3.0,324
344,18.0,4:17,0.5,,1.0,1.0,0.0,1.0,4.0,-6.0,1201
344,19.0,8:03,0.75,,3.0,0.0,1.0,0.0,6.0,8.0,335
344,20.0,8:37,0.429,,4.0,0.0,0.0,1.0,6.0,-2.0,351
344,21.0,6:08,0.5,,0.0,0.0,1.0,0.0,2.0,3.0,358
344,22.0,16:05,0.8,,5.0,0.0,0.0,0.0,9.0,8.0,371
344,23.0,15:35,0.8,,2.0,1.0,0.0,1.0,17.0,13.0,388
344,24.0,11:22,1.0,,5.0,0.0,1.0,1.0,11.0,4.0,405
344,25.0,15:01,0.28600000000000003,0.0,7.0,1.0,1.0,0.0,8.0,-2.0,427
344,26.0,4:18,,,0.0,0.0,0.0,1.0,1.0,3.0,438
344,27.0,8:43,0.857,,3.0,0.0,0.0,1.0,15.0,-2.0,446
344,28.0,8:37,0.33299999999999996,,3.0,0.0,0.0,0.0,2.0,0.0,462
344,29.0,6:52,0.5,,2.0,0.0,0.0,0.0,2.0,0.0,490
344,30.0,10:36,1.0,,1.0,0.0,0.0,0.0,8.0,1.0,506
344,31.0,8:59,1.0,,4.0,0.0,1.0,0.0,9.0,0.0,525
344,32.0,2:17,0.0,,0.0,0.0,1.0,0.0,0.0,-6.0,539
344,33.0,5:29,1.0,,0.0,0.0,0.0,0.0,4.0,-3.0,555
344,34.0,3:55,1.0,,1.0,0.0,0.0,0.0,2.0,-2.0,570
344,35.0,9:26,1.0,,3.0,0.0,0.0,2.0,2.0,11.0,583
344,36.0,8:16,0.8,,6.0,0.0,0.0,1.0,8.0,14.0,596
344,37.0,8:59,0.667,,3.0,0.0,0.0,1.0,4.0,4.0,624
344,38.0,6:07,0.5,0.0,2.0,0.0,0.0,1.0,2.0,-5.0,639
344,no play,,,,,,,,,,651
344,39.0,12:50,0.857,,4.0,1.0,0.0,0.0,13.0,26.0,666
344,40.0,14:11,0.833,,5.0,1.0,1.0,0.0,10.0,-3.0,673
344,41.0,4:29,1.0,,1.0,0.0,0.0,0.0,2.0,2.0,692
344,42.0,10:10,0.8,,3.0,0.0,0.0,2.0,9.0,19.0,712
344,43.0,8:33,1.0,,3.0,0.0,1.0,2.0,7.0,9.0,723
344,44.0,17:08,0.5710000000000001,,4.0,0.0,0.0,4.0,9.0,25.0,747
344,45.0,15:07,0.833,,8.0,0.0,1.0,1.0,11.0,8.0,751
344,46.0,12:38,0.33299999999999996,,2.0,0.0,0.0,0.0,3.0,3.0,770
344,47.0,16:12,0.6,,7.0,0.0,0.0,2.0,13.0,11.0,798
344,48.0,18:13,0.4,,4.0,1.0,1.0,0.0,4.0,10.0,809
344,49.0,19:33,0.875,,3.0,0.0,0.0,0.0,16.0,0.0,818
344,50.0,15:38,0.667,,7.0,0.0,0.0,1.0,8.0,-11.0,833
344,51.0,17:47,0.8,,10.0,1.0,0.0,0.0,8.0,32.0,853
344,52.0,11:47,0.33299999999999996,,4.0,0.0,0.0,0.0,4.0,2.0,1230
344,53.0,12:26,0.3,,9.0,0.0,0.0,1.0,7.0,-6.0,1249
344,54.0,5:19,0.33299999999999996,,1.0,0.0,0.0,0.0,2.0,0.0,1259
344,55.0,3:07,,,0.0,0.0,0.0,0.0,2.0,-6.0,1265
344,56.0,9:50,0.33299999999999996,,1.0,0.0,0.0,1.0,4.0,-3.0,867
344,57.0,8:06,0.667,,4.0,0.0,0.0,0.0,5.0,9.0,889
344,58.0,8:51,0.667,,1.0,1.0,0.0,1.0,4.0,-8.0,898
344,59.0,5:03,0.5,,3.0,0.0,0.0,0.0,4.0,0.0,919
344,60.0,9:13,0.5,,3.0,0.0,0.0,3.0,3.0,-11.0,928
344,61.0,5:56,0.33299999999999996,,1.0,1.0,1.0,0.0,2.0,5.0,940
344,62.0,3:09,1.0,,0.0,0.0,0.0,0.0,2.0,3.0,963
344,63.0,6:57,0.0,,1.0,0.0,0.0,3.0,2.0,5.0,979
344,64.0,11:51,1.0,,4.0,0.0,0.0,1.0,8.0,18.0,995
344,65.0,13:21,0.7140000000000001,,5.0,0.0,0.0,4.0,10.0,20.0,1009
344,66.0,9:17,0.5,,4.0,1.0,0.0,0.0,4.0,1.0,1015
344,67.0,11:30,0.6,,10.0,1.0,1.0,0.0,9.0,9.0,1041
344,68.0,4:32,0.5,,1.0,0.0,0.0,0.0,3.0,-2.0,1054
344,69.0,7:51,0.667,,1.0,0.0,0.0,1.0,4.0,7.0,1068
344,70.0,12:15,0.33299999999999996,,4.0,0.0,1.0,3.0,4.0,-8.0,1078
344,71.0,10:52,0.6,,4.0,0.0,0.0,5.0,13.0,10.0,1096
344,72.0,8:25,0.667,,6.0,0.0,1.0,3.0,10.0,14.0,1112
344,73.0,8:24,1.0,,2.0,0.0,0.0,1.0,6.0,2.0,1124
344,74.0,14:41,0.667,,3.0,0.0,2.0,2.0,8.0,23.0,1132
344,75.0,16:12,0.8,,7.0,0.0,0.0,1.0,16.0,5.0,1156
344,76.0,15:22,1.0,,6.0,0.0,0.0,1.0,11.0,6.0,1172
344,77.0,17:51,0.7140000000000001,,5.0,1.0,1.0,1.0,11.0,9.0,1190
