Player_ID,G,MP,FG%,3P%,TRB,AST,STL,BLK,PTS,+/-,Game_ID
3,1.0,19:27,0.75,,2.0,1.0,1.0,2.0,9.0,0.0,2
3,2.0,20:26,0.5710000000000001,0.0,1.0,1.0,0.0,0.0,8.0,-5.0,11
3,3.0,12:36,0.5,,1.0,0.0,0.0,0.0,7.0,-1.0,23
3,4.0,8:14,0.33299999999999996,0.5,2.0,0.0,1.0,0.0,3.0,0.0,57
3,5.0,35:26,0.5,0.5,5.0,2.0,3.0,1.0,19.0,15.0,64
3,6.0,20:50,0.14300000000000002,0.0,3.0,4.0,0.0,1.0,4.0,-7.0,87
3,7.0,13:13,0.5,,2.0,0.0,1.0,0.0,3.0,-14.0,103
3,8.0,17:29,0.33299999999999996,0.33299999999999996,4.0,0.0,0.0,1.0,10.0,9.0,121
3,9.0,6:55,0.0,0.0,2.0,1.0,0.0,0.0,0.0,-1.0,126
3,10.0,17:26,0.6,,4.0,1.0,2.0,0.0,8.0,0.0,144
3,11.0,11:30,0.667,,3.0,0.0,1.0,0.0,4.0,-2.0,157
3,12.0,23:29,0.444,0.33299999999999996,1.0,0.0,0.0,1.0,11.0,8.0,175
3,13.0,7:30,0.5,1.0,0.0,0.0,0.0,0.0,5.0,-3.0,184
3,14.0,13:11,0.0,0.0,2.0,1.0,0.0,0.0,0.0,15.0,201
3,15.0,4:28,0.0,,3.0,0.0,0.0,0.0,0.0,-2.0,213
3,16.0,5:37,0.33299999999999996,,2.0,0.0,0.0,0.0,2.0,-5.0,236
3,17.0,8:48,0.0,0.0,1.0,1.0,0.0,0.0,0.0,-4.0,267
3,18.0,4:24,0.0,,0.0,1.0,0.0,0.0,0.0,-7.0,277
3,19.0,3:53,0.0,,0.0,0.0,0.0,0.0,0.0,-10.0,293
3,20.0,15:16,0.5,,2.0,1.0,0.0,1.0,4.0,2.0,304
3,21.0,18:52,0.5,0.5,1.0,0.0,0.0,0.0,7.0,4.0,321
3,22.0,21:48,0.625,0.33299999999999996,2.0,1.0,0.0,0.0,13.0,7.0,1193
3,23.0,21:39,0.5,1.0,3.0,0.0,0.0,1.0,7.0,5.0,339
3,24.0,17:44,0.8,1.0,2.0,1.0,1.0,0.0,10.0,2.0,357
3,25.0,10:30,0.667,,2.0,0.0,1.0,1.0,7.0,-11.0,383
3,26.0,8:48,0.2,0.0,1.0,0.0,0.0,0.0,2.0,-1.0,391
3,27.0,7:55,0.5,,0.0,0.0,0.0,1.0,2.0,0.0,411
3,28.0,11:10,0.16699999999999998,0.0,1.0,0.0,0.0,0.0,2.0,-3.0,424
3,29.0,17:51,0.28600000000000003,,2.0,0.0,1.0,0.0,4.0,4.0,437
3,30.0,12:35,0.4,,3.0,1.0,0.0,0.0,5.0,5.0,445
3,31.0,6:17,0.0,,2.0,0.0,0.0,0.0,0.0,-2.0,461
3,32.0,4:24,,,0.0,1.0,0.0,0.0,0.0,0.0,477
3,33.0,11:50,0.75,,3.0,1.0,0.0,0.0,6.0,8.0,493
3,34.0,15:44,0.75,0.0,0.0,1.0,0.0,0.0,6.0,-8.0,499
3,35.0,12:55,0.667,0.5,3.0,1.0,0.0,1.0,10.0,-10.0,527
3,36.0,4:45,,,1.0,0.0,1.0,0.0,0.0,-6.0,551
3,37.0,14:09,0.0,,4.0,2.0,0.0,0.0,0.0,12.0,558
3,38.0,7:40,0.33299999999999996,,1.0,0.0,0.0,0.0,2.0,-6.0,577
3,no play,,,,,,,,,,588
3,39.0,7:57,0.2,0.0,3.0,0.0,0.0,0.0,2.0,-6.0,602
3,40.0,19:46,0.5710000000000001,,2.0,2.0,0.0,0.0,9.0,-4.0,623
3,41.0,18:58,0.5,,4.0,0.0,0.0,1.0,12.0,-8.0,635
3,42.0,12:48,0.0,0.0,4.0,0.0,2.0,0.0,2.0,-2.0,655
3,43.0,24:17,0.5,0.5,5.0,1.0,0.0,0.0,8.0,-11.0,681
3,44.0,13:13,0.25,0.0,3.0,0.0,0.0,0.0,2.0,-4.0,686
3,45.0,30:22,0.462,0.4,8.0,2.0,0.0,0.0,20.0,14.0,701
3,46.0,27:51,0.33299999999999996,0.33299999999999996,8.0,1.0,2.0,1.0,9.0,-4.0,711
3,47.0,18:08,0.33299999999999996,0.0,3.0,1.0,1.0,0.0,4.0,-7.0,727
3,48.0,22:42,0.33299999999999996,0.0,1.0,0.0,1.0,0.0,8.0,-9.0,738
3,49.0,32:16,0.429,0.5,7.0,1.0,0.0,0.0,12.0,0.0,757
3,50.0,24:50,0.4,0.2,3.0,1.0,1.0,0.0,11.0,0.0,772
3,51.0,26:28,0.4,0.0,3.0,0.0,1.0,0.0,6.0,-15.0,799
3,52.0,32:39,0.429,0.667,7.0,2.0,1.0,0.0,14.0,4.0,804
3,53.0,11:42,1.0,,4.0,0.0,0.0,0.0,2.0,9.0,821
3,no play,,,,,,,,,,832
3,no play,,,,,,,,,,842
3,no play,,,,,,,,,,855
3,54.0,27:42,0.625,0.5,0.0,2.0,1.0,1.0,13.0,2.0,1234
3,55.0,25:39,0.556,1.0,5.0,1.0,2.0,0.0,13.0,19.0,1255
3,56.0,25:58,0.6,0.5,5.0,1.0,1.0,0.0,15.0,-15.0,1261
3,57.0,22:56,0.429,0.25,6.0,0.0,0.0,1.0,8.0,-9.0,862
3,58.0,22:57,0.5379999999999999,0.0,8.0,0.0,0.0,0.0,16.0,-6.0,879
3,59.0,29:52,0.5,1.0,6.0,3.0,1.0,0.0,14.0,-6.0,890
3,60.0,26:20,0.6,0.5,5.0,4.0,1.0,1.0,8.0,-10.0,905
3,61.0,15:00,0.5,,3.0,2.0,0.0,0.0,3.0,13.0,919
3,62.0,22:16,0.625,0.4,2.0,1.0,0.0,0.0,14.0,-21.0,930
3,63.0,25:33,0.444,0.5,3.0,1.0,1.0,0.0,11.0,6.0,945
3,64.0,16:34,0.4,0.5,5.0,0.0,1.0,0.0,5.0,1.0,966
3,65.0,15:41,0.0,0.0,2.0,0.0,0.0,0.0,0.0,-13.0,982
3,66.0,12:28,0.2,0.0,2.0,0.0,0.0,0.0,2.0,-10.0,997
3,67.0,19:48,0.5,0.0,3.0,1.0,1.0,0.0,6.0,-6.0,1007
3,68.0,14:23,0.5,0.0,3.0,2.0,0.0,0.0,6.0,3.0,1020
3,69.0,25:05,0.5,0.33299999999999996,7.0,3.0,0.0,1.0,9.0,12.0,1036
3,70.0,16:15,0.8,0.0,2.0,2.0,1.0,0.0,8.0,-9.0,1053
3,71.0,13:19,0.33299999999999996,0.5,1.0,0.0,0.0,0.0,3.0,-21.0,1073
3,72.0,22:37,0.444,0.5,3.0,0.0,0.0,0.0,12.0,-6.0,1089
3,73.0,26:48,0.833,0.667,2.0,1.0,0.0,0.0,16.0,12.0,1102
3,74.0,19:14,0.14300000000000002,0.0,2.0,1.0,1.0,1.0,2.0,1.0,1130
3,75.0,16:44,0.4,0.5,1.0,3.0,0.0,0.0,7.0,5.0,1138
3,76.0,17:27,0.5710000000000001,0.667,3.0,0.0,0.0,0.0,10.0,-4.0,1150
3,77.0,17:56,0.2,0.33299999999999996,1.0,1.0,1.0,0.0,3.0,-1.0,1165
3,78.0,22:05,0.5,0.0,4.0,1.0,1.0,0.0,10.0,8.0,1180
