Player_ID,G,MP,FG%,3P%,TRB,AST,STL,BLK,PTS,+/-,Game_ID
193,1.0,9:26,0.0,,1.0,2.0,0.0,0.0,0.0,-10.0,4
193,2.0,22:22,0.583,0.0,8.0,1.0,0.0,1.0,16.0,9.0,18
193,3.0,9:10,0.28600000000000003,0.0,3.0,0.0,1.0,0.0,5.0,10.0,23
193,no play,,,,,,,,,,52
193,no play,,,,,,,,,,68
193,no play,,,,,,,,,,91
193,no play,,,,,,,,,,104
193,no play,,,,,,,,,,119
193,no play,,,,,,,,,,136
193,no play,,,,,,,,,,151
193,no play,,,,,,,,,,170
193,no play,,,,,,,,,,181
193,no play,,,,,,,,,,197
193,4.0,6:02,0.5,,3.0,0.0,0.0,0.0,2.0,-6.0,209
193,no play,,,,,,,,,,239
193,5.0,35:58,0.5329999999999999,0.33299999999999996,17.0,2.0,1.0,0.0,18.0,5.0,252
193,6.0,22:43,0.636,0.4,9.0,0.0,1.0,1.0,21.0,9.0,268
193,7.0,12:52,0.2,0.0,1.0,1.0,0.0,1.0,4.0,-11.0,271
193,8.0,18:59,0.429,0.5,6.0,2.0,0.0,1.0,12.0,1.0,286
193,9.0,12:25,0.4,0.667,5.0,0.0,0.0,0.0,6.0,-5.0,302
193,10.0,20:59,0.5,0.33299999999999996,5.0,3.0,0.0,1.0,14.0,11.0,322
193,11.0,12:26,0.25,0.0,0.0,0.0,0.0,0.0,3.0,4.0,1192
193,12.0,19:09,0.75,0.0,8.0,2.0,1.0,0.0,12.0,8.0,337
193,13.0,13:11,0.429,0.5,5.0,2.0,0.0,0.0,10.0,0.0,349
193,14.0,13:30,0.33299999999999996,0.0,5.0,0.0,0.0,0.0,8.0,-6.0,361
193,15.0,11:11,0.33299999999999996,0.0,1.0,1.0,0.0,0.0,2.0,5.0,375
193,16.0,15:54,0.5,0.0,6.0,0.0,1.0,0.0,10.0,6.0,391
193,17.0,15:34,0.5710000000000001,0.0,5.0,0.0,0.0,1.0,8.0,8.0,401
193,18.0,10:50,0.0,0.0,3.0,0.0,0.0,0.0,2.0,-14.0,419
193,19.0,16:32,0.33299999999999996,0.0,3.0,0.0,0.0,0.0,7.0,-1.0,442
193,20.0,21:48,0.5,0.33299999999999996,4.0,1.0,0.0,1.0,17.0,-1.0,468
193,21.0,27:44,0.5,0.5,4.0,0.0,0.0,0.0,14.0,-3.0,482
193,22.0,23:27,0.4,0.0,9.0,0.0,0.0,1.0,10.0,9.0,491
193,23.0,18:25,0.6,0.33299999999999996,2.0,4.0,1.0,1.0,7.0,-1.0,509
193,24.0,26:40,0.5710000000000001,0.33299999999999996,6.0,3.0,1.0,0.0,15.0,8.0,522
193,25.0,11:43,0.75,1.0,1.0,3.0,1.0,1.0,9.0,5.0,534
193,26.0,13:01,0.14300000000000002,0.0,1.0,0.0,1.0,0.0,2.0,-26.0,543
193,27.0,28:35,0.33299999999999996,0.0,8.0,3.0,0.0,1.0,13.0,-13.0,563
193,28.0,27:32,0.364,0.33299999999999996,5.0,4.0,1.0,0.0,11.0,-19.0,579
193,no play,,,,,,,,,,597
193,no play,,,,,,,,,,623
193,no play,,,,,,,,,,634
193,no play,,,,,,,,,,647
193,no play,,,,,,,,,,657
193,no play,,,,,,,,,,670
193,no play,,,,,,,,,,692
193,no play,,,,,,,,,,703
193,no play,,,,,,,,,,709
193,29.0,6:25,0.25,0.5,2.0,0.0,0.0,0.0,3.0,2.0,734
193,30.0,24:01,0.273,0.0,7.0,1.0,0.0,0.0,7.0,10.0,747
193,31.0,14:59,0.5,0.0,2.0,1.0,0.0,0.0,12.0,4.0,766
193,32.0,19:10,0.545,0.5,6.0,0.0,1.0,1.0,16.0,3.0,785
193,33.0,11:19,0.375,0.33299999999999996,3.0,1.0,0.0,0.0,8.0,-5.0,800
193,34.0,15:34,0.444,0.5,1.0,3.0,0.0,0.0,13.0,-14.0,814
193,35.0,15:29,0.5,0.667,0.0,0.0,1.0,0.0,12.0,-10.0,826
193,36.0,11:29,0.6,0.0,2.0,0.0,0.0,0.0,6.0,-1.0,843
193,37.0,17:16,0.375,0.0,4.0,1.0,0.0,1.0,6.0,-3.0,1227
193,38.0,17:55,0.375,0.25,4.0,1.0,1.0,0.0,7.0,7.0,1242
193,39.0,36:52,0.5,0.33299999999999996,6.0,2.0,0.0,0.0,19.0,10.0,1257
193,40.0,19:24,0.25,0.0,3.0,0.0,0.0,0.0,3.0,0.0,1270
193,41.0,12:58,0.33299999999999996,,3.0,0.0,1.0,0.0,4.0,-10.0,868
193,42.0,21:39,0.5,0.667,4.0,0.0,1.0,0.0,12.0,6.0,884
193,43.0,24:40,0.667,0.667,5.0,2.0,0.0,0.0,14.0,14.0,901
193,44.0,24:34,0.5710000000000001,,4.0,1.0,0.0,1.0,8.0,-7.0,911
193,45.0,28:03,0.5,0.5,5.0,3.0,0.0,2.0,10.0,23.0,925
193,46.0,20:39,0.444,0.25,4.0,2.0,1.0,1.0,14.0,-4.0,936
193,47.0,30:46,0.588,0.6,4.0,2.0,2.0,0.0,26.0,8.0,951
193,48.0,28:33,0.33299999999999996,0.0,7.0,2.0,0.0,0.0,8.0,-26.0,965
193,49.0,14:21,0.25,0.0,5.0,3.0,0.0,1.0,4.0,-7.0,990
193,50.0,17:24,0.556,0.5,3.0,3.0,1.0,1.0,12.0,16.0,1004
193,51.0,15:55,0.25,0.0,8.0,3.0,0.0,1.0,4.0,10.0,1019
193,52.0,11:32,0.33299999999999996,0.0,0.0,0.0,0.0,0.0,4.0,-15.0,1033
193,53.0,9:10,0.16699999999999998,0.0,2.0,0.0,0.0,0.0,2.0,-14.0,1047
193,54.0,25:42,0.545,0.33299999999999996,3.0,2.0,1.0,0.0,16.0,-4.0,1063
193,55.0,9:23,1.0,,1.0,3.0,1.0,0.0,4.0,12.0,1074
193,56.0,14:53,0.75,0.5,5.0,0.0,1.0,0.0,13.0,7.0,1087
193,57.0,11:27,0.7140000000000001,0.5,3.0,0.0,1.0,0.0,13.0,10.0,1103
193,58.0,12:29,0.5,0.0,5.0,0.0,1.0,0.0,9.0,-14.0,1116
193,59.0,23:19,0.4,0.0,5.0,1.0,0.0,1.0,6.0,3.0,1126
193,60.0,24:39,0.75,0.5,5.0,1.0,0.0,2.0,17.0,-9.0,1150
193,61.0,19:04,0.5,0.0,4.0,1.0,1.0,0.0,12.0,-8.0,1168
193,62.0,33:21,0.389,0.14300000000000002,5.0,2.0,2.0,0.0,21.0,-17.0,1173
