Player_ID,G,MP,FG%,3P%,TRB,AST,STL,BLK,PTS,+/-,Game_ID
322,1.0,14:06,1.0,,0.0,1.0,1.0,0.0,2.0,-9.0,
322,2.0,8:16,0.0,,1.0,0.0,0.0,0.0,0.0,1.0,20
322,3.0,20:27,0.429,0.667,7.0,3.0,1.0,0.0,8.0,2.0,31
322,4.0,18:35,0.75,0.667,1.0,0.0,1.0,0.0,8.0,6.0,49
322,5.0,23:10,0.2,0.33299999999999996,1.0,2.0,0.0,0.0,3.0,7.0,58
322,6.0,21:19,0.4,0.25,1.0,1.0,2.0,0.0,7.0,-6.0,73
322,7.0,3:42,0.0,0.0,0.0,0.0,0.0,0.0,0.0,-2.0,83
322,8.0,20:34,0.375,0.0,3.0,2.0,3.0,1.0,8.0,14.0,89
322,9.0,11:44,0.0,0.0,0.0,2.0,0.0,0.0,2.0,-2.0,104
322,10.0,14:53,,,1.0,1.0,1.0,0.0,0.0,-5.0,120
322,11.0,16:11,0.5,,1.0,0.0,0.0,0.0,2.0,-5.0,132
322,12.0,32:56,0.636,0.5710000000000001,4.0,2.0,1.0,0.0,20.0,-8.0,147
322,13.0,7:09,0.0,0.0,1.0,1.0,0.0,0.0,0.0,-8.0,169
322,14.0,14:49,1.0,1.0,1.0,2.0,0.0,0.0,8.0,-2.0,180
322,15.0,20:45,0.25,0.25,2.0,4.0,1.0,0.0,5.0,-6.0,193
322,16.0,12:36,0.33299999999999996,0.0,4.0,1.0,0.0,0.0,3.0,5.0,217
322,17.0,10:22,0.33299999999999996,0.33299999999999996,0.0,2.0,0.0,0.0,3.0,9.0,242
322,18.0,13:54,0.33299999999999996,0.0,2.0,1.0,2.0,0.0,4.0,1.0,269
322,19.0,12:09,1.0,1.0,2.0,2.0,0.0,0.0,3.0,10.0,276
322,20.0,22:26,0.75,0.75,4.0,4.0,0.0,0.0,15.0,1.0,290
322,21.0,26:37,0.6,0.667,3.0,4.0,1.0,0.0,8.0,7.0,307
322,22.0,11:57,0.667,1.0,2.0,1.0,1.0,0.0,7.0,-9.0,323
322,23.0,20:55,0.5,0.33299999999999996,3.0,1.0,0.0,0.0,7.0,-4.0,330
322,24.0,34:54,0.5379999999999999,0.556,5.0,3.0,4.0,1.0,21.0,11.0,335
322,25.0,37:53,0.8,0.75,6.0,5.0,1.0,0.0,11.0,12.0,354
322,26.0,20:42,0.8,1.0,4.0,3.0,0.0,0.0,11.0,11.0,382
322,27.0,21:14,0.667,0.5,2.0,1.0,0.0,0.0,5.0,-2.0,398
322,28.0,13:15,0.0,0.0,1.0,0.0,0.0,0.0,0.0,-10.0,408
322,29.0,27:08,0.308,0.429,5.0,3.0,2.0,0.0,11.0,-20.0,427
322,30.0,39:18,0.33299999999999996,0.28600000000000003,4.0,5.0,2.0,0.0,10.0,-2.0,434
322,31.0,28:46,0.33299999999999996,0.5,2.0,7.0,4.0,0.0,9.0,6.0,452
322,32.0,24:10,0.625,0.5,2.0,2.0,1.0,0.0,13.0,3.0,480
322,33.0,15:42,0.25,0.5,1.0,1.0,0.0,0.0,3.0,-8.0,494
322,34.0,22:47,0.6,1.0,0.0,0.0,0.0,0.0,9.0,2.0,511
322,35.0,27:39,0.33299999999999996,0.25,9.0,2.0,1.0,1.0,5.0,21.0,520
322,36.0,26:29,0.33299999999999996,0.25,5.0,4.0,1.0,0.0,7.0,-5.0,527
322,37.0,25:33,0.5,0.0,6.0,3.0,0.0,0.0,6.0,-11.0,542
322,38.0,23:36,0.5,0.25,2.0,4.0,4.0,0.0,9.0,7.0,561
322,39.0,16:48,0.0,0.0,4.0,2.0,0.0,0.0,1.0,-6.0,568
322,40.0,26:53,0.4,0.25,2.0,5.0,1.0,0.0,5.0,15.0,581
322,41.0,19:20,0.0,0.0,3.0,2.0,2.0,0.0,0.0,0.0,605
322,42.0,10:32,1.0,1.0,1.0,1.0,0.0,0.0,8.0,1.0,610
322,43.0,33:42,0.667,0.75,2.0,5.0,2.0,0.0,11.0,14.0,625
322,44.0,37:45,0.444,0.5,3.0,4.0,3.0,0.0,12.0,3.0,653
322,45.0,32:40,0.16699999999999998,0.0,4.0,6.0,3.0,1.0,2.0,4.0,664
322,46.0,21:56,0.6,,2.0,2.0,3.0,0.0,6.0,-6.0,678
322,47.0,19:53,0.25,0.33299999999999996,3.0,1.0,1.0,0.0,3.0,-13.0,683
322,48.0,25:48,0.5,0.33299999999999996,4.0,2.0,3.0,0.0,7.0,16.0,698
322,49.0,15:18,1.0,1.0,1.0,1.0,0.0,0.0,5.0,-6.0,713
322,50.0,23:11,0.25,0.25,3.0,5.0,3.0,0.0,3.0,23.0,744
322,51.0,29:57,0.16699999999999998,0.16699999999999998,9.0,2.0,0.0,0.0,4.0,5.0,766
322,52.0,24:27,1.0,1.0,4.0,2.0,2.0,0.0,6.0,14.0,778
322,53.0,21:46,0.33299999999999996,0.33299999999999996,2.0,2.0,1.0,0.0,3.0,22.0,795
322,54.0,40:49,0.5,0.5710000000000001,5.0,5.0,1.0,0.0,16.0,7.0,803
322,55.0,30:17,0.3,0.0,3.0,3.0,3.0,0.0,8.0,4.0,821
322,56.0,21:34,0.5,0.5,4.0,0.0,0.0,0.0,7.0,-13.0,834
322,57.0,31:40,0.778,0.667,4.0,3.0,4.0,1.0,18.0,31.0,849
322,58.0,25:50,0.25,0.5,7.0,5.0,0.0,0.0,6.0,15.0,1236
322,59.0,18:59,0.5,0.0,6.0,1.0,2.0,0.0,2.0,-4.0,1253
322,60.0,19:21,0.25,0.5,1.0,3.0,1.0,0.0,3.0,-4.0,1269
322,61.0,25:33,0.25,0.2,3.0,1.0,2.0,0.0,5.0,-3.0,864
322,62.0,36:05,0.5,0.5710000000000001,4.0,2.0,1.0,0.0,12.0,20.0,876
322,63.0,27:37,0.28600000000000003,0.28600000000000003,1.0,1.0,2.0,0.0,6.0,5.0,892
322,64.0,31:52,0.667,0.8,5.0,4.0,2.0,0.0,12.0,9.0,904
322,65.0,27:39,0.33299999999999996,0.33299999999999996,5.0,6.0,0.0,0.0,6.0,12.0,914
322,66.0,23:04,0.5,0.0,6.0,3.0,0.0,0.0,3.0,-7.0,933
322,67.0,26:23,0.667,0.75,4.0,2.0,0.0,0.0,18.0,-12.0,956
322,68.0,27:10,0.667,0.8,3.0,4.0,1.0,0.0,12.0,-8.0,968
322,69.0,35:56,0.41700000000000004,0.4,4.0,4.0,1.0,0.0,12.0,-12.0,974
322,70.0,35:47,0.444,0.2,3.0,5.0,0.0,0.0,10.0,-12.0,992
322,71.0,26:30,0.33299999999999996,0.33299999999999996,7.0,5.0,0.0,1.0,4.0,-2.0,1006
322,72.0,24:31,0.28600000000000003,0.2,3.0,3.0,0.0,0.0,5.0,9.0,1026
322,73.0,26:59,0.0,0.0,3.0,5.0,1.0,0.0,1.0,-2.0,1042
322,74.0,35:28,0.5379999999999999,1.0,4.0,4.0,2.0,0.0,19.0,0.0,1062
322,75.0,27:20,0.5710000000000001,0.5,2.0,5.0,2.0,1.0,12.0,32.0,1080
322,76.0,31:06,0.429,0.6,3.0,4.0,4.0,0.0,11.0,-3.0,1095
322,77.0,28:21,0.375,0.5,4.0,4.0,2.0,0.0,8.0,-7.0,1106
322,78.0,33:54,0.25,0.0,6.0,2.0,0.0,1.0,2.0,16.0,1123
322,79.0,34:28,0.667,0.667,5.0,8.0,2.0,0.0,11.0,3.0,1146
322,80.0,26:52,0.25,0.33299999999999996,5.0,1.0,2.0,0.0,3.0,-15.0,1155
322,81.0,34:21,0.385,0.16699999999999998,4.0,7.0,1.0,0.0,11.0,7.0,1172
322,82.0,28:11,0.429,0.5,2.0,3.0,1.0,0.0,9.0,4.0,1188
