Player_ID,G,MP,FG%,3P%,TRB,AST,STL,BLK,PTS,+/-,Game_ID
444,1.0,30:30,0.75,0.75,4.0,3.0,1.0,0.0,29.0,-2.0,
444,2.0,31:50,0.364,0.25,7.0,2.0,0.0,0.0,11.0,18.0,20
444,3.0,25:07,0.33299999999999996,0.5,1.0,3.0,2.0,0.0,7.0,-12.0,31
444,4.0,34:17,0.375,0.4,3.0,5.0,1.0,0.0,8.0,2.0,49
444,5.0,33:09,0.455,0.667,5.0,4.0,1.0,0.0,13.0,26.0,58
444,6.0,23:41,0.625,1.0,1.0,2.0,0.0,1.0,14.0,-5.0,73
444,7.0,23:44,0.33299999999999996,0.5,2.0,2.0,2.0,0.0,10.0,8.0,83
444,8.0,21:49,0.5,0.5,5.0,1.0,0.0,0.0,9.0,17.0,89
444,9.0,23:04,0.16699999999999998,0.0,4.0,2.0,0.0,0.0,2.0,-4.0,104
444,10.0,11:23,0.5,,1.0,0.0,0.0,0.0,2.0,-3.0,120
444,11.0,28:28,0.4,0.5,6.0,2.0,0.0,0.0,10.0,6.0,132
444,12.0,15:19,0.0,0.0,1.0,1.0,1.0,0.0,1.0,-6.0,147
444,13.0,22:26,0.75,0.5,5.0,2.0,0.0,0.0,9.0,-5.0,169
444,14.0,22:26,0.5,0.25,3.0,3.0,1.0,0.0,9.0,-5.0,180
444,15.0,27:14,0.5,0.5,5.0,1.0,1.0,1.0,10.0,0.0,193
444,16.0,23:22,0.2,0.0,0.0,1.0,0.0,0.0,3.0,-10.0,217
444,17.0,23:59,0.28600000000000003,0.0,11.0,1.0,0.0,0.0,4.0,22.0,242
444,18.0,15:43,0.5,0.0,0.0,0.0,0.0,0.0,4.0,-13.0,269
444,19.0,26:25,0.5710000000000001,0.6,3.0,3.0,0.0,0.0,11.0,16.0,276
444,20.0,32:35,0.667,0.667,3.0,4.0,1.0,0.0,18.0,8.0,290
444,21.0,16:34,0.5,0.5,2.0,3.0,0.0,0.0,7.0,0.0,307
444,22.0,18:51,0.16699999999999998,0.0,2.0,1.0,0.0,0.0,2.0,-16.0,323
444,23.0,28:57,0.4,0.5,2.0,2.0,1.0,1.0,13.0,-8.0,330
444,24.0,27:40,0.33299999999999996,0.33299999999999996,4.0,0.0,1.0,0.0,13.0,-13.0,335
444,25.0,24:49,0.444,0.0,4.0,3.0,1.0,1.0,8.0,36.0,354
444,26.0,20:48,0.429,0.5,4.0,2.0,0.0,0.0,7.0,13.0,382
444,27.0,21:16,0.429,0.0,5.0,1.0,0.0,0.0,8.0,-7.0,398
444,28.0,20:01,0.16699999999999998,0.25,2.0,0.0,0.0,0.0,3.0,-10.0,408
444,29.0,22:29,0.556,0.667,2.0,0.0,0.0,0.0,14.0,-30.0,427
444,30.0,21:53,0.28600000000000003,0.4,1.0,0.0,0.0,0.0,6.0,-11.0,434
444,31.0,16:02,0.429,0.5,0.0,0.0,0.0,0.0,7.0,-10.0,452
444,32.0,16:10,0.556,0.0,0.0,1.0,1.0,1.0,10.0,-1.0,480
444,33.0,16:57,0.33299999999999996,0.5,0.0,3.0,0.0,1.0,6.0,10.0,494
444,34.0,17:18,0.25,0.0,2.0,0.0,0.0,0.0,2.0,5.0,511
444,35.0,20:40,0.5,0.33299999999999996,4.0,0.0,0.0,0.0,7.0,12.0,520
444,36.0,20:45,0.636,0.75,3.0,2.0,1.0,2.0,17.0,3.0,527
444,37.0,19:36,0.5,0.0,3.0,2.0,0.0,0.0,8.0,8.0,542
444,38.0,12:56,0.33299999999999996,0.0,1.0,1.0,0.0,0.0,2.0,5.0,561
444,39.0,16:50,0.375,0.0,3.0,0.0,0.0,0.0,6.0,-17.0,568
444,40.0,13:20,0.0,0.0,2.0,1.0,0.0,0.0,1.0,-1.0,581
444,41.0,16:56,0.2,0.5,2.0,1.0,0.0,0.0,3.0,13.0,605
444,no play,,,,,,,,,,610
444,42.0,24:22,0.556,0.75,4.0,1.0,0.0,0.0,15.0,10.0,625
444,43.0,31:24,0.636,0.33299999999999996,5.0,1.0,0.0,1.0,15.0,3.0,653
444,44.0,21:14,0.16699999999999998,0.0,2.0,2.0,1.0,0.0,2.0,5.0,664
444,45.0,15:51,0.33299999999999996,0.0,3.0,0.0,0.0,0.0,5.0,14.0,678
444,46.0,18:14,0.0,0.0,4.0,3.0,1.0,0.0,0.0,-1.0,683
444,47.0,15:58,0.75,0.0,2.0,0.0,0.0,0.0,7.0,-8.0,698
444,48.0,27:21,0.429,0.5,2.0,1.0,0.0,1.0,8.0,-11.0,713
444,49.0,27:10,0.556,0.667,6.0,5.0,0.0,0.0,14.0,8.0,744
444,50.0,29:51,0.583,0.5710000000000001,6.0,4.0,0.0,0.0,18.0,21.0,766
444,51.0,21:08,0.14300000000000002,0.5,3.0,4.0,0.0,0.0,3.0,3.0,778
444,52.0,23:40,0.7140000000000001,0.75,3.0,1.0,0.0,0.0,27.0,17.0,795
444,53.0,25:44,0.375,0.33299999999999996,0.0,4.0,2.0,0.0,8.0,-5.0,803
444,54.0,19:03,0.25,1.0,4.0,2.0,0.0,0.0,4.0,-11.0,821
444,55.0,28:19,0.33299999999999996,0.0,6.0,3.0,0.0,0.0,4.0,-2.0,834
444,56.0,22:58,0.5710000000000001,0.5,2.0,0.0,0.0,0.0,13.0,5.0,849
444,57.0,27:04,0.25,0.0,2.0,1.0,2.0,0.0,4.0,6.0,1236
444,58.0,23:33,0.33299999999999996,0.0,1.0,1.0,3.0,0.0,4.0,-1.0,1253
444,59.0,23:09,0.6,1.0,4.0,1.0,1.0,0.0,13.0,5.0,1269
444,60.0,21:41,0.375,0.0,4.0,3.0,0.0,0.0,6.0,-14.0,864
444,no play,,,,,,,,,,876
444,no play,,,,,,,,,,892
444,no play,,,,,,,,,,904
444,61.0,32:00,0.5,0.4,2.0,2.0,0.0,0.0,16.0,-2.0,914
444,62.0,18:54,0.33299999999999996,0.5,2.0,1.0,0.0,0.0,5.0,-13.0,933
444,63.0,28:22,0.5,0.4,3.0,2.0,0.0,0.0,14.0,2.0,956
444,64.0,28:57,0.4,0.4,5.0,1.0,3.0,1.0,12.0,8.0,968
444,65.0,29:27,0.41700000000000004,0.0,4.0,3.0,1.0,0.0,12.0,-2.0,974
444,66.0,33:18,0.25,0.0,6.0,2.0,0.0,1.0,8.0,-12.0,992
444,67.0,30:43,0.14300000000000002,0.0,4.0,2.0,1.0,0.0,2.0,3.0,1006
444,68.0,22:42,0.4,0.33299999999999996,4.0,2.0,0.0,1.0,10.0,5.0,1026
444,69.0,25:55,0.462,0.429,3.0,2.0,0.0,0.0,17.0,-5.0,1042
444,70.0,31:14,0.5,0.667,7.0,6.0,0.0,0.0,14.0,26.0,1062
444,71.0,23:25,0.4,0.25,3.0,3.0,2.0,1.0,9.0,15.0,1080
444,72.0,27:53,0.125,0.25,5.0,2.0,0.0,2.0,4.0,-5.0,1095
444,73.0,28:41,0.5,0.5,3.0,3.0,0.0,0.0,13.0,-1.0,1106
444,74.0,25:06,0.364,0.667,2.0,2.0,1.0,0.0,13.0,8.0,1123
444,75.0,32:44,0.8,0.8,3.0,1.0,1.0,1.0,22.0,13.0,1146
444,76.0,23:38,0.41700000000000004,0.5,1.0,0.0,0.0,1.0,13.0,-5.0,1155
444,77.0,28:13,0.5,0.7140000000000001,5.0,5.0,1.0,0.0,19.0,4.0,1172
444,78.0,16:40,0.5,0.33299999999999996,0.0,3.0,0.0,0.0,8.0,-8.0,1188
