Player_ID,G,MP,FG%,3P%,TRB,AST,STL,BLK,PTS,+/-,Game_ID
24,1.0,25:15,0.4,0.444,4.0,3.0,2.0,2.0,16.0,3.0,2
24,2.0,17:55,0.28600000000000003,0.33299999999999996,3.0,1.0,1.0,0.0,6.0,-1.0,15
24,3.0,18:13,0.28600000000000003,0.25,2.0,1.0,1.0,0.0,5.0,-2.0,27
24,4.0,22:50,0.5,0.2,2.0,1.0,1.0,0.0,9.0,-22.0,39
24,5.0,26:29,0.667,0.25,2.0,1.0,1.0,0.0,13.0,3.0,53
24,6.0,22:51,0.0,0.0,3.0,1.0,0.0,0.0,0.0,-3.0,68
24,7.0,22:50,0.556,0.2,1.0,1.0,0.0,0.0,11.0,-9.0,97
24,8.0,29:08,0.429,0.25,7.0,1.0,1.0,0.0,8.0,-11.0,102
24,9.0,24:18,0.6,0.625,2.0,1.0,0.0,0.0,19.0,3.0,135
24,10.0,25:10,0.5,0.33299999999999996,2.0,2.0,2.0,0.0,8.0,-18.0,148
24,11.0,29:24,0.33299999999999996,0.14300000000000002,3.0,1.0,1.0,0.0,7.0,-3.0,153
24,12.0,20:20,0.667,1.0,1.0,2.0,0.0,0.0,7.0,-7.0,174
24,13.0,26:56,0.28600000000000003,0.0,4.0,3.0,0.0,0.0,8.0,-12.0,190
24,14.0,24:47,0.5710000000000001,0.667,3.0,0.0,0.0,0.0,12.0,-23.0,213
24,15.0,23:40,0.16699999999999998,0.2,2.0,1.0,0.0,0.0,3.0,-6.0,245
24,16.0,18:45,0.375,0.4,0.0,1.0,0.0,0.0,8.0,-11.0,258
24,17.0,38:41,0.556,0.5,1.0,1.0,3.0,0.0,15.0,9.0,272
24,18.0,22:43,0.364,0.375,4.0,3.0,0.0,0.0,11.0,-6.0,287
24,19.0,29:36,0.583,0.429,5.0,2.0,1.0,0.0,17.0,-5.0,301
24,20.0,27:53,0.4,0.5,5.0,1.0,1.0,0.0,8.0,16.0,316
24,21.0,24:01,0.75,0.667,2.0,0.0,2.0,0.0,16.0,-9.0,1194
24,22.0,19:09,0.5,0.5,4.0,0.0,0.0,0.0,10.0,-6.0,353
24,23.0,21:50,0.28600000000000003,0.25,7.0,1.0,0.0,0.0,9.0,8.0,364
24,24.0,25:35,0.3,0.429,4.0,0.0,2.0,0.0,11.0,22.0,378
24,25.0,18:58,0.25,0.0,6.0,1.0,0.0,0.0,5.0,-7.0,390
24,26.0,27:33,0.5379999999999999,0.556,2.0,2.0,2.0,0.0,19.0,5.0,409
24,27.0,22:09,0.33299999999999996,0.33299999999999996,6.0,2.0,0.0,0.0,5.0,-10.0,420
24,28.0,19:18,0.75,1.0,3.0,1.0,0.0,0.0,9.0,0.0,438
24,29.0,16:10,0.0,0.0,3.0,0.0,0.0,1.0,0.0,-22.0,444
24,30.0,11:57,0.0,0.0,2.0,0.0,0.0,0.0,0.0,-3.0,468
24,no play,,,,,,,,,,485
24,no play,,,,,,,,,,498
24,31.0,21:51,0.6,0.33299999999999996,1.0,1.0,0.0,0.0,7.0,-10.0,520
24,32.0,26:03,0.5,0.4,2.0,2.0,0.0,2.0,10.0,-18.0,541
24,33.0,18:10,0.111,0.0,6.0,1.0,1.0,0.0,2.0,-14.0,552
24,34.0,16:01,0.0,0.0,5.0,1.0,0.0,0.0,0.0,2.0,564
24,35.0,14:04,0.5,0.0,1.0,0.0,0.0,0.0,2.0,-3.0,578
24,36.0,26:38,0.6,0.33299999999999996,2.0,2.0,0.0,0.0,15.0,-17.0,592
24,37.0,24:47,0.5710000000000001,0.6,4.0,0.0,1.0,0.0,11.0,-10.0,598
24,38.0,19:52,0.455,0.25,3.0,2.0,0.0,0.0,12.0,-25.0,614
24,39.0,18:17,0.0,0.0,0.0,0.0,1.0,0.0,0.0,-5.0,627
24,40.0,12:39,0.6,1.0,2.0,3.0,0.0,0.0,8.0,5.0,650
24,no play,,,,,,,,,,657
24,no play,,,,,,,,,,671
24,no play,,,,,,,,,,687
24,no play,,,,,,,,,,700
24,no play,,,,,,,,,,715
24,no play,,,,,,,,,,725
24,41.0,8:53,0.25,0.33299999999999996,0.0,1.0,0.0,0.0,3.0,-10.0,739
24,42.0,24:02,0.5,0.75,2.0,0.0,3.0,0.0,15.0,14.0,753
24,43.0,24:10,0.16699999999999998,0.25,4.0,0.0,0.0,0.0,3.0,2.0,771
24,44.0,26:44,0.444,0.429,4.0,1.0,0.0,0.0,12.0,-2.0,785
24,45.0,19:29,0.6,0.667,2.0,0.0,0.0,0.0,8.0,-6.0,790
24,46.0,20:13,0.25,1.0,2.0,2.0,0.0,0.0,5.0,-13.0,805
24,47.0,10:05,0.5,0.5,1.0,0.0,0.0,0.0,3.0,-10.0,828
24,48.0,20:33,0.556,0.667,1.0,2.0,1.0,0.0,14.0,9.0,844
24,49.0,23:43,0.28600000000000003,0.4,5.0,0.0,0.0,1.0,7.0,-16.0,1240
24,50.0,26:50,0.429,0.5,1.0,1.0,2.0,2.0,8.0,-21.0,1249
24,51.0,20:34,0.33299999999999996,0.33299999999999996,3.0,0.0,0.0,0.0,6.0,-6.0,866
24,52.0,10:20,0.25,0.0,1.0,0.0,0.0,0.0,2.0,-3.0,876
24,no play,,,,,,,,,,887
24,no play,,,,,,,,,,900
24,no play,,,,,,,,,,910
24,no play,,,,,,,,,,931
24,no play,,,,,,,,,,946
24,no play,,,,,,,,,,960
24,no play,,,,,,,,,,976
24,no play,,,,,,,,,,982
24,no play,,,,,,,,,,996
24,no play,,,,,,,,,,1012
24,no play,,,,,,,,,,1027
24,no play,,,,,,,,,,1032
24,no play,,,,,,,,,,1048
24,no play,,,,,,,,,,1065
24,no play,,,,,,,,,,1081
24,no play,,,,,,,,,,1099
24,no play,,,,,,,,,,1109
24,no play,,,,,,,,,,1115
24,no play,,,,,,,,,,1135
24,no play,,,,,,,,,,1149
24,no play,,,,,,,,,,1165
24,no play,,,,,,,,,,1183
