Player_ID,G,MP,FG%,3P%,TRB,AST,STL,BLK,PTS,+/-,Game_ID
55,1.0,22:25,0.375,0.33299999999999996,7.0,0.0,0.0,2.0,20.0,-6.0,7
55,2.0,15:28,0.556,1.0,2.0,1.0,1.0,2.0,14.0,-3.0,22
55,3.0,24:52,0.5,0.0,10.0,3.0,0.0,4.0,18.0,5.0,44
55,no play,,,,,,,,,,52
55,4.0,25:15,0.5379999999999999,1.0,6.0,2.0,1.0,4.0,22.0,-13.0,76
55,5.0,19:12,0.5,,9.0,0.0,1.0,1.0,14.0,-1.0,89
55,no play,,,,,,,,,,106
55,6.0,25:45,0.33299999999999996,0.33299999999999996,7.0,2.0,0.0,2.0,25.0,4.0,117
55,no play,,,,,,,,,,128
55,7.0,22:31,0.6,0.0,10.0,1.0,1.0,2.0,13.0,1.0,145
55,no play,,,,,,,,,,154
55,8.0,22:26,0.444,0.0,10.0,0.0,0.0,1.0,10.0,-19.0,168
55,9.0,20:23,0.643,0.6,7.0,2.0,0.0,2.0,26.0,17.0,185
55,10.0,23:18,0.5379999999999999,0.5,5.0,0.0,1.0,3.0,22.0,6.0,195
55,11.0,27:10,0.4,0.25,11.0,3.0,1.0,3.0,12.0,6.0,208
55,no play,,,,,,,,,,240
55,12.0,25:11,0.444,0.75,9.0,4.0,0.0,3.0,22.0,-3.0,256
55,no play,,,,,,,,,,265
55,13.0,26:56,0.47600000000000003,0.6,10.0,4.0,0.0,0.0,25.0,3.0,292
55,no play,,,,,,,,,,304
55,14.0,25:32,0.33299999999999996,0.33299999999999996,4.0,1.0,0.0,5.0,16.0,-9.0,314
55,no play,,,,,,,,,,328
55,15.0,27:03,0.33299999999999996,0.0,7.0,2.0,3.0,4.0,14.0,27.0,334
55,no play,,,,,,,,,,356
55,16.0,27:01,0.5,0.0,6.0,5.0,1.0,2.0,9.0,-10.0,374
55,17.0,28:31,0.35700000000000004,0.5,4.0,2.0,0.0,2.0,15.0,-6.0,396
55,18.0,27:19,0.706,0.667,10.0,1.0,2.0,3.0,33.0,7.0,409
55,19.0,24:43,0.33299999999999996,0.0,6.0,1.0,1.0,1.0,11.0,-17.0,418
55,20.0,28:05,0.5329999999999999,0.33299999999999996,7.0,1.0,0.0,2.0,27.0,-10.0,453
55,21.0,28:52,0.47100000000000003,0.25,8.0,1.0,2.0,2.0,25.0,3.0,476
55,no play,,,,,,,,,,494
55,22.0,28:30,0.385,0.2,6.0,5.0,2.0,3.0,23.0,6.0,505
55,23.0,29:49,0.4,0.33299999999999996,8.0,3.0,1.0,2.0,25.0,11.0,526
55,24.0,25:53,0.5,0.33299999999999996,8.0,3.0,0.0,2.0,23.0,-1.0,551
55,25.0,23:59,0.5710000000000001,0.0,5.0,4.0,0.0,2.0,20.0,10.0,564
55,26.0,26:54,0.35,0.33299999999999996,14.0,1.0,1.0,1.0,21.0,9.0,585
55,27.0,28:03,0.5,0.0,8.0,1.0,2.0,3.0,24.0,23.0,597
55,no play,,,,,,,,,,609
55,28.0,27:51,0.444,0.33299999999999996,13.0,2.0,2.0,5.0,22.0,13.0,620
55,29.0,26:52,0.462,0.4,9.0,2.0,1.0,2.0,26.0,20.0,632
55,30.0,22:04,0.5,,10.0,5.0,0.0,4.0,18.0,-1.0,646
55,no play,,,,,,,,,,658
55,no play,,,,,,,,,,680
55,no play,,,,,,,,,,689
55,31.0,28:10,0.55,0.667,7.0,4.0,3.0,2.0,32.0,0.0,707
55,no play,,,,,,,,,,721
55,no play,,,,,,,,,,724
55,no play,,,,,,,,,,742
55,no play,,,,,,,,,,750
55,no play,,,,,,,,,,764
55,no play,,,,,,,,,,779
55,no play,,,,,,,,,,788
55,no play,,,,,,,,,,801
55,no play,,,,,,,,,,816
55,no play,,,,,,,,,,826
55,no play,,,,,,,,,,842
55,no play,,,,,,,,,,1232
55,no play,,,,,,,,,,1244
55,no play,,,,,,,,,,1259
55,no play,,,,,,,,,,859
55,no play,,,,,,,,,,870
55,no play,,,,,,,,,,880
55,no play,,,,,,,,,,895
55,no play,,,,,,,,,,923
55,no play,,,,,,,,,,934
55,no play,,,,,,,,,,950
55,no play,,,,,,,,,,963
55,no play,,,,,,,,,,980
55,no play,,,,,,,,,,997
55,no play,,,,,,,,,,1005
55,no play,,,,,,,,,,1022
55,no play,,,,,,,,,,1037
55,no play,,,,,,,,,,1052
55,no play,,,,,,,,,,1065
55,no play,,,,,,,,,,1071
55,no play,,,,,,,,,,1088
55,no play,,,,,,,,,,1108
55,no play,,,,,,,,,,1115
55,no play,,,,,,,,,,1134
55,no play,,,,,,,,,,1152
55,no play,,,,,,,,,,1164
55,no play,,,,,,,,,,1181
