Player_ID,G,MP,FG%,3P%,TRB,AST,STL,BLK,PTS,+/-,Game_ID
497,no play,,,,,,,,,,7
497,1.0,6:28,,,2.0,1.0,0.0,0.0,0.0,5.0,17
497,2.0,7:55,0.5,0.0,2.0,1.0,2.0,0.0,2.0,11.0,35
497,3.0,17:09,1.0,,4.0,3.0,0.0,0.0,3.0,-6.0,60
497,4.0,18:42,0.6,0.5,7.0,2.0,2.0,0.0,8.0,-12.0,65
497,5.0,22:48,0.444,0.0,4.0,0.0,0.0,0.0,8.0,-5.0,75
497,6.0,15:39,0.222,0.25,2.0,0.0,1.0,1.0,5.0,-3.0,93
497,7.0,11:28,0.0,0.0,1.0,0.0,0.0,0.0,0.0,0.0,108
497,no play,,,,,,,,,,122
497,8.0,14:53,0.75,1.0,1.0,0.0,0.0,0.0,9.0,-11.0,137
497,9.0,16:00,0.16699999999999998,0.5,5.0,1.0,0.0,0.0,3.0,-14.0,143
497,10.0,3:34,0.0,0.0,1.0,0.0,1.0,0.0,0.0,-4.0,160
497,11.0,14:13,0.667,0.25,4.0,1.0,0.0,0.0,13.0,9.0,174
497,12.0,26:21,0.6,0.33299999999999996,7.0,2.0,0.0,1.0,7.0,6.0,191
497,13.0,23:03,0.556,0.5,7.0,1.0,1.0,1.0,12.0,-1.0,207
497,14.0,5:32,0.5,1.0,1.0,0.0,0.0,0.0,3.0,-7.0,220
497,15.0,18:02,0.75,0.75,4.0,0.0,1.0,1.0,15.0,-7.0,246
497,16.0,11:54,0.25,0.0,4.0,1.0,0.0,0.0,6.0,-13.0,253
497,17.0,20:03,0.375,0.0,5.0,1.0,0.0,0.0,6.0,4.0,266
497,18.0,12:13,0.667,1.0,4.0,1.0,1.0,0.0,5.0,7.0,280
497,19.0,17:55,0.33299999999999996,0.0,11.0,0.0,0.0,0.0,4.0,-2.0,311
497,20.0,5:19,1.0,,1.0,1.0,1.0,1.0,3.0,4.0,317
497,no play,,,,,,,,,,341
497,21.0,20:44,0.3,0.0,7.0,2.0,1.0,0.0,7.0,2.0,357
497,22.0,15:35,0.429,0.5,3.0,2.0,1.0,0.0,9.0,-13.0,373
497,23.0,8:07,0.2,0.0,3.0,0.0,0.0,0.0,2.0,-4.0,382
497,no play,,,,,,,,,,399
497,24.0,3:59,0.5,0.0,2.0,0.0,0.0,0.0,2.0,1.0,415
497,25.0,25:10,0.7140000000000001,0.0,6.0,3.0,2.0,0.0,10.0,20.0,433
497,26.0,12:53,0.0,0.0,4.0,3.0,0.0,0.0,3.0,2.0,445
497,27.0,18:28,0.75,1.0,4.0,1.0,0.0,0.0,8.0,1.0,464
497,28.0,11:01,0.5,,2.0,1.0,0.0,0.0,3.0,5.0,478
497,29.0,9:58,0.0,0.0,0.0,0.0,0.0,0.0,0.0,-6.0,492
497,30.0,15:30,0.5,0.0,3.0,1.0,0.0,0.0,8.0,-1.0,512
497,31.0,13:43,0.5,,3.0,1.0,0.0,0.0,3.0,-9.0,518
497,no play,,,,,,,,,,534
497,no play,,,,,,,,,,545
497,32.0,4:57,0.667,0.0,0.0,1.0,0.0,0.0,4.0,-3.0,560
497,33.0,13:40,0.667,0.5,0.0,0.0,0.0,0.0,6.0,-4.0,574
497,34.0,11:00,0.5,0.0,3.0,1.0,0.0,0.0,6.0,-3.0,586
497,35.0,10:02,0.0,,3.0,1.0,0.0,0.0,0.0,-8.0,601
497,36.0,3:46,0.0,0.0,1.0,1.0,0.0,0.0,0.0,-3.0,615
497,37.0,29:46,0.35700000000000004,0.25,9.0,1.0,1.0,0.0,13.0,-4.0,626
497,no play,,,,,,,,,,639
497,38.0,11:05,,,1.0,0.0,0.0,0.0,0.0,-5.0,678
497,39.0,9:47,0.2,0.0,2.0,2.0,0.0,0.0,2.0,-8.0,691
497,40.0,6:48,0.33299999999999996,0.0,0.0,0.0,0.0,0.0,3.0,-6.0,695
497,41.0,20:56,0.6,,6.0,1.0,0.0,0.0,13.0,6.0,717
497,42.0,15:49,0.25,0.0,5.0,0.0,0.0,0.0,4.0,-21.0,733
497,43.0,13:59,0.33299999999999996,0.5,1.0,1.0,1.0,1.0,4.0,6.0,746
497,44.0,28:57,0.857,0.75,8.0,2.0,0.0,0.0,16.0,17.0,756
497,45.0,17:23,0.5,0.5,9.0,2.0,0.0,0.0,7.0,1.0,773
497,46.0,20:23,0.6,0.0,6.0,0.0,0.0,0.0,7.0,-13.0,776
497,47.0,20:31,0.25,0.0,4.0,3.0,0.0,0.0,4.0,7.0,802
497,48.0,9:26,0.667,0.0,3.0,1.0,0.0,0.0,4.0,0.0,818
497,49.0,28:51,0.857,1.0,6.0,4.0,0.0,0.0,17.0,13.0,831
497,50.0,17:19,0.375,0.5,2.0,0.0,2.0,0.0,9.0,-5.0,851
497,no play,,,,,,,,,,1235
497,51.0,2:06,0.0,,1.0,0.0,0.0,0.0,0.0,-5.0,1247
497,52.0,4:05,0.667,,1.0,0.0,1.0,0.0,4.0,5.0,1267
497,no play,,,,,,,,,,867
497,no play,,,,,,,,,,883
497,no play,,,,,,,,,,899
497,53.0,28:53,0.33299999999999996,0.33299999999999996,8.0,4.0,0.0,0.0,7.0,-8.0,909
497,54.0,16:04,0.16699999999999998,0.0,9.0,2.0,0.0,0.0,2.0,-10.0,926
497,55.0,17:14,0.14300000000000002,0.33299999999999996,2.0,0.0,0.0,0.0,3.0,-3.0,945
497,56.0,2:37,0.0,,2.0,0.0,0.0,0.0,1.0,-4.0,951
497,no play,,,,,,,,,,969
497,57.0,7:59,1.0,,2.0,0.0,0.0,0.0,2.0,7.0,981
497,58.0,7:08,0.0,,1.0,2.0,1.0,0.0,0.0,6.0,992
497,59.0,6:42,0.33299999999999996,,1.0,0.0,0.0,0.0,2.0,-10.0,1011
497,60.0,28:28,0.5379999999999999,0.33299999999999996,7.0,3.0,1.0,0.0,17.0,26.0,1021
497,61.0,15:31,0.28600000000000003,0.0,4.0,0.0,1.0,0.0,4.0,-22.0,1037
497,62.0,18:19,0.33299999999999996,,5.0,0.0,0.0,0.0,4.0,0.0,1050
497,63.0,7:39,0.25,0.0,2.0,1.0,1.0,0.0,2.0,-1.0,1082
497,64.0,11:44,0.4,,1.0,0.0,0.0,0.0,4.0,-6.0,1098
497,65.0,21:40,0.7140000000000001,0.75,5.0,2.0,0.0,0.0,15.0,-2.0,1107
497,66.0,9:56,0.5,,3.0,1.0,1.0,0.0,2.0,-2.0,1121
497,67.0,14:30,0.6,0.0,2.0,1.0,1.0,0.0,14.0,-3.0,1134
497,68.0,7:48,0.2,0.0,4.0,0.0,0.0,0.0,2.0,-4.0,1149
497,69.0,7:03,0.5,0.0,4.0,1.0,0.0,0.0,2.0,14.0,1167
497,70.0,5:58,1.0,,4.0,2.0,0.0,0.0,2.0,10.0,1183
