Player_ID,G,MP,FG%,3P%,TRB,AST,STL,BLK,PTS,+/-,Game_ID
80,1.0,35:13,0.667,,11.0,1.0,0.0,0.0,32.0,22.0,3
80,2.0,31:00,0.33299999999999996,,17.0,0.0,0.0,1.0,10.0,-11.0,14
80,3.0,30:36,0.5,,9.0,1.0,0.0,1.0,12.0,6.0,38
80,4.0,30:37,0.667,,7.0,3.0,0.0,0.0,10.0,1.0,51
80,5.0,27:56,0.5,,11.0,0.0,1.0,2.0,5.0,3.0,67
80,no play,,,,,,,,,,85
80,no play,,,,,,,,,,108
80,6.0,20:37,0.625,,8.0,0.0,2.0,1.0,12.0,-8.0,119
80,7.0,22:23,0.5,,8.0,0.0,1.0,1.0,13.0,3.0,127
80,8.0,34:29,0.556,,9.0,2.0,0.0,0.0,14.0,-4.0,149
80,9.0,18:19,1.0,,8.0,0.0,0.0,0.0,12.0,-4.0,161
80,10.0,37:08,0.667,,9.0,1.0,0.0,1.0,15.0,4.0,177
80,11.0,37:08,0.5,,13.0,2.0,0.0,2.0,23.0,-12.0,192
80,12.0,29:28,0.625,,8.0,1.0,0.0,1.0,15.0,-3.0,203
80,13.0,30:37,0.6,,16.0,2.0,0.0,1.0,15.0,17.0,215
80,14.0,31:24,0.545,,7.0,0.0,0.0,0.0,12.0,5.0,243
80,15.0,22:05,0.5,,11.0,0.0,1.0,2.0,12.0,15.0,265
80,16.0,22:52,0.5,,4.0,0.0,1.0,1.0,6.0,-4.0,278
80,17.0,24:13,0.5,,7.0,1.0,0.0,1.0,6.0,13.0,294
80,18.0,20:54,0.25,,5.0,1.0,2.0,0.0,2.0,13.0,303
80,19.0,25:21,0.125,,10.0,1.0,0.0,0.0,4.0,-16.0,315
80,20.0,28:42,0.6,,10.0,1.0,0.0,1.0,20.0,5.0,331
80,21.0,24:05,0.429,,10.0,0.0,0.0,0.0,6.0,-2.0,339
80,22.0,23:03,0.444,,12.0,1.0,0.0,0.0,11.0,0.0,362
80,23.0,34:27,0.545,,10.0,1.0,2.0,1.0,17.0,2.0,374
80,24.0,25:53,1.0,,6.0,2.0,2.0,0.0,11.0,3.0,392
80,25.0,25:59,0.5329999999999999,,13.0,0.0,0.0,1.0,16.0,13.0,410
80,26.0,22:02,0.375,,14.0,0.0,0.0,1.0,10.0,17.0,420
80,27.0,16:18,1.0,,7.0,0.0,1.0,1.0,14.0,8.0,452
80,28.0,27:02,0.385,,13.0,1.0,1.0,1.0,12.0,-1.0,474
80,29.0,21:23,0.4,,5.0,0.0,0.0,1.0,7.0,-13.0,490
80,30.0,19:10,0.5,,10.0,0.0,1.0,0.0,8.0,-9.0,495
80,31.0,30:48,0.857,,9.0,0.0,2.0,0.0,14.0,1.0,517
80,32.0,22:26,0.2,,6.0,0.0,0.0,0.0,2.0,-20.0,530
80,33.0,30:45,0.636,,13.0,0.0,0.0,0.0,18.0,7.0,542
80,34.0,32:53,0.636,,7.0,0.0,0.0,2.0,14.0,0.0,559
80,35.0,22:55,1.0,,5.0,0.0,0.0,1.0,8.0,-3.0,567
80,36.0,27:45,0.33299999999999996,,23.0,0.0,0.0,2.0,18.0,17.0,577
80,37.0,24:46,0.444,,10.0,1.0,1.0,1.0,14.0,5.0,598
80,38.0,27:31,0.545,,16.0,1.0,0.0,0.0,12.0,20.0,612
80,39.0,29:19,0.429,,10.0,0.0,1.0,0.0,7.0,1.0,627
80,40.0,30:14,0.455,,15.0,1.0,0.0,0.0,10.0,1.0,632
80,41.0,25:12,0.625,,6.0,1.0,1.0,1.0,11.0,-10.0,647
80,42.0,31:14,0.6,,12.0,2.0,1.0,3.0,16.0,-1.0,668
80,43.0,28:57,0.28600000000000003,,13.0,2.0,1.0,2.0,9.0,-2.0,679
80,44.0,25:35,0.667,,12.0,1.0,0.0,1.0,6.0,3.0,690
80,45.0,24:14,0.4,,11.0,1.0,1.0,2.0,8.0,19.0,702
80,46.0,27:43,0.667,,9.0,3.0,0.0,0.0,12.0,2.0,720
80,47.0,32:21,0.529,,12.0,0.0,0.0,0.0,20.0,2.0,731
80,48.0,11:47,1.0,,3.0,1.0,0.0,1.0,3.0,-10.0,738
80,49.0,34:40,0.41200000000000003,,11.0,1.0,1.0,1.0,18.0,-8.0,752
80,50.0,25:40,0.529,,5.0,0.0,1.0,0.0,22.0,13.0,771
80,51.0,31:50,0.6920000000000001,,12.0,2.0,0.0,1.0,21.0,2.0,777
80,52.0,26:05,1.0,,5.0,1.0,0.0,0.0,16.0,4.0,796
80,53.0,33:59,0.5,,9.0,0.0,0.0,0.0,17.0,10.0,824
80,54.0,21:30,0.545,,9.0,0.0,0.0,0.0,12.0,-14.0,837
80,55.0,20:21,0.667,,10.0,1.0,1.0,0.0,10.0,-5.0,843
80,56.0,17:48,0.75,,6.0,0.0,0.0,1.0,7.0,5.0,1234
80,57.0,22:12,0.875,,7.0,1.0,0.0,0.0,15.0,6.0,1254
80,58.0,18:46,1.0,,5.0,0.0,1.0,1.0,10.0,-7.0,1258
80,59.0,21:04,0.25,,11.0,1.0,0.0,0.0,7.0,-15.0,857
80,60.0,12:56,0.5,,3.0,0.0,0.0,1.0,2.0,-19.0,871
80,61.0,21:11,1.0,,7.0,1.0,0.0,0.0,13.0,5.0,881
80,62.0,33:32,0.6920000000000001,,12.0,2.0,0.0,1.0,25.0,7.0,913
80,63.0,30:04,0.41700000000000004,,12.0,1.0,2.0,2.0,11.0,0.0,929
80,64.0,20:59,0.833,,10.0,0.0,0.0,0.0,10.0,-18.0,939
80,65.0,22:50,0.455,,12.0,2.0,0.0,1.0,14.0,1.0,952
80,66.0,16:48,0.429,,5.0,0.0,0.0,2.0,7.0,-12.0,975
80,67.0,24:19,0.7140000000000001,,8.0,0.0,1.0,1.0,10.0,6.0,983
80,68.0,23:43,0.5,,13.0,0.0,0.0,1.0,11.0,9.0,1000
80,69.0,24:30,0.667,,5.0,0.0,0.0,0.0,8.0,-7.0,1011
80,70.0,20:35,0.0,,8.0,0.0,0.0,2.0,2.0,-8.0,1028
80,71.0,22:05,0.444,,6.0,1.0,1.0,0.0,9.0,-2.0,1044
80,72.0,26:59,0.778,,9.0,0.0,0.0,1.0,17.0,21.0,1057
80,73.0,28:48,0.833,,15.0,0.0,1.0,3.0,14.0,10.0,1074
80,74.0,28:26,0.556,,17.0,1.0,1.0,2.0,16.0,13.0,1086
80,75.0,27:35,0.778,,8.0,1.0,2.0,1.0,14.0,12.0,1108
80,76.0,28:04,0.667,,10.0,2.0,0.0,1.0,10.0,-3.0,1118
80,77.0,26:36,0.818,,5.0,2.0,0.0,0.0,19.0,2.0,1127
80,78.0,29:54,0.444,0.0,10.0,0.0,0.0,2.0,9.0,2.0,1141
80,79.0,19:43,0.375,,7.0,0.0,1.0,0.0,6.0,-12.0,1157
80,80.0,15:25,0.6,1.0,7.0,1.0,1.0,0.0,13.0,15.0,1179
