Player_ID,G,MP,FG%,3P%,TRB,AST,STL,BLK,PTS,+/-,Game_ID
323,1.0,18:49,0.125,0.0,1.0,3.0,4.0,0.0,4.0,3.0,2
323,2.0,9:38,0.33299999999999996,1.0,1.0,0.0,0.0,0.0,4.0,-2.0,11
323,3.0,18:31,1.0,1.0,2.0,1.0,0.0,0.0,3.0,-5.0,23
323,4.0,22:19,0.4,,6.0,2.0,1.0,0.0,6.0,-4.0,57
323,5.0,13:24,0.33299999999999996,,1.0,0.0,0.0,0.0,4.0,-13.0,64
323,6.0,18:12,0.5,0.5,3.0,0.0,1.0,1.0,7.0,-22.0,87
323,7.0,11:32,0.5,0.5,2.0,0.0,0.0,1.0,3.0,-12.0,103
323,8.0,20:52,0.5,0.0,5.0,1.0,1.0,1.0,5.0,-6.0,121
323,9.0,20:59,0.0,0.0,5.0,0.0,0.0,2.0,0.0,12.0,126
323,10.0,19:01,0.33299999999999996,0.0,2.0,0.0,0.0,0.0,4.0,1.0,144
323,11.0,23:39,0.667,0.5,7.0,0.0,0.0,0.0,5.0,9.0,157
323,12.0,15:02,1.0,,2.0,1.0,2.0,0.0,2.0,-7.0,175
323,13.0,17:42,0.75,1.0,6.0,1.0,0.0,0.0,9.0,5.0,184
323,14.0,18:34,0.667,0.5,3.0,0.0,1.0,0.0,5.0,20.0,201
323,15.0,16:30,1.0,1.0,1.0,0.0,1.0,0.0,10.0,-8.0,213
323,16.0,11:15,0.75,1.0,3.0,0.0,0.0,0.0,7.0,-6.0,236
323,17.0,20:45,1.0,1.0,4.0,0.0,0.0,0.0,7.0,7.0,267
323,18.0,14:39,1.0,,4.0,1.0,0.0,0.0,4.0,-8.0,277
323,19.0,17:01,0.4,1.0,9.0,1.0,0.0,0.0,5.0,8.0,293
323,20.0,16:24,0.5,0.5,6.0,1.0,0.0,0.0,5.0,-3.0,304
323,21.0,21:02,0.4,0.667,5.0,0.0,1.0,1.0,6.0,2.0,321
323,22.0,14:00,0.0,0.0,4.0,4.0,0.0,0.0,0.0,15.0,1193
323,23.0,17:21,0.6,0.5,3.0,0.0,0.0,0.0,8.0,5.0,339
323,24.0,11:31,0.0,0.0,1.0,0.0,0.0,0.0,0.0,-2.0,357
323,25.0,15:12,0.33299999999999996,0.0,0.0,1.0,1.0,0.0,6.0,3.0,383
323,26.0,24:34,0.5,0.2,3.0,3.0,2.0,0.0,9.0,13.0,391
323,27.0,23:03,0.28600000000000003,0.0,3.0,1.0,0.0,0.0,4.0,-7.0,411
323,28.0,11:53,,,1.0,0.0,0.0,0.0,0.0,-9.0,424
323,29.0,15:29,0.5,0.33299999999999996,4.0,1.0,0.0,0.0,5.0,-1.0,437
323,30.0,15:11,0.5,,6.0,0.0,0.0,0.0,2.0,9.0,445
323,31.0,12:36,0.2,0.0,2.0,0.0,1.0,0.0,2.0,-2.0,461
323,32.0,6:02,0.0,0.0,1.0,1.0,0.0,0.0,0.0,1.0,477
323,33.0,17:03,0.5710000000000001,0.5,7.0,0.0,2.0,0.0,12.0,13.0,493
323,34.0,22:35,0.5,0.667,3.0,5.0,0.0,1.0,6.0,-4.0,499
323,35.0,13:06,0.0,,1.0,0.0,0.0,0.0,0.0,-6.0,527
323,36.0,14:10,0.33299999999999996,0.33299999999999996,0.0,0.0,0.0,0.0,3.0,-1.0,551
323,37.0,14:35,0.667,,6.0,1.0,0.0,0.0,4.0,5.0,558
323,38.0,16:49,0.667,1.0,2.0,1.0,1.0,0.0,7.0,5.0,577
323,39.0,22:28,0.6,0.33299999999999996,6.0,1.0,0.0,1.0,8.0,16.0,588
323,40.0,13:19,0.0,0.0,2.0,0.0,0.0,0.0,0.0,-11.0,602
323,41.0,14:26,1.0,1.0,1.0,3.0,0.0,0.0,3.0,-3.0,623
323,42.0,16:12,0.667,,1.0,0.0,1.0,0.0,4.0,-21.0,635
323,no play,,,,,,,,,,655
323,43.0,17:49,0.8,0.0,6.0,0.0,0.0,1.0,8.0,-1.0,681
323,44.0,23:19,1.0,1.0,7.0,1.0,0.0,1.0,7.0,13.0,686
323,45.0,27:11,0.33299999999999996,0.33299999999999996,8.0,4.0,0.0,1.0,7.0,22.0,701
323,46.0,17:52,0.0,0.0,2.0,3.0,1.0,1.0,0.0,4.0,711
323,47.0,24:20,0.5,0.5,10.0,0.0,0.0,0.0,3.0,-1.0,727
323,48.0,19:29,0.28600000000000003,0.4,3.0,2.0,0.0,1.0,6.0,8.0,738
323,49.0,20:47,0.5,0.0,3.0,2.0,0.0,0.0,3.0,2.0,757
323,50.0,10:28,0.0,0.0,2.0,0.0,1.0,0.0,0.0,-13.0,772
323,51.0,9:42,0.33299999999999996,0.0,2.0,0.0,0.0,0.0,2.0,-14.0,799
323,52.0,7:15,0.0,0.0,3.0,0.0,0.0,0.0,0.0,-5.0,804
323,53.0,20:36,0.0,,3.0,0.0,0.0,0.0,0.0,11.0,821
323,54.0,13:03,0.5,0.5,4.0,0.0,0.0,0.0,3.0,-1.0,832
323,55.0,9:50,,,1.0,1.0,0.0,2.0,0.0,-4.0,842
323,56.0,11:04,0.5,0.0,3.0,0.0,0.0,0.0,2.0,7.0,855
323,57.0,19:24,0.2,0.33299999999999996,5.0,2.0,0.0,0.0,3.0,8.0,1234
323,58.0,12:43,0.16699999999999998,0.0,2.0,0.0,1.0,0.0,4.0,0.0,1255
323,59.0,18:41,1.0,1.0,3.0,2.0,1.0,0.0,7.0,-5.0,1261
323,60.0,18:38,1.0,1.0,6.0,0.0,0.0,1.0,3.0,-7.0,862
323,61.0,16:07,1.0,1.0,4.0,0.0,0.0,0.0,8.0,17.0,879
323,62.0,19:41,0.0,0.0,5.0,1.0,0.0,0.0,1.0,-6.0,890
323,no play,,,,,,,,,,905
323,63.0,12:15,0.667,1.0,5.0,1.0,1.0,0.0,5.0,8.0,919
323,64.0,12:36,0.0,0.0,1.0,0.0,0.0,0.0,0.0,-6.0,930
323,65.0,6:03,0.5,0.0,3.0,0.0,0.0,0.0,2.0,-2.0,945
323,66.0,23:34,0.667,,5.0,3.0,0.0,1.0,4.0,5.0,966
323,67.0,7:17,0.0,0.0,3.0,0.0,0.0,0.0,0.0,0.0,982
323,68.0,15:30,0.0,0.0,1.0,0.0,0.0,0.0,1.0,2.0,997
323,no play,,,,,,,,,,1007
323,no play,,,,,,,,,,1020
323,69.0,10:03,0.5,0.5,1.0,1.0,0.0,0.0,5.0,-4.0,1036
323,70.0,11:43,0.667,0.0,1.0,2.0,0.0,0.0,4.0,1.0,1053
323,71.0,4:06,,,1.0,0.0,0.0,0.0,0.0,0.0,1073
323,72.0,17:46,0.5,0.0,8.0,0.0,0.0,0.0,4.0,8.0,1089
323,73.0,21:57,0.16699999999999998,0.0,9.0,2.0,0.0,0.0,3.0,3.0,1102
323,74.0,13:41,0.0,0.0,3.0,2.0,0.0,0.0,1.0,-6.0,1130
323,75.0,5:49,0.5,0.0,2.0,2.0,0.0,0.0,2.0,-2.0,1138
323,76.0,15:06,0.6,0.75,2.0,3.0,0.0,0.0,9.0,8.0,1150
323,77.0,14:26,0.33299999999999996,1.0,8.0,3.0,0.0,0.0,4.0,4.0,1165
323,78.0,4:32,0.0,0.0,2.0,0.0,0.0,0.0,0.0,-6.0,1180
