Player_ID,G,MP,FG%,3P%,TRB,AST,STL,BLK,PTS,+/-,Game_ID
102,1.0,24:35,0.667,0.667,3.0,1.0,3.0,0.0,25.0,6.0,9
102,2.0,25:28,0.222,0.0,2.0,0.0,0.0,1.0,4.0,-2.0,20
102,3.0,28:44,0.429,0.0,5.0,2.0,3.0,0.0,12.0,-13.0,35
102,4.0,30:41,0.43799999999999994,0.0,1.0,0.0,0.0,0.0,15.0,-12.0,43
102,5.0,23:03,0.615,0.33299999999999996,2.0,3.0,1.0,1.0,18.0,-5.0,55
102,6.0,28:55,0.308,0.33299999999999996,1.0,5.0,2.0,0.0,9.0,18.0,74
102,7.0,30:10,0.5,0.5,6.0,1.0,0.0,0.0,18.0,13.0,88
102,8.0,27:52,0.75,0.667,0.0,2.0,3.0,0.0,22.0,-6.0,100
102,9.0,21:32,0.429,0.33299999999999996,3.0,5.0,1.0,0.0,7.0,6.0,116
102,10.0,25:03,0.667,0.667,3.0,1.0,1.0,0.0,23.0,16.0,125
102,11.0,22:17,0.6,,3.0,1.0,1.0,0.0,14.0,-11.0,138
102,12.0,27:46,0.33299999999999996,0.2,3.0,3.0,5.0,0.0,13.0,4.0,153
102,13.0,31:10,0.467,0.75,3.0,3.0,2.0,0.0,20.0,6.0,178
102,14.0,25:21,0.083,0.33299999999999996,2.0,3.0,0.0,0.0,5.0,-13.0,194
102,15.0,26:08,0.5,0.0,3.0,4.0,4.0,0.0,18.0,6.0,207
102,16.0,29:24,0.43799999999999994,0.0,3.0,2.0,1.0,0.0,16.0,-20.0,219
102,17.0,38:22,0.375,0.444,2.0,0.0,5.0,0.0,20.0,-28.0,249
102,18.0,32:03,0.41200000000000003,0.25,4.0,5.0,2.0,0.0,18.0,22.0,263
102,19.0,29:22,0.28600000000000003,0.14300000000000002,3.0,2.0,1.0,0.0,9.0,-9.0,274
102,20.0,34:05,0.5,0.0,4.0,3.0,1.0,0.0,18.0,13.0,279
102,21.0,30:54,0.267,0.33299999999999996,1.0,1.0,2.0,0.0,14.0,-18.0,294
102,22.0,27:37,0.25,0.0,4.0,2.0,0.0,0.0,8.0,-5.0,305
102,23.0,38:12,0.5379999999999999,0.5,5.0,0.0,0.0,0.0,17.0,12.0,323
102,24.0,35:21,0.231,0.2,2.0,2.0,0.0,0.0,7.0,-26.0,1197
102,25.0,33:49,0.353,0.0,2.0,3.0,0.0,0.0,14.0,-17.0,344
102,26.0,32:08,0.6,0.0,4.0,4.0,0.0,0.0,14.0,1.0,360
102,27.0,21:43,0.364,0.5,2.0,4.0,1.0,0.0,15.0,-13.0,367
102,28.0,18:52,0.5,0.0,4.0,1.0,1.0,0.0,12.0,-6.0,378
102,29.0,25:55,0.444,0.5,3.0,2.0,0.0,0.0,10.0,-9.0,396
102,30.0,30:53,0.583,0.5710000000000001,5.0,1.0,0.0,0.0,20.0,-10.0,402
102,31.0,30:52,0.6920000000000001,0.778,3.0,5.0,1.0,1.0,25.0,6.0,419
102,32.0,25:07,0.2,0.0,2.0,3.0,2.0,0.0,4.0,-9.0,440
102,33.0,27:21,0.5,0.5,5.0,2.0,0.0,0.0,18.0,-19.0,443
102,34.0,20:07,0.222,0.0,1.0,0.0,1.0,0.0,5.0,-9.0,465
102,35.0,25:59,0.6,0.0,5.0,3.0,1.0,1.0,12.0,3.0,480
102,36.0,29:33,0.636,0.33299999999999996,1.0,0.0,3.0,0.0,15.0,-6.0,496
102,37.0,17:16,0.2,0.0,1.0,1.0,0.0,0.0,2.0,-12.0,517
102,38.0,18:24,0.667,0.5,7.0,3.0,0.0,0.0,16.0,5.0,533
102,39.0,31:47,0.5710000000000001,0.5710000000000001,3.0,1.0,2.0,0.0,21.0,5.0,548
102,40.0,9:54,0.5,0.0,0.0,0.0,0.0,0.0,4.0,-7.0,554
102,41.0,28:32,0.33299999999999996,0.2,4.0,4.0,1.0,0.0,9.0,12.0,572
102,42.0,22:32,0.33299999999999996,0.4,1.0,1.0,2.0,0.0,9.0,-12.0,582
102,43.0,23:37,0.545,0.0,1.0,3.0,0.0,0.0,14.0,-11.0,594
102,44.0,28:04,0.5710000000000001,0.75,4.0,3.0,0.0,0.0,21.0,-11.0,606
102,45.0,23:32,0.583,0.0,2.0,2.0,0.0,0.0,16.0,-7.0,617
102,46.0,35:51,0.43799999999999994,0.4,0.0,3.0,2.0,0.0,19.0,9.0,631
102,47.0,33:16,0.41700000000000004,0.25,5.0,3.0,5.0,0.0,12.0,5.0,654
102,48.0,25:23,0.385,0.0,3.0,0.0,0.0,0.0,10.0,-36.0,667
102,49.0,34:35,0.5329999999999999,0.5,3.0,2.0,1.0,0.0,22.0,-1.0,694
102,50.0,35:31,0.444,0.0,5.0,4.0,1.0,0.0,16.0,-2.0,698
102,51.0,21:29,0.429,0.0,3.0,2.0,1.0,0.0,6.0,-15.0,735
102,52.0,28:45,0.6920000000000001,0.33299999999999996,2.0,1.0,0.0,0.0,20.0,-4.0,748
102,53.0,21:42,0.14300000000000002,0.0,1.0,1.0,3.0,1.0,2.0,-4.0,757
102,54.0,29:24,0.385,0.0,7.0,2.0,0.0,0.0,12.0,6.0,774
102,55.0,22:03,0.3,0.0,1.0,0.0,2.0,0.0,12.0,-22.0,792
102,56.0,21:21,0.444,0.5,0.0,4.0,1.0,0.0,11.0,-2.0,808
102,57.0,28:18,0.5,0.0,7.0,2.0,1.0,1.0,9.0,5.0,839
102,58.0,29:40,0.5,0.4,3.0,0.0,1.0,0.0,15.0,-9.0,850
102,59.0,29:13,0.353,0.25,5.0,5.0,4.0,0.0,14.0,0.0,1237
102,60.0,27:17,0.5,0.33299999999999996,2.0,2.0,0.0,0.0,19.0,-19.0,1250
102,61.0,33:31,0.5,0.25,3.0,3.0,1.0,0.0,16.0,-7.0,1270
102,62.0,29:42,0.368,0.125,4.0,3.0,3.0,0.0,20.0,-3.0,879
102,63.0,23:54,0.444,0.0,2.0,3.0,1.0,0.0,14.0,-17.0,894
102,64.0,34:25,0.529,0.5,1.0,2.0,0.0,0.0,22.0,-6.0,907
102,65.0,35:00,0.389,0.16699999999999998,2.0,3.0,2.0,0.0,19.0,9.0,924
102,66.0,33:41,0.625,0.0,6.0,8.0,1.0,1.0,30.0,6.0,950
102,67.0,33:00,0.389,0.429,2.0,3.0,0.0,0.0,19.0,-21.0,958
102,68.0,39:17,0.368,0.16699999999999998,2.0,3.0,2.0,0.0,18.0,-23.0,970
102,69.0,37:32,0.4,0.364,5.0,2.0,1.0,1.0,21.0,-8.0,987
102,70.0,41:06,0.444,0.28600000000000003,3.0,6.0,0.0,0.0,19.0,-8.0,1003
102,71.0,36:24,0.111,0.0,3.0,5.0,0.0,0.0,5.0,-27.0,1018
102,72.0,47:14,0.65,0.8,2.0,5.0,0.0,0.0,35.0,17.0,1040
102,73.0,37:02,0.25,0.25,7.0,6.0,0.0,0.0,10.0,-18.0,1056
102,74.0,39:23,0.526,0.4,4.0,3.0,0.0,0.0,22.0,0.0,1070
102,75.0,39:32,0.462,0.5,3.0,7.0,0.0,0.0,18.0,-18.0,1083
102,76.0,30:48,0.25,0.2,0.0,3.0,0.0,0.0,7.0,-30.0,1097
102,77.0,34:31,0.25,0.2,3.0,4.0,0.0,0.0,7.0,5.0,1104
102,78.0,28:11,0.41200000000000003,0.2,6.0,2.0,0.0,0.0,17.0,1.0,1131
102,79.0,30:09,0.41700000000000004,0.33299999999999996,3.0,6.0,0.0,0.0,12.0,12.0,1148
102,80.0,31:11,0.5379999999999999,0.25,4.0,3.0,0.0,0.0,17.0,-2.0,1163
102,81.0,25:04,0.625,0.6,3.0,3.0,1.0,0.0,15.0,-5.0,1176
102,82.0,32:07,0.5,0.16699999999999998,3.0,2.0,1.0,0.0,17.0,-23.0,1190
