Player_ID,G,MP,FG%,3P%,TRB,AST,STL,BLK,PTS,+/-,Game_ID
474,1,20:21,0.5329999999999999,0.429,1,3,2,0,19,8,904
474,2,26:28,0.5,0.5,3,3,0,0,10,-3,913
474,3,26:52,0.583,0.7140000000000001,1,6,0,0,19,0,936
474,4,22:45,0.455,0.4,0,1,0,0,13,15,962
474,5,20:54,0.444,0.5,4,3,1,0,10,0,967
474,6,18:51,0.3,0.25,5,3,0,0,7,8,984
474,7,21:12,0.6920000000000001,0.5710000000000001,2,0,0,0,22,-3,999
474,8,15:59,0.6,0.5,2,0,0,0,10,5,1014
474,9,18:18,0.4,0.33299999999999996,1,2,1,0,12,-10,1039
474,10,24:00,0.462,0.25,5,6,1,0,13,18,1055
474,11,29:56,0.313,0.33299999999999996,1,2,0,1,14,-8,1062
474,12,27:25,0.7140000000000001,0.75,1,4,0,0,15,10,1077
474,13,25:13,0.33299999999999996,0.28600000000000003,2,4,0,1,12,4,1092
474,14,24:00,0.455,0.16699999999999998,0,3,1,0,15,-8,1107
474,15,16:34,0.444,0.0,0,1,0,0,9,-15,1119
474,16,30:02,0.625,0.0,1,3,1,0,20,-3,1145
474,17,29:39,0.5,0.2,1,2,1,0,21,-12,1156
474,18,21:09,0.385,0.2,3,7,2,0,11,-11,1176
474,19,22:38,0.5,0.75,1,4,1,0,15,20,1191
