Player_ID,G,MP,FG%,3P%,TRB,AST,STL,BLK,PTS,+/-,Game_ID
479,no play,,,,,,,,,,6
479,no play,,,,,,,,,,21
479,no play,,,,,,,,,,28
479,no play,,,,,,,,,,47
479,no play,,,,,,,,,,56
479,no play,,,,,,,,,,71
479,no play,,,,,,,,,,95
479,no play,,,,,,,,,,101
479,no play,,,,,,,,,,113
479,no play,,,,,,,,,,125
479,no play,,,,,,,,,,144
479,no play,,,,,,,,,,155
479,1.0,23:12,0.5710000000000001,0.5,2.0,7.0,1.0,1.0,21.0,5.0,173
479,2.0,29:35,0.529,0.429,2.0,9.0,1.0,0.0,22.0,12.0,181
479,3.0,27:18,0.467,0.0,4.0,4.0,2.0,1.0,15.0,13.0,205
479,4.0,22:14,0.25,0.0,1.0,8.0,1.0,1.0,7.0,1.0,218
479,5.0,28:52,0.462,0.5,4.0,5.0,0.0,1.0,16.0,0.0,248
479,6.0,31:11,0.5379999999999999,0.75,4.0,6.0,0.0,0.0,17.0,-7.0,261
479,7.0,29:03,0.5329999999999999,0.5710000000000001,2.0,5.0,1.0,0.0,22.0,19.0,274
479,8.0,28:27,0.33299999999999996,0.33299999999999996,4.0,4.0,1.0,0.0,9.0,-23.0,297
479,9.0,35:56,0.33299999999999996,0.0,5.0,6.0,2.0,0.0,10.0,-14.0,311
479,no play,,,,,,,,,,320
479,no play,,,,,,,,,,334
479,no play,,,,,,,,,,355
479,10.0,39:36,0.389,0.25,3.0,3.0,2.0,0.0,23.0,-11.0,359
479,11.0,30:02,0.25,0.2,7.0,6.0,4.0,1.0,10.0,-12.0,371
479,12.0,35:57,0.583,0.0,7.0,14.0,0.0,0.0,16.0,13.0,385
479,13.0,35:28,0.33299999999999996,0.14300000000000002,5.0,1.0,0.0,1.0,11.0,-8.0,395
479,14.0,23:57,0.25,0.5,2.0,6.0,1.0,1.0,5.0,-26.0,412
479,15.0,29:36,0.308,0.25,4.0,9.0,0.0,0.0,12.0,6.0,418
479,16.0,34:43,0.6,0.667,4.0,10.0,1.0,0.0,23.0,3.0,433
479,17.0,26:32,0.529,0.5,2.0,6.0,2.0,0.0,22.0,-2.0,449
479,18.0,35:50,0.182,0.0,3.0,11.0,1.0,0.0,7.0,12.0,471
479,19.0,34:00,0.41700000000000004,0.0,4.0,9.0,2.0,0.0,11.0,1.0,486
479,20.0,35:03,0.5,0.0,4.0,11.0,1.0,2.0,12.0,15.0,500
479,21.0,35:25,0.364,0.667,4.0,13.0,3.0,0.0,11.0,8.0,519
479,22.0,35:24,0.385,0.667,2.0,5.0,1.0,0.0,18.0,-9.0,544
479,23.0,29:28,0.5,0.25,1.0,4.0,2.0,1.0,13.0,-9.0,558
479,24.0,25:17,0.375,0.33299999999999996,4.0,7.0,1.0,0.0,9.0,22.0,573
479,25.0,31:12,0.467,0.667,5.0,4.0,2.0,0.0,21.0,13.0,592
479,26.0,29:21,0.0,0.0,3.0,12.0,0.0,0.0,1.0,-4.0,607
479,27.0,26:05,0.444,0.667,2.0,6.0,1.0,0.0,11.0,2.0,621
479,28.0,25:50,0.462,0.5,4.0,5.0,5.0,2.0,14.0,6.0,636
479,29.0,27:44,0.33299999999999996,0.5,3.0,8.0,1.0,0.0,12.0,-7.0,650
479,30.0,39:24,0.632,0.5710000000000001,6.0,10.0,3.0,2.0,33.0,-5.0,676
479,31.0,31:35,0.545,0.5,2.0,8.0,4.0,1.0,14.0,-16.0,691
479,32.0,38:21,0.588,0.5,4.0,11.0,2.0,3.0,23.0,15.0,705
479,33.0,38:54,0.579,0.5710000000000001,4.0,11.0,1.0,0.0,26.0,-5.0,719
479,34.0,41:18,0.619,0.6,2.0,3.0,2.0,2.0,30.0,-10.0,731
479,35.0,35:18,0.588,0.0,3.0,11.0,2.0,1.0,22.0,-6.0,741
479,36.0,35:49,0.294,0.0,10.0,8.0,0.0,0.0,13.0,-11.0,761
479,37.0,37:24,0.5,0.429,10.0,7.0,2.0,3.0,30.0,13.0,780
479,38.0,30:58,0.583,0.25,6.0,2.0,1.0,0.0,15.0,-29.0,795
479,39.0,37:59,0.7140000000000001,0.5,6.0,12.0,5.0,0.0,25.0,15.0,810
479,40.0,39:51,0.429,0.25,6.0,11.0,5.0,0.0,16.0,-3.0,825
479,41.0,36:21,0.545,0.33299999999999996,2.0,8.0,2.0,0.0,18.0,6.0,835
479,42.0,33:01,0.615,0.667,7.0,7.0,0.0,0.0,19.0,11.0,846
479,43.0,35:28,0.25,0.0,4.0,4.0,1.0,2.0,6.0,-31.0,1228
479,44.0,38:46,0.294,0.33299999999999996,7.0,6.0,0.0,0.0,18.0,-4.0,1246
479,45.0,33:22,0.33299999999999996,0.0,3.0,8.0,2.0,1.0,6.0,-6.0,1256
479,46.0,30:03,0.556,0.4,4.0,5.0,1.0,0.0,22.0,25.0,861
479,47.0,43:29,0.444,0.33299999999999996,7.0,5.0,1.0,0.0,26.0,-6.0,878
479,48.0,36:05,0.583,0.33299999999999996,5.0,12.0,3.0,0.0,20.0,23.0,894
479,49.0,22:46,0.111,0.5,5.0,3.0,1.0,3.0,4.0,-13.0,904
479,50.0,32:23,0.33299999999999996,0.25,0.0,6.0,3.0,0.0,7.0,-12.0,913
479,51.0,41:47,0.429,0.2,4.0,13.0,3.0,1.0,15.0,8.0,936
479,52.0,26:57,0.667,0.33299999999999996,1.0,2.0,3.0,0.0,10.0,22.0,962
479,53.0,32:22,0.33299999999999996,0.33299999999999996,4.0,8.0,0.0,1.0,11.0,-9.0,967
479,54.0,27:57,0.529,0.0,4.0,6.0,1.0,3.0,19.0,6.0,984
479,55.0,35:12,0.5,0.8,4.0,7.0,1.0,0.0,21.0,16.0,999
479,56.0,40:51,0.294,0.16699999999999998,3.0,6.0,1.0,1.0,11.0,28.0,1014
479,57.0,38:22,0.583,0.5,1.0,9.0,3.0,2.0,18.0,-7.0,1039
479,58.0,27:01,0.41700000000000004,0.5,7.0,7.0,1.0,0.0,13.0,11.0,1055
479,59.0,38:03,0.47100000000000003,0.429,2.0,5.0,2.0,1.0,19.0,4.0,1062
479,60.0,38:51,0.583,0.5,5.0,7.0,0.0,2.0,18.0,-1.0,1077
479,61.0,31:37,0.222,0.0,4.0,8.0,3.0,1.0,4.0,25.0,1092
479,62.0,39:05,0.41700000000000004,0.5,1.0,6.0,0.0,1.0,17.0,6.0,1107
479,63.0,39:27,0.462,0.33299999999999996,4.0,13.0,1.0,1.0,18.0,7.0,1119
479,64.0,24:25,0.444,0.2,3.0,7.0,1.0,0.0,9.0,-19.0,1145
479,65.0,32:24,0.33299999999999996,0.0,6.0,10.0,0.0,0.0,10.0,-28.0,1156
479,66.0,28:49,0.667,0.0,4.0,7.0,0.0,0.0,14.0,-1.0,1176
479,67.0,15:57,0.364,0.0,3.0,5.0,0.0,0.0,8.0,-3.0,1191
