Player_ID,G,MP,FG%,3P%,TRB,AST,STL,BLK,PTS,+/-,Game_ID
51,1.0,19:19,0.33299999999999996,0.16699999999999998,5.0,2.0,0.0,1.0,7.0,2.0,1
51,2.0,20:10,0.4,0.33299999999999996,3.0,0.0,2.0,1.0,9.0,-12.0,19
51,3.0,17:20,0.375,0.5,3.0,0.0,2.0,0.0,8.0,-5.0,36
51,4.0,19:58,0.4,0.5,8.0,1.0,1.0,0.0,5.0,-10.0,58
51,5.0,18:22,0.6,0.0,2.0,0.0,0.0,1.0,6.0,-5.0,72
51,6.0,10:08,0.4,0.0,2.0,0.0,1.0,0.0,4.0,-9.0,86
51,7.0,20:50,0.5,1.0,5.0,0.0,1.0,1.0,11.0,9.0,100
51,8.0,40:58,0.316,0.0,8.0,7.0,0.0,0.0,16.0,-13.0,112
51,9.0,23:05,0.0,0.0,7.0,2.0,1.0,0.0,0.0,-3.0,142
51,10.0,21:22,0.667,,3.0,1.0,1.0,1.0,4.0,-4.0,157
51,11.0,32:17,0.222,0.0,6.0,2.0,1.0,1.0,6.0,-7.0,176
51,12.0,22:50,0.375,0.33299999999999996,0.0,0.0,1.0,1.0,9.0,-2.0,183
51,13.0,14:49,0.28600000000000003,0.0,4.0,0.0,1.0,1.0,5.0,-8.0,202
51,14.0,16:29,0.5710000000000001,1.0,5.0,0.0,0.0,0.0,12.0,-9.0,216
51,15.0,13:51,0.5710000000000001,0.5,1.0,1.0,1.0,1.0,10.0,-3.0,238
51,16.0,22:49,0.5710000000000001,0.667,8.0,2.0,0.0,0.0,14.0,2.0,261
51,17.0,21:06,0.25,0.0,1.0,0.0,0.0,0.0,4.0,-20.0,282
51,18.0,18:22,0.5710000000000001,1.0,3.0,0.0,0.0,0.0,15.0,2.0,286
51,19.0,10:26,0.33299999999999996,1.0,3.0,0.0,1.0,1.0,5.0,-1.0,306
51,20.0,16:47,0.28600000000000003,0.25,1.0,0.0,1.0,0.0,5.0,-13.0,322
51,21.0,15:31,0.375,0.0,3.0,0.0,1.0,0.0,13.0,-22.0,1199
51,no play,,,,,,,,,,343
51,22.0,11:35,0.28600000000000003,0.33299999999999996,3.0,0.0,0.0,0.0,6.0,-9.0,352
51,23.0,23:40,0.5,0.0,6.0,2.0,0.0,1.0,11.0,4.0,365
51,24.0,13:17,0.429,0.667,5.0,0.0,0.0,0.0,9.0,-13.0,381
51,25.0,17:31,0.33299999999999996,0.5,3.0,0.0,0.0,0.0,10.0,4.0,398
51,26.0,2:11,0.0,,1.0,0.0,1.0,0.0,2.0,3.0,407
51,27.0,14:28,1.0,1.0,2.0,0.0,0.0,0.0,5.0,8.0,417
51,no play,,,,,,,,,,436
51,28.0,7:06,0.5,0.5,1.0,0.0,0.0,0.0,5.0,0.0,455
51,29.0,13:26,0.667,0.5,2.0,0.0,0.0,1.0,9.0,8.0,471
51,30.0,21:02,0.5,0.33299999999999996,8.0,2.0,1.0,2.0,13.0,3.0,479
51,31.0,10:16,0.33299999999999996,1.0,2.0,0.0,1.0,0.0,3.0,-4.0,496
51,32.0,14:44,0.273,0.0,4.0,1.0,2.0,2.0,6.0,9.0,506
51,33.0,4:53,,,2.0,0.0,0.0,0.0,0.0,5.0,529
51,no play,,,,,,,,,,546
51,34.0,2:38,1.0,1.0,0.0,0.0,1.0,0.0,3.0,-2.0,562
51,35.0,5:49,0.5,0.0,0.0,0.0,0.0,0.0,2.0,-4.0,575
51,36.0,2:05,0.0,0.0,1.0,0.0,0.0,0.0,0.0,-6.0,595
51,37.0,0:30,,,0.0,0.0,0.0,0.0,0.0,-2.0,611
51,no play,,,,,,,,,,629
51,38.0,3:41,,,0.0,0.0,0.0,0.0,0.0,1.0,642
51,39.0,2:10,1.0,,0.0,0.0,0.0,0.0,2.0,-6.0,653
51,40.0,15:36,0.455,0.5,5.0,2.0,1.0,0.0,19.0,19.0,667
51,41.0,19:55,0.375,0.0,3.0,2.0,3.0,0.0,11.0,-6.0,693
51,42.0,24:26,0.455,0.5,5.0,1.0,0.0,0.0,17.0,3.0,695
51,43.0,6:30,0.5,0.33299999999999996,1.0,0.0,0.0,0.0,5.0,-7.0,722
51,44.0,2:31,0.0,0.0,1.0,0.0,0.0,0.0,0.0,-7.0,728
51,45.0,4:31,0.75,0.5,4.0,0.0,0.0,0.0,7.0,1.0,742
51,46.0,2:55,0.0,0.0,1.0,0.0,0.0,0.0,0.0,-1.0,760
51,47.0,11:50,0.125,0.25,2.0,2.0,0.0,0.0,3.0,-14.0,782
51,no play,,,,,,,,,,787
51,48.0,9:55,0.5,0.0,2.0,1.0,1.0,0.0,2.0,16.0,803
51,49.0,16:54,0.6,0.0,3.0,1.0,1.0,0.0,9.0,-1.0,819
51,50.0,1:06,1.0,,0.0,0.0,0.0,0.0,2.0,-1.0,832
51,51.0,5:44,,,1.0,0.0,0.0,0.0,0.0,4.0,845
51,no play,,,,,,,,,,1232
51,52.0,3:47,0.0,0.0,1.0,0.0,0.0,0.0,0.0,-8.0,1244
51,53.0,9:56,0.6,0.0,4.0,0.0,1.0,0.0,7.0,-11.0,1259
51,54.0,26:07,0.75,0.0,4.0,2.0,1.0,0.0,6.0,-6.0,859
51,55.0,24:20,0.667,0.5,5.0,2.0,0.0,1.0,19.0,0.0,870
51,56.0,29:53,0.16699999999999998,0.33299999999999996,8.0,0.0,0.0,0.0,5.0,-19.0,880
51,57.0,22:34,0.563,0.0,6.0,3.0,0.0,0.0,19.0,3.0,895
51,58.0,8:13,0.0,0.0,1.0,0.0,0.0,1.0,0.0,-3.0,923
51,59.0,17:12,0.5,,6.0,0.0,1.0,0.0,2.0,-9.0,934
51,60.0,20:55,0.5,0.667,2.0,1.0,0.0,0.0,8.0,-19.0,950
51,61.0,6:53,,,0.0,0.0,1.0,0.0,0.0,3.0,963
51,62.0,25:57,0.636,0.4,8.0,3.0,1.0,0.0,19.0,24.0,980
51,no play,,,,,,,,,,997
51,63.0,26:47,0.0,0.0,7.0,1.0,1.0,0.0,1.0,-8.0,1005
51,64.0,18:45,0.33299999999999996,0.0,4.0,2.0,0.0,0.0,8.0,-7.0,1022
51,65.0,12:06,0.25,0.0,3.0,0.0,0.0,0.0,2.0,4.0,1037
51,66.0,13:29,0.0,0.0,3.0,2.0,0.0,1.0,0.0,13.0,1052
51,67.0,21:45,0.28600000000000003,0.2,7.0,1.0,0.0,2.0,9.0,8.0,1065
51,68.0,25:29,0.444,0.25,2.0,3.0,0.0,0.0,10.0,1.0,1071
51,69.0,31:15,0.5,0.5,9.0,3.0,0.0,1.0,12.0,-2.0,1088
51,70.0,23:48,0.5,0.5,3.0,3.0,2.0,0.0,6.0,4.0,1108
51,71.0,30:27,0.5710000000000001,0.6,2.0,3.0,0.0,0.0,13.0,-5.0,1115
51,72.0,33:22,0.545,0.4,3.0,0.0,1.0,0.0,17.0,-6.0,1134
51,73.0,28:40,0.16699999999999998,0.0,6.0,2.0,0.0,0.0,8.0,-16.0,1152
51,74.0,21:29,0.25,0.0,0.0,0.0,1.0,0.0,6.0,-12.0,1164
51,75.0,34:35,0.818,0.75,2.0,3.0,3.0,1.0,26.0,8.0,1181
