Player_ID,G,MP,FG%,3P%,TRB,AST,STL,BLK,PTS,+/-,Game_ID
311,1.0,26:01,0.6920000000000001,,9.0,3.0,0.0,1.0,23.0,2.0,6
311,2.0,22:32,0.444,,9.0,1.0,0.0,1.0,12.0,3.0,29
311,3.0,38:07,0.35700000000000004,,18.0,1.0,1.0,5.0,13.0,5.0,38
311,4.0,26:47,0.5379999999999999,,5.0,1.0,2.0,1.0,18.0,13.0,63
311,5.0,23:44,0.625,,12.0,1.0,2.0,1.0,10.0,-23.0,78
311,6.0,13:17,0.2,,6.0,2.0,1.0,1.0,4.0,5.0,87
311,7.0,28:46,0.7140000000000001,,7.0,3.0,0.0,1.0,11.0,-3.0,98
311,8.0,16:55,0.8,,3.0,0.0,1.0,1.0,9.0,-24.0,115
311,9.0,16:51,0.0,,2.0,0.0,1.0,0.0,0.0,3.0,134
311,10.0,18:34,0.273,,9.0,1.0,0.0,1.0,8.0,-13.0,140
311,11.0,15:03,0.0,,6.0,4.0,0.0,1.0,0.0,6.0,162
311,12.0,24:46,0.556,,1.0,2.0,1.0,0.0,14.0,3.0,177
311,13.0,25:38,0.667,,11.0,3.0,1.0,1.0,16.0,5.0,193
311,14.0,29:25,0.5379999999999999,,14.0,4.0,0.0,2.0,14.0,-10.0,206
311,15.0,14:48,0.125,,6.0,0.0,0.0,1.0,2.0,-7.0,217
311,16.0,21:54,0.5,,7.0,3.0,1.0,1.0,8.0,8.0,246
311,17.0,16:24,0.5710000000000001,,6.0,2.0,0.0,0.0,8.0,-3.0,257
311,18.0,17:24,0.667,,6.0,1.0,0.0,0.0,4.0,-9.0,283
311,19.0,20:22,0.556,,7.0,1.0,2.0,3.0,10.0,-21.0,300
311,20.0,13:06,0.667,,4.0,1.0,0.0,0.0,8.0,-11.0,307
311,21.0,24:12,0.5,,10.0,1.0,2.0,3.0,8.0,-5.0,314
311,22.0,17:01,0.667,,3.0,1.0,0.0,0.0,11.0,-22.0,1194
311,23.0,20:30,1.0,,7.0,1.0,0.0,0.0,13.0,13.0,332
311,24.0,20:56,0.727,,8.0,0.0,0.0,1.0,17.0,-11.0,347
311,25.0,18:22,0.33299999999999996,,6.0,2.0,1.0,0.0,4.0,-17.0,365
311,26.0,4:30,0.5,,4.0,0.0,0.0,0.0,2.0,5.0,386
311,27.0,7:42,0.4,,1.0,0.0,1.0,1.0,5.0,3.0,404
311,no play,,,,,,,,,,417
311,no play,,,,,,,,,,426
311,no play,,,,,,,,,,451
311,no play,,,,,,,,,,475
311,28.0,8:40,1.0,,4.0,1.0,0.0,1.0,4.0,4.0,488
311,29.0,18:33,0.16699999999999998,,4.0,1.0,1.0,0.0,2.0,3.0,505
311,30.0,21:07,0.75,,6.0,4.0,1.0,1.0,15.0,-4.0,525
311,31.0,18:26,0.75,,6.0,4.0,1.0,1.0,16.0,8.0,531
311,32.0,20:40,0.75,,6.0,0.0,0.0,0.0,7.0,-19.0,547
311,33.0,25:54,0.35700000000000004,,9.0,0.0,3.0,1.0,11.0,-11.0,560
311,34.0,7:47,1.0,,2.0,0.0,0.0,1.0,3.0,3.0,591
311,35.0,6:26,0.5,,1.0,1.0,0.0,0.0,2.0,-4.0,622
311,36.0,7:36,1.0,,3.0,1.0,0.0,0.0,3.0,-7.0,631
311,37.0,13:32,0.4,,1.0,0.0,0.0,1.0,5.0,4.0,644
311,38.0,20:26,0.5710000000000001,,5.0,3.0,0.0,0.0,12.0,-4.0,663
311,no play,,,,,,,,,,669
311,39.0,7:43,0.33299999999999996,,2.0,0.0,1.0,1.0,2.0,8.0,683
311,no play,,,,,,,,,,697
311,40.0,15:29,0.5,,4.0,0.0,0.0,0.0,5.0,8.0,714
311,41.0,12:18,0.0,,4.0,1.0,0.0,1.0,1.0,-13.0,735
311,42.0,18:50,0.25,,3.0,3.0,0.0,0.0,4.0,-9.0,743
311,no play,,,,,,,,,,758
311,43.0,23:41,0.5,,8.0,2.0,1.0,1.0,9.0,-11.0,768
311,44.0,5:16,0.5,,2.0,0.0,0.0,0.0,3.0,7.0,782
311,no play,,,,,,,,,,791
311,45.0,11:19,0.25,,3.0,0.0,0.0,0.0,2.0,-11.0,806
311,no play,,,,,,,,,,817
311,no play,,,,,,,,,,836
311,46.0,21:18,1.0,,8.0,1.0,3.0,1.0,13.0,18.0,849
311,47.0,34:29,0.5,,12.0,5.0,3.0,2.0,12.0,23.0,
311,48.0,21:02,0.33299999999999996,,4.0,2.0,1.0,0.0,8.0,2.0,1254
311,49.0,35:21,0.583,,7.0,5.0,0.0,1.0,19.0,2.0,1266
311,50.0,37:42,0.7,,12.0,6.0,2.0,5.0,18.0,10.0,869
311,51.0,29:38,0.545,,6.0,5.0,1.0,0.0,17.0,5.0,887
311,52.0,24:48,0.41700000000000004,0.0,9.0,4.0,1.0,0.0,17.0,-21.0,906
311,53.0,37:48,0.5,,20.0,8.0,2.0,6.0,28.0,9.0,923
311,54.0,28:11,0.25,,7.0,2.0,1.0,3.0,7.0,-22.0,943
311,55.0,29:43,0.667,,11.0,2.0,0.0,2.0,12.0,11.0,948
311,56.0,22:03,0.125,,8.0,0.0,0.0,0.0,2.0,-16.0,962
311,57.0,34:31,0.389,,9.0,3.0,4.0,1.0,16.0,0.0,971
311,58.0,32:13,0.545,,9.0,6.0,2.0,5.0,12.0,14.0,989
311,59.0,29:05,0.6,,13.0,0.0,0.0,3.0,21.0,10.0,1001
311,60.0,26:47,0.556,,14.0,1.0,2.0,2.0,11.0,1.0,1017
311,61.0,27:25,0.667,,10.0,3.0,0.0,0.0,16.0,12.0,1031
311,62.0,22:31,0.5,,9.0,4.0,0.0,1.0,14.0,13.0,1046
311,63.0,24:54,0.267,,13.0,4.0,1.0,1.0,9.0,10.0,1056
311,64.0,32:39,0.8,,15.0,2.0,1.0,2.0,33.0,4.0,1069
311,65.0,31:33,0.43799999999999994,,11.0,0.0,1.0,3.0,19.0,12.0,1085
311,no play,,,,,,,,,,1101
311,no play,,,,,,,,,,1114
311,no play,,,,,,,,,,1123
311,no play,,,,,,,,,,1139
311,no play,,,,,,,,,,1155
311,no play,,,,,,,,,,1170
311,no play,,,,,,,,,,1191
