Player_ID,G,MP,FG%,3P%,TRB,AST,STL,BLK,PTS,+/-,Game_ID
498,1.0,32:03,0.47600000000000003,0.0,5.0,3.0,5.0,0.0,35.0,14.0,
498,2.0,34:55,0.524,0.2,3.0,5.0,5.0,0.0,30.0,4.0,12
498,3.0,28:00,0.5,0.5,4.0,3.0,2.0,0.0,20.0,13.0,28
498,4.0,29:49,0.5,0.33299999999999996,2.0,6.0,1.0,1.0,27.0,12.0,33
498,5.0,35:47,0.556,0.7140000000000001,7.0,2.0,2.0,0.0,30.0,-5.0,49
498,6.0,31:30,0.5,0.2,11.0,4.0,1.0,1.0,29.0,7.0,73
498,7.0,27:55,0.231,0.0,6.0,1.0,1.0,1.0,14.0,-9.0,82
498,8.0,38:59,0.423,0.667,7.0,1.0,1.0,2.0,34.0,-12.0,110
498,9.0,37:12,0.278,0.8,4.0,1.0,4.0,0.0,17.0,-1.0,123
498,10.0,37:38,0.563,0.0,2.0,0.0,4.0,0.0,20.0,1.0,130
498,11.0,34:34,0.368,0.6,12.0,4.0,0.0,0.0,24.0,-1.0,146
498,12.0,32:02,0.5,0.444,6.0,1.0,4.0,1.0,20.0,25.0,164
498,13.0,39:12,0.467,0.28600000000000003,12.0,7.0,2.0,0.0,23.0,10.0,178
498,14.0,33:48,0.42100000000000004,1.0,9.0,4.0,1.0,0.0,24.0,-7.0,202
498,15.0,36:36,0.667,0.28600000000000003,5.0,4.0,1.0,1.0,30.0,7.0,209
498,16.0,35:01,0.444,0.429,10.0,4.0,0.0,2.0,25.0,-2.0,236
498,17.0,35:37,0.35700000000000004,0.16699999999999998,1.0,5.0,3.0,0.0,19.0,8.0,251
498,18.0,32:02,0.375,0.25,2.0,0.0,2.0,0.0,21.0,-18.0,275
498,19.0,31:02,0.313,0.4,7.0,2.0,2.0,0.0,21.0,5.0,282
498,20.0,34:18,0.5,0.5,5.0,2.0,2.0,0.0,23.0,-4.0,299
498,21.0,30:45,0.409,0.2,9.0,0.0,0.0,2.0,21.0,4.0,319
498,22.0,35:36,0.733,0.667,1.0,4.0,2.0,0.0,31.0,16.0,329
498,23.0,38:07,0.526,0.5,8.0,5.0,2.0,0.0,24.0,-9.0,336
498,24.0,27:08,0.556,0.5710000000000001,7.0,3.0,1.0,1.0,30.0,21.0,353
498,25.0,36:31,0.529,0.2,3.0,6.0,2.0,1.0,26.0,8.0,383
498,26.0,27:26,0.5,0.33299999999999996,10.0,4.0,2.0,0.0,18.0,14.0,387
498,27.0,24:27,0.5,0.33299999999999996,2.0,0.0,1.0,1.0,13.0,21.0,412
498,28.0,36:21,0.33299999999999996,0.0,5.0,4.0,5.0,0.0,21.0,0.0,425
498,29.0,34:04,0.42100000000000004,0.33299999999999996,9.0,5.0,1.0,2.0,27.0,-8.0,441
498,30.0,31:43,0.6,0.7140000000000001,3.0,2.0,1.0,0.0,33.0,13.0,454
498,31.0,37:38,0.5,0.6,10.0,5.0,3.0,1.0,25.0,22.0,463
498,no play,,,,,,,,,,487
498,no play,,,,,,,,,,504
498,32.0,28:09,0.25,0.16699999999999998,4.0,2.0,1.0,1.0,13.0,-7.0,513
498,33.0,28:10,0.667,0.7140000000000001,4.0,2.0,2.0,3.0,25.0,38.0,530
498,34.0,36:12,0.474,0.5,6.0,5.0,0.0,2.0,24.0,26.0,547
498,35.0,32:53,0.389,0.3,2.0,3.0,0.0,1.0,19.0,2.0,563
498,36.0,36:02,0.625,0.667,7.0,2.0,3.0,3.0,30.0,5.0,580
498,37.0,26:06,0.769,0.6,2.0,2.0,2.0,0.0,31.0,27.0,594
498,38.0,32:23,0.6,0.4,4.0,3.0,1.0,0.0,38.0,-8.0,608
498,39.0,38:34,0.706,0.667,7.0,5.0,1.0,0.0,34.0,7.0,630
498,40.0,36:03,0.545,0.4,5.0,4.0,2.0,1.0,34.0,16.0,644
498,41.0,45:59,0.5,0.375,6.0,5.0,1.0,1.0,41.0,3.0,662
498,no play,,,,,,,,,,671
498,no play,,,,,,,,,,679
498,42.0,30:26,0.375,0.33299999999999996,6.0,6.0,1.0,0.0,23.0,2.0,705
498,43.0,37:04,0.41200000000000003,0.429,7.0,2.0,1.0,1.0,24.0,-10.0,722
498,44.0,35:36,0.5,0.25,8.0,4.0,0.0,2.0,36.0,4.0,733
498,45.0,25:17,0.47100000000000003,0.0,8.0,5.0,2.0,2.0,19.0,8.0,750
498,46.0,31:48,0.462,0.16699999999999998,6.0,5.0,2.0,2.0,19.0,18.0,768
498,no play,,,,,,,,,,783
498,47.0,36:49,0.5,0.429,6.0,5.0,0.0,0.0,32.0,14.0,788
498,48.0,32:52,0.5,0.375,6.0,5.0,1.0,0.0,32.0,18.0,807
498,49.0,35:42,0.48100000000000004,0.14300000000000002,9.0,4.0,4.0,0.0,36.0,0.0,823
498,50.0,38:57,0.565,0.667,6.0,3.0,5.0,0.0,32.0,17.0,827
498,51.0,27:07,0.444,0.4,5.0,1.0,2.0,1.0,22.0,16.0,840
498,52.0,30:51,0.43799999999999994,0.0,3.0,6.0,1.0,0.0,21.0,-1.0,1241
498,53.0,25:32,0.5,0.28600000000000003,3.0,1.0,0.0,0.0,25.0,19.0,1250
498,54.0,34:29,0.5,0.33299999999999996,11.0,2.0,3.0,0.0,31.0,-11.0,863
498,55.0,39:46,0.423,0.2,7.0,6.0,3.0,0.0,31.0,4.0,878
498,56.0,43:55,0.44,0.2,10.0,5.0,6.0,1.0,34.0,18.0,886
498,57.0,39:00,0.667,0.8,6.0,5.0,1.0,2.0,39.0,4.0,902
498,no play,,,,,,,,,,917
498,58.0,26:22,0.4,0.0,2.0,2.0,1.0,0.0,19.0,-1.0,922
498,no play,,,,,,,,,,940
498,59.0,38:50,0.41700000000000004,0.375,5.0,4.0,0.0,1.0,31.0,10.0,954
498,60.0,36:31,0.5710000000000001,0.5710000000000001,9.0,6.0,3.0,2.0,34.0,0.0,971
498,61.0,36:27,0.4,0.33299999999999996,7.0,3.0,0.0,1.0,22.0,-12.0,993
498,62.0,26:11,0.25,0.16699999999999998,2.0,3.0,2.0,0.0,12.0,17.0,1002
498,63.0,30:45,0.5379999999999999,0.0,3.0,4.0,3.0,1.0,22.0,4.0,1016
498,64.0,38:11,0.467,0.2,7.0,4.0,1.0,0.0,19.0,2.0,1030
498,65.0,39:13,0.611,0.667,5.0,5.0,1.0,2.0,29.0,12.0,1045
498,66.0,29:55,0.524,0.0,6.0,6.0,3.0,1.0,25.0,30.0,1059
498,67.0,35:36,0.35,0.0,7.0,5.0,1.0,0.0,19.0,-4.0,1078
498,68.0,38:06,0.455,0.222,8.0,2.0,3.0,2.0,28.0,13.0,1094
498,69.0,35:51,0.5329999999999999,1.0,4.0,7.0,0.0,2.0,25.0,-4.0,1106
498,70.0,39:40,0.41700000000000004,0.625,12.0,4.0,2.0,1.0,32.0,10.0,1122
498,71.0,14:03,0.625,0.5,2.0,3.0,2.0,1.0,11.0,-2.0,1131
498,no play,,,,,,,,,,1144
498,72.0,34:40,0.526,0.625,5.0,5.0,1.0,0.0,28.0,-7.0,1154
498,73.0,20:09,0.727,0.5,0.0,0.0,1.0,1.0,18.0,-2.0,1170
498,74.0,30:30,0.385,0.5,5.0,2.0,1.0,0.0,14.0,-3.0,1188
