Player_ID,G,MP,FG%,3P%,TRB,AST,STL,BLK,PTS,+/-,Game_ID
121,no play,,,,,,,,,,
121,no play,,,,,,,,,,14
121,1.0,5:06,0.33299999999999996,0.0,1.0,1.0,0.0,0.0,2.0,10.0,25
121,no play,,,,,,,,,,42
121,no play,,,,,,,,,,64
121,no play,,,,,,,,,,76
121,no play,,,,,,,,,,96
121,2.0,7:32,0.5,,2.0,0.0,0.0,0.0,2.0,-2.0,118
121,3.0,5:29,0.0,,0.0,2.0,0.0,0.0,0.0,1.0,136
121,no play,,,,,,,,,,149
121,4.0,13:23,0.5,,3.0,2.0,0.0,0.0,9.0,-5.0,156
121,no play,,,,,,,,,,172
121,no play,,,,,,,,,,211
121,5.0,13:48,0.5,,1.0,4.0,0.0,1.0,5.0,-4.0,238
121,no play,,,,,,,,,,256
121,6.0,6:03,,,0.0,2.0,0.0,0.0,0.0,5.0,273
121,7.0,11:23,0.0,,1.0,1.0,0.0,0.0,2.0,2.0,289
121,no play,,,,,,,,,,296
121,no play,,,,,,,,,,315
121,8.0,10:10,0.33299999999999996,0.0,0.0,3.0,0.0,0.0,4.0,1.0,1198
121,9.0,4:24,0.75,,0.0,2.0,0.0,0.0,6.0,7.0,338
121,no play,,,,,,,,,,349
121,10.0,7:45,0.5,,4.0,0.0,0.0,0.0,2.0,-3.0,368
121,11.0,23:16,0.5,1.0,3.0,4.0,2.0,0.0,14.0,-3.0,379
121,no play,,,,,,,,,,402
121,no play,,,,,,,,,,423
121,12.0,1:39,0.0,,0.0,0.0,0.0,0.0,0.0,-5.0,429
121,13.0,15:57,0.5710000000000001,0.0,1.0,3.0,1.0,1.0,11.0,-22.0,444
121,no play,,,,,,,,,,462
121,14.0,19:58,0.25,0.0,3.0,2.0,1.0,0.0,11.0,-7.0,469
121,no play,,,,,,,,,,493
121,15.0,19:14,0.833,1.0,0.0,2.0,2.0,1.0,13.0,3.0,509
121,16.0,22:00,0.545,,1.0,2.0,0.0,0.0,12.0,12.0,519
121,17.0,16:14,0.273,0.0,5.0,1.0,0.0,0.0,9.0,-10.0,537
121,18.0,4:16,0.0,0.0,1.0,0.0,0.0,0.0,0.0,7.0,552
121,19.0,7:38,0.5,,0.0,0.0,0.0,0.0,2.0,-1.0,569
121,20.0,4:56,0.667,,0.0,1.0,0.0,0.0,4.0,5.0,581
121,21.0,13:08,0.0,0.0,2.0,3.0,1.0,0.0,2.0,-3.0,590
121,22.0,0:46,1.0,,0.0,0.0,0.0,0.0,2.0,2.0,604
121,23.0,6:39,0.16699999999999998,0.0,0.0,3.0,0.0,0.0,2.0,-1.0,624
121,24.0,2:01,0.5,,0.0,0.0,0.0,0.0,2.0,-4.0,641
121,no play,,,,,,,,,,662
121,no play,,,,,,,,,,676
121,25.0,10:55,0.5,,0.0,1.0,2.0,0.0,3.0,-7.0,685
121,26.0,16:56,0.5710000000000001,0.5,2.0,1.0,0.0,1.0,9.0,-8.0,700
121,27.0,11:31,0.0,,0.0,0.0,0.0,1.0,0.0,-10.0,717
121,28.0,4:00,1.0,,0.0,1.0,1.0,0.0,4.0,8.0,728
121,29.0,17:13,0.6,1.0,1.0,3.0,1.0,1.0,9.0,14.0,737
121,30.0,14:24,0.33299999999999996,0.0,1.0,3.0,1.0,0.0,4.0,-6.0,765
121,31.0,8:52,0.0,,2.0,0.0,1.0,0.0,0.0,0.0,775
121,32.0,5:52,,,1.0,0.0,0.0,0.0,0.0,-1.0,789
121,33.0,5:35,,,0.0,0.0,0.0,0.0,2.0,-5.0,802
121,34.0,0:59,,,0.0,0.0,0.0,0.0,0.0,2.0,817
121,no play,,,,,,,,,,838
121,35.0,2:38,,,0.0,0.0,0.0,0.0,0.0,-7.0,841
121,36.0,2:36,0.0,,1.0,1.0,0.0,0.0,0.0,0.0,1229
121,37.0,8:49,0.0,,0.0,1.0,3.0,0.0,0.0,-8.0,1247
121,no play,,,,,,,,,,1260
121,no play,,,,,,,,,,862
121,no play,,,,,,,,,,873
121,no play,,,,,,,,,,882
121,no play,,,,,,,,,,897
121,no play,,,,,,,,,,920
121,no play,,,,,,,,,,937
121,no play,,,,,,,,,,949
121,no play,,,,,,,,,,959
121,no play,,,,,,,,,,974
121,38.0,15:28,0.33299999999999996,0.0,2.0,2.0,0.0,0.0,10.0,-12.0,991
121,no play,,,,,,,,,,1003
121,no play,,,,,,,,,,1024
121,no play,,,,,,,,,,1033
121,no play,,,,,,,,,,1043
121,39.0,6:54,0.5,,1.0,1.0,1.0,0.0,4.0,3.0,1059
121,40.0,0:24,,,1.0,1.0,0.0,0.0,1.0,1.0,1082
121,41.0,2:54,0.0,,0.0,1.0,0.0,1.0,0.0,-4.0,1088
121,no play,,,,,,,,,,1111
121,no play,,,,,,,,,,1117
121,no play,,,,,,,,,,1130
121,no play,,,,,,,,,,1140
121,no play,,,,,,,,,,1158
121,42.0,6:58,0.667,,1.0,4.0,1.0,0.0,4.0,5.0,1166
121,no play,,,,,,,,,,1179
