Player_ID,G,MP,FG%,3P%,TRB,AST,STL,BLK,PTS,+/-,Game_ID
211,no play,,,,,,,,,,2
211,no play,,,,,,,,,,11
211,no play,,,,,,,,,,23
211,no play,,,,,,,,,,57
211,no play,,,,,,,,,,64
211,no play,,,,,,,,,,87
211,1.0,26:08,0.16699999999999998,0.0,6.0,1.0,0.0,0.0,2.0,-3.0,103
211,2.0,29:54,0.545,0.6,7.0,3.0,2.0,0.0,19.0,25.0,121
211,3.0,27:54,0.462,0.33299999999999996,6.0,4.0,0.0,1.0,16.0,-6.0,126
211,4.0,35:22,0.125,0.14300000000000002,8.0,1.0,0.0,0.0,5.0,11.0,144
211,5.0,28:30,0.625,0.0,4.0,0.0,0.0,0.0,10.0,4.0,157
211,6.0,17:03,0.0,0.0,3.0,2.0,0.0,0.0,0.0,-20.0,175
211,7.0,13:52,0.667,0.5,1.0,1.0,0.0,0.0,5.0,-12.0,184
211,8.0,12:41,0.5,0.5,3.0,1.0,0.0,0.0,3.0,-7.0,201
211,9.0,19:11,0.33299999999999996,0.4,2.0,1.0,2.0,0.0,10.0,0.0,213
211,10.0,20:25,0.667,0.5,1.0,1.0,3.0,0.0,9.0,3.0,236
211,11.0,20:16,0.7140000000000001,0.667,6.0,4.0,0.0,2.0,14.0,10.0,267
211,12.0,26:21,0.778,0.75,3.0,2.0,0.0,0.0,19.0,10.0,277
211,13.0,17:23,0.33299999999999996,0.0,5.0,1.0,0.0,0.0,2.0,1.0,293
211,14.0,11:26,1.0,1.0,0.0,1.0,0.0,0.0,6.0,2.0,304
211,15.0,15:21,0.5,0.5,5.0,2.0,1.0,0.0,7.0,6.0,321
211,16.0,20:26,0.5,0.0,4.0,2.0,1.0,0.0,9.0,15.0,1193
211,17.0,23:28,0.33299999999999996,0.0,9.0,3.0,3.0,1.0,5.0,-12.0,339
211,18.0,22:14,0.222,0.14300000000000002,8.0,2.0,2.0,0.0,8.0,-6.0,357
211,19.0,18:42,0.5,1.0,3.0,1.0,1.0,0.0,7.0,-8.0,383
211,20.0,17:38,0.4,0.667,3.0,2.0,2.0,2.0,7.0,5.0,391
211,21.0,12:46,0.2,0.0,2.0,0.0,3.0,0.0,4.0,6.0,411
211,22.0,25:48,0.28600000000000003,0.5,3.0,1.0,3.0,2.0,10.0,4.0,424
211,23.0,19:59,0.5,0.4,5.0,2.0,1.0,0.0,11.0,7.0,437
211,24.0,13:08,0.0,0.0,1.0,1.0,0.0,0.0,0.0,-10.0,445
211,25.0,23:28,0.778,0.667,2.0,2.0,0.0,0.0,16.0,-6.0,461
211,26.0,17:32,0.5,0.33299999999999996,7.0,3.0,0.0,1.0,5.0,10.0,477
211,27.0,12:52,0.33299999999999996,0.0,1.0,2.0,1.0,0.0,2.0,-6.0,493
211,28.0,18:46,0.28600000000000003,0.0,2.0,3.0,0.0,1.0,5.0,-10.0,499
211,29.0,20:31,0.33299999999999996,0.0,7.0,3.0,1.0,2.0,5.0,-6.0,527
211,30.0,18:17,0.28600000000000003,0.25,4.0,5.0,0.0,0.0,8.0,8.0,551
211,31.0,22:23,0.556,0.667,4.0,4.0,0.0,0.0,12.0,3.0,558
211,32.0,25:23,0.6,0.5,4.0,1.0,0.0,1.0,13.0,-7.0,577
211,33.0,22:59,0.4,0.667,6.0,3.0,0.0,2.0,6.0,10.0,588
211,34.0,31:54,0.818,0.8,8.0,3.0,0.0,0.0,26.0,20.0,602
211,35.0,26:11,0.667,1.0,9.0,4.0,1.0,0.0,15.0,0.0,623
211,36.0,12:50,0.33299999999999996,0.0,2.0,2.0,0.0,0.0,4.0,-11.0,635
211,37.0,25:10,1.0,,8.0,1.0,0.0,0.0,10.0,6.0,655
211,38.0,21:59,0.375,0.0,3.0,0.0,0.0,1.0,6.0,-4.0,681
211,39.0,16:58,0.5,0.0,4.0,2.0,0.0,0.0,5.0,-14.0,686
211,40.0,17:10,1.0,1.0,5.0,1.0,0.0,0.0,16.0,15.0,701
211,41.0,35:56,0.583,0.2,7.0,3.0,1.0,0.0,17.0,1.0,711
211,42.0,20:25,0.667,0.0,4.0,0.0,1.0,1.0,5.0,6.0,727
211,no play,,,,,,,,,,738
211,43.0,15:55,0.375,0.0,9.0,2.0,0.0,0.0,7.0,6.0,757
211,44.0,22:06,0.5,0.25,4.0,2.0,1.0,0.0,13.0,-9.0,772
211,45.0,14:49,0.5710000000000001,,8.0,2.0,0.0,1.0,9.0,-10.0,799
211,46.0,22:58,0.556,0.5,7.0,1.0,0.0,0.0,13.0,-3.0,804
211,47.0,27:14,0.727,0.6,7.0,3.0,2.0,2.0,19.0,0.0,821
211,48.0,29:18,0.6,0.33299999999999996,7.0,2.0,0.0,0.0,15.0,13.0,832
211,49.0,25:50,0.75,1.0,7.0,3.0,1.0,0.0,16.0,-4.0,842
211,50.0,32:15,0.6,0.5,7.0,4.0,0.0,0.0,17.0,5.0,855
211,51.0,16:09,0.33299999999999996,,5.0,0.0,0.0,0.0,4.0,-2.0,1234
211,52.0,19:16,0.25,0.33299999999999996,6.0,1.0,1.0,0.0,5.0,-11.0,1255
211,53.0,11:13,0.33299999999999996,0.0,3.0,0.0,1.0,0.0,2.0,-10.0,1261
211,54.0,18:45,0.8,,2.0,2.0,0.0,1.0,10.0,5.0,862
211,55.0,13:59,0.33299999999999996,0.0,2.0,1.0,0.0,0.0,7.0,-13.0,879
211,56.0,21:47,0.0,0.0,4.0,1.0,0.0,2.0,0.0,1.0,890
211,57.0,20:15,0.33299999999999996,0.0,7.0,2.0,1.0,0.0,4.0,5.0,905
211,58.0,26:03,0.778,0.5,5.0,5.0,3.0,0.0,17.0,29.0,919
211,59.0,10:34,0.0,0.0,2.0,2.0,0.0,0.0,0.0,-11.0,930
211,60.0,30:54,0.5,0.5,10.0,3.0,1.0,0.0,11.0,0.0,945
211,61.0,13:02,0.75,0.0,1.0,3.0,0.0,0.0,10.0,1.0,966
211,62.0,19:19,0.667,0.0,6.0,3.0,0.0,2.0,9.0,8.0,982
211,63.0,11:16,0.75,0.0,1.0,1.0,0.0,0.0,12.0,-13.0,997
211,64.0,17:53,0.5710000000000001,0.5,11.0,1.0,0.0,1.0,9.0,4.0,1007
211,65.0,30:55,0.833,1.0,8.0,4.0,1.0,0.0,11.0,12.0,1020
211,66.0,17:13,0.5710000000000001,0.33299999999999996,4.0,2.0,0.0,0.0,13.0,0.0,1036
211,67.0,14:11,0.5710000000000001,1.0,2.0,0.0,0.0,0.0,9.0,-18.0,1053
211,68.0,7:00,0.0,,0.0,0.0,0.0,0.0,0.0,-16.0,1073
211,69.0,16:16,0.429,0.5,4.0,2.0,1.0,0.0,9.0,-8.0,1089
211,70.0,19:01,0.7140000000000001,0.5,4.0,2.0,1.0,2.0,12.0,14.0,1102
211,71.0,15:31,0.625,0.33299999999999996,4.0,0.0,0.0,0.0,12.0,-9.0,1130
211,72.0,24:28,0.25,0.0,8.0,0.0,0.0,0.0,7.0,-6.0,1138
211,73.0,28:10,0.6,0.0,11.0,4.0,0.0,1.0,13.0,8.0,1150
211,74.0,15:03,0.444,0.33299999999999996,6.0,3.0,0.0,0.0,11.0,2.0,1165
211,75.0,23:03,0.33299999999999996,0.667,4.0,6.0,0.0,0.0,8.0,6.0,1180
