Player_ID,G,MP,FG%,3P%,TRB,AST,STL,BLK,PTS,+/-,Game_ID
337,1.0,36:36,0.611,0.33299999999999996,10.0,4.0,2.0,2.0,27.0,-13.0,
337,2.0,39:06,0.474,0.0,17.0,6.0,2.0,2.0,30.0,4.0,21
337,3.0,37:56,0.625,0.5,4.0,4.0,4.0,1.0,37.0,18.0,32
337,4.0,30:43,0.6,0.0,5.0,2.0,4.0,1.0,20.0,12.0,50
337,5.0,31:08,0.625,0.636,7.0,1.0,0.0,1.0,39.0,21.0,65
337,6.0,35:17,0.625,0.5,5.0,3.0,2.0,1.0,27.0,-17.0,74
337,7.0,36:54,0.47100000000000003,0.25,3.0,5.0,1.0,1.0,22.0,4.0,95
337,8.0,35:15,0.625,0.5710000000000001,10.0,4.0,0.0,1.0,28.0,19.0,112
337,9.0,29:32,0.5,0.0,9.0,5.0,1.0,2.0,18.0,29.0,115
337,10.0,37:37,0.47600000000000003,0.4,9.0,5.0,1.0,2.0,29.0,13.0,139
337,11.0,35:53,0.524,0.375,9.0,6.0,1.0,0.0,30.0,-6.0,161
337,12.0,32:46,0.769,0.5,10.0,7.0,2.0,1.0,23.0,32.0,175
337,13.0,35:57,0.588,0.625,6.0,5.0,2.0,1.0,33.0,3.0,187
337,14.0,27:29,0.33299999999999996,0.25,11.0,6.0,2.0,2.0,14.0,27.0,198
337,15.0,30:10,0.733,0.5,6.0,5.0,1.0,1.0,28.0,17.0,219
337,16.0,33:20,0.579,0.5,6.0,9.0,1.0,2.0,29.0,36.0,249
337,17.0,38:14,0.588,0.75,10.0,5.0,0.0,6.0,28.0,9.0,255
337,18.0,36:24,0.5,0.33299999999999996,14.0,3.0,1.0,2.0,25.0,-7.0,270
337,19.0,49:08,0.429,0.273,14.0,2.0,3.0,3.0,39.0,-5.0,291
337,20.0,32:20,0.7140000000000001,1.0,4.0,8.0,0.0,3.0,20.0,27.0,309
337,21.0,22:22,0.643,0.0,8.0,4.0,0.0,2.0,20.0,15.0,324
337,22.0,31:51,0.294,0.2,8.0,7.0,1.0,0.0,16.0,14.0,1201
337,23.0,36:00,0.467,0.33299999999999996,11.0,4.0,1.0,2.0,21.0,11.0,335
337,24.0,30:55,0.5379999999999999,0.5,7.0,1.0,1.0,2.0,21.0,-22.0,351
337,25.0,37:02,0.28600000000000003,0.25,8.0,5.0,0.0,0.0,22.0,9.0,358
337,26.0,37:14,0.526,0.33299999999999996,2.0,3.0,0.0,2.0,27.0,1.0,371
337,27.0,33:16,0.389,0.16699999999999998,14.0,8.0,0.0,2.0,15.0,8.0,388
337,28.0,30:44,0.846,0.8,11.0,4.0,2.0,1.0,34.0,33.0,405
337,29.0,24:44,0.5710000000000001,0.0,5.0,1.0,0.0,0.0,22.0,16.0,427
337,30.0,33:32,0.435,0.14300000000000002,9.0,7.0,3.0,1.0,26.0,10.0,438
337,31.0,31:34,0.722,0.75,8.0,3.0,0.0,0.0,32.0,16.0,446
337,32.0,38:10,0.478,0.25,15.0,3.0,1.0,1.0,36.0,0.0,462
337,33.0,38:14,0.5329999999999999,0.6,17.0,7.0,0.0,5.0,22.0,21.0,490
337,34.0,35:26,0.5,0.28600000000000003,11.0,10.0,0.0,0.0,19.0,9.0,506
337,35.0,34:27,0.526,0.25,3.0,2.0,1.0,1.0,21.0,-4.0,525
337,36.0,37:31,0.563,0.375,5.0,4.0,2.0,3.0,30.0,22.0,539
337,37.0,42:32,0.41200000000000003,0.0,13.0,4.0,0.0,3.0,27.0,6.0,555
337,38.0,36:27,0.6,0.5,7.0,6.0,1.0,4.0,28.0,6.0,570
337,39.0,36:35,0.47600000000000003,0.5,8.0,0.0,1.0,2.0,28.0,5.0,583
337,40.0,31:23,0.667,0.6,6.0,9.0,1.0,0.0,25.0,24.0,596
337,41.0,28:40,0.563,0.429,6.0,5.0,2.0,3.0,21.0,21.0,624
337,42.0,33:49,0.813,0.7140000000000001,12.0,4.0,0.0,3.0,40.0,31.0,639
337,43.0,33:44,0.632,0.28600000000000003,4.0,7.0,2.0,2.0,32.0,25.0,651
337,44.0,29:04,0.41700000000000004,0.33299999999999996,10.0,6.0,3.0,2.0,15.0,35.0,666
337,45.0,36:26,0.522,0.125,6.0,3.0,1.0,0.0,27.0,-9.0,673
337,46.0,36:38,0.55,0.25,5.0,1.0,0.0,4.0,33.0,-1.0,692
337,47.0,28:41,0.818,0.75,4.0,7.0,1.0,1.0,23.0,32.0,712
337,48.0,36:01,0.5,0.14300000000000002,10.0,6.0,0.0,1.0,33.0,-3.0,723
337,49.0,32:39,0.41200000000000003,0.14300000000000002,8.0,8.0,1.0,0.0,18.0,27.0,747
337,50.0,37:12,0.444,0.28600000000000003,8.0,10.0,1.0,0.0,26.0,13.0,751
337,51.0,42:20,0.2,0.0,9.0,2.0,1.0,5.0,10.0,6.0,770
337,52.0,30:41,0.563,0.5,10.0,7.0,3.0,1.0,22.0,20.0,798
337,53.0,32:20,0.35700000000000004,0.5,5.0,4.0,1.0,2.0,24.0,2.0,809
337,54.0,32:44,0.5710000000000001,0.5,9.0,3.0,0.0,0.0,34.0,12.0,818
337,55.0,26:41,0.625,0.4,4.0,5.0,1.0,1.0,25.0,-23.0,833
337,56.0,32:09,0.667,0.25,7.0,7.0,1.0,4.0,21.0,29.0,853
337,57.0,33:56,0.5329999999999999,0.667,15.0,7.0,1.0,1.0,25.0,15.0,1230
337,no play,,,,,,,,,,1249
337,58.0,32:38,0.47100000000000003,0.25,8.0,4.0,0.0,1.0,27.0,-3.0,1259
337,59.0,1:33,0.0,,0.0,0.0,0.0,0.0,0.0,-3.0,1265
337,no play,,,,,,,,,,867
337,no play,,,,,,,,,,889
337,no play,,,,,,,,,,898
337,no play,,,,,,,,,,919
337,no play,,,,,,,,,,928
337,no play,,,,,,,,,,940
337,no play,,,,,,,,,,963
337,no play,,,,,,,,,,979
337,no play,,,,,,,,,,995
337,no play,,,,,,,,,,1009
337,no play,,,,,,,,,,1015
337,no play,,,,,,,,,,1041
337,no play,,,,,,,,,,1054
337,no play,,,,,,,,,,1068
337,no play,,,,,,,,,,1078
337,no play,,,,,,,,,,1096
337,no play,,,,,,,,,,1112
337,no play,,,,,,,,,,1124
337,no play,,,,,,,,,,1132
337,60.0,30:56,0.4,0.0,10.0,6.0,0.0,0.0,16.0,22.0,1156
337,61.0,32:37,0.5,0.0,10.0,6.0,1.0,1.0,16.0,8.0,1172
337,62.0,27:09,0.688,0.7140000000000001,8.0,5.0,1.0,1.0,29.0,28.0,1190
