Player_ID,G,MP,FG%,3P%,TRB,AST,STL,BLK,PTS,+/-,Game_ID
342,1.0,3:41,,,0.0,0.0,0.0,0.0,0.0,-6.0,
342,2.0,7:01,1.0,,3.0,2.0,0.0,0.0,4.0,13.0,21
342,3.0,2:40,0.5,,0.0,0.0,0.0,0.0,2.0,-4.0,32
342,4.0,7:42,0.33299999999999996,,4.0,1.0,0.0,0.0,2.0,-10.0,50
342,5.0,10:37,1.0,,6.0,1.0,1.0,1.0,4.0,0.0,65
342,6.0,12:55,1.0,,5.0,0.0,0.0,0.0,11.0,-2.0,74
342,7.0,8:33,0.5,,0.0,0.0,0.0,0.0,2.0,2.0,95
342,8.0,11:29,1.0,,0.0,1.0,0.0,1.0,5.0,5.0,112
342,9.0,5:51,1.0,,2.0,1.0,0.0,1.0,2.0,-2.0,115
342,10.0,7:28,1.0,,2.0,1.0,0.0,0.0,2.0,6.0,139
342,no play,,,,,,,,,,161
342,no play,,,,,,,,,,175
342,11.0,4:25,0.0,,2.0,0.0,0.0,0.0,0.0,-16.0,187
342,12.0,9:57,0.0,,7.0,1.0,0.0,2.0,1.0,7.0,198
342,13.0,7:16,1.0,1.0,5.0,0.0,0.0,0.0,5.0,16.0,219
342,14.0,12:55,1.0,,1.0,0.0,1.0,2.0,6.0,7.0,249
342,15.0,18:07,0.667,,3.0,2.0,2.0,0.0,6.0,8.0,255
342,no play,,,,,,,,,,270
342,16.0,1:18,,,0.0,0.0,0.0,1.0,0.0,-1.0,291
342,17.0,6:56,0.667,0.0,2.0,0.0,0.0,0.0,4.0,5.0,309
342,18.0,14:29,0.25,0.0,5.0,0.0,0.0,1.0,2.0,7.0,324
342,19.0,4:45,1.0,,2.0,0.0,0.0,1.0,2.0,-4.0,1201
342,20.0,3:21,1.0,,0.0,0.0,0.0,1.0,4.0,2.0,335
342,no play,,,,,,,,,,351
342,21.0,17:59,1.0,,3.0,0.0,1.0,0.0,4.0,3.0,358
342,22.0,3:46,,,1.0,0.0,0.0,0.0,0.0,-2.0,371
342,23.0,15:17,1.0,,4.0,0.0,1.0,1.0,5.0,-2.0,388
342,24.0,12:00,0.33299999999999996,,5.0,1.0,0.0,0.0,4.0,9.0,405
342,25.0,8:44,0.0,0.0,4.0,1.0,0.0,1.0,0.0,-4.0,427
342,26.0,17:39,0.4,,6.0,5.0,1.0,1.0,4.0,14.0,438
342,no play,,,,,,,,,,446
342,27.0,5:27,,,1.0,0.0,0.0,0.0,0.0,1.0,462
342,no play,,,,,,,,,,490
342,28.0,4:29,0.0,,0.0,0.0,0.0,0.0,0.0,-7.0,506
342,no play,,,,,,,,,,525
342,29.0,4:08,0.0,,0.0,0.0,0.0,0.0,0.0,-3.0,539
342,no play,,,,,,,,,,555
342,no play,,,,,,,,,,570
342,no play,,,,,,,,,,583
342,30.0,3:38,1.0,,2.0,0.0,1.0,0.0,2.0,-4.0,596
342,31.0,9:06,0.0,,5.0,0.0,0.0,0.0,3.0,-10.0,624
342,32.0,3:39,0.0,,0.0,0.0,0.0,0.0,0.0,2.0,639
342,33.0,11:29,1.0,,3.0,2.0,0.0,0.0,3.0,-5.0,651
342,34.0,6:25,0.0,,3.0,0.0,0.0,0.0,0.0,-13.0,666
342,no play,,,,,,,,,,673
342,no play,,,,,,,,,,692
342,35.0,12:00,0.5,0.0,4.0,2.0,1.0,0.0,4.0,3.0,712
342,no play,,,,,,,,,,723
342,36.0,9:10,0.5,0.0,1.0,0.0,0.0,0.0,2.0,-9.0,747
342,37.0,13:02,1.0,,3.0,1.0,0.0,0.0,4.0,2.0,751
342,38.0,12:03,1.0,,2.0,1.0,1.0,1.0,4.0,0.0,770
342,39.0,13:59,0.833,,4.0,0.0,0.0,0.0,10.0,12.0,798
342,40.0,11:52,0.0,,2.0,0.0,0.0,1.0,0.0,4.0,809
342,41.0,10:57,0.5,,0.0,0.0,0.0,0.0,4.0,5.0,818
342,42.0,16:17,0.33299999999999996,1.0,6.0,1.0,0.0,0.0,3.0,5.0,833
342,43.0,16:12,0.5,0.0,2.0,1.0,4.0,0.0,5.0,-12.0,853
342,no play,,,,,,,,,,1230
342,44.0,1:39,,,0.0,0.0,0.0,0.0,0.0,-2.0,1249
342,45.0,1:21,1.0,,0.0,0.0,0.0,0.0,2.0,-2.0,1259
342,no play,,,,,,,,,,1265
342,no play,,,,,,,,,,867
342,no play,,,,,,,,,,889
342,no play,,,,,,,,,,898
342,46.0,1:36,0.0,,1.0,0.0,0.0,0.0,0.0,0.0,919
342,47.0,2:09,,,1.0,0.0,0.0,0.0,0.0,-4.0,928
342,48.0,17:14,0.125,0.0,4.0,2.0,0.0,0.0,2.0,-13.0,940
342,no play,,,,,,,,,,963
342,49.0,6:44,0.33299999999999996,,2.0,1.0,1.0,0.0,2.0,-6.0,979
342,no play,,,,,,,,,,995
342,50.0,5:18,0.5,,2.0,0.0,0.0,0.0,2.0,-7.0,1009
342,51.0,4:08,0.0,,0.0,0.0,0.0,1.0,0.0,2.0,1015
342,52.0,1:51,,,1.0,1.0,0.0,0.0,0.0,-4.0,1041
342,no play,,,,,,,,,,1054
342,no play,,,,,,,,,,1068
342,no play,,,,,,,,,,1078
342,no play,,,,,,,,,,1096
342,no play,,,,,,,,,,1112
342,53.0,4:17,0.5,,3.0,0.0,0.0,0.0,2.0,-2.0,1124
342,no play,,,,,,,,,,1132
342,no play,,,,,,,,,,1156
342,no play,,,,,,,,,,1172
342,no play,,,,,,,,,,1190
