Player_ID,G,MP,FG%,3P%,TRB,AST,STL,BLK,PTS,+/-,Game_ID
409,1.0,13:23,0.16699999999999998,,4.0,1.0,0.0,0.0,2.0,12.0,8
409,2.0,23:38,0.5710000000000001,,7.0,3.0,1.0,0.0,8.0,2.0,12
409,3.0,19:50,0.4,,7.0,0.0,0.0,0.0,4.0,-9.0,30
409,4.0,24:47,0.4,,8.0,3.0,2.0,2.0,4.0,10.0,40
409,5.0,25:04,0.75,0.0,9.0,0.0,0.0,1.0,6.0,-11.0,45
409,6.0,20:28,0.33299999999999996,,7.0,1.0,1.0,0.0,2.0,0.0,61
409,7.0,13:19,0.5,,7.0,1.0,0.0,0.0,4.0,-8.0,81
409,8.0,25:20,0.75,,6.0,0.0,0.0,1.0,13.0,-3.0,85
409,9.0,23:06,0.429,,7.0,0.0,0.0,0.0,6.0,0.0,101
409,10.0,19:29,1.0,,3.0,1.0,0.0,1.0,4.0,3.0,116
409,11.0,18:45,0.5710000000000001,,6.0,0.0,0.0,0.0,10.0,-3.0,124
409,12.0,15:04,0.0,,5.0,1.0,0.0,0.0,1.0,-14.0,164
409,13.0,8:49,0.0,,1.0,0.0,0.0,0.0,0.0,-10.0,179
409,14.0,26:03,0.5,,6.0,0.0,1.0,3.0,8.0,18.0,192
409,15.0,16:35,0.5710000000000001,,10.0,0.0,1.0,0.0,9.0,7.0,220
409,16.0,17:34,1.0,,5.0,0.0,0.0,1.0,10.0,2.0,250
409,17.0,26:15,0.6,,2.0,0.0,0.0,0.0,6.0,19.0,258
409,18.0,25:11,0.33299999999999996,,7.0,0.0,1.0,0.0,4.0,-11.0,264
409,19.0,9:27,,,3.0,0.0,0.0,0.0,0.0,-8.0,293
409,20.0,19:05,0.14300000000000002,,11.0,0.0,0.0,1.0,2.0,-9.0,312
409,21.0,17:06,1.0,,4.0,0.0,1.0,0.0,8.0,31.0,1199
409,22.0,13:52,1.0,,3.0,1.0,0.0,0.0,4.0,-1.0,345
409,23.0,13:21,0.5,,1.0,0.0,0.0,1.0,4.0,-6.0,354
409,24.0,31:49,0.7140000000000001,,7.0,0.0,3.0,1.0,10.0,18.0,367
409,25.0,25:10,0.455,,7.0,1.0,0.0,2.0,10.0,-25.0,380
409,26.0,29:45,0.636,,13.0,2.0,0.0,3.0,16.0,-1.0,394
409,27.0,22:35,1.0,,9.0,0.0,2.0,0.0,6.0,-7.0,407
409,28.0,13:32,0.5,,0.0,0.0,0.0,0.0,2.0,-2.0,428
409,29.0,12:06,1.0,,4.0,1.0,0.0,0.0,2.0,-12.0,434
409,30.0,21:03,0.75,,4.0,0.0,1.0,0.0,12.0,1.0,450
409,31.0,14:57,1.0,,3.0,1.0,2.0,0.0,6.0,20.0,476
409,32.0,23:25,1.0,,10.0,0.0,0.0,1.0,6.0,-13.0,489
409,33.0,19:54,0.0,,8.0,0.0,0.0,2.0,0.0,-13.0,507
409,34.0,28:48,0.889,,5.0,1.0,2.0,0.0,18.0,0.0,531
409,35.0,15:12,1.0,,4.0,2.0,1.0,1.0,6.0,12.0,540
409,36.0,12:25,0.75,,3.0,0.0,0.0,1.0,7.0,-13.0,556
409,37.0,16:25,0.33299999999999996,,7.0,2.0,1.0,0.0,2.0,4.0,570
409,38.0,21:57,0.7140000000000001,,8.0,0.0,0.0,1.0,12.0,5.0,584
409,39.0,6:26,0.33299999999999996,,5.0,0.0,0.0,0.0,2.0,-7.0,604
409,40.0,15:47,0.5,,1.0,1.0,2.0,1.0,6.0,-9.0,615
409,41.0,24:05,0.625,,4.0,0.0,1.0,0.0,11.0,5.0,640
409,42.0,23:38,0.6,,2.0,0.0,2.0,2.0,8.0,-14.0,649
409,43.0,25:06,0.75,,6.0,1.0,1.0,1.0,7.0,3.0,665
409,44.0,12:00,0.6,,3.0,0.0,0.0,0.0,6.0,-4.0,674
409,45.0,17:54,0.5,,6.0,1.0,0.0,0.0,4.0,-6.0,685
409,46.0,27:58,0.667,,12.0,0.0,0.0,0.0,9.0,12.0,699
409,47.0,12:08,0.33299999999999996,,3.0,1.0,0.0,1.0,3.0,-5.0,709
409,48.0,16:47,0.75,,0.0,0.0,0.0,1.0,6.0,5.0,724
409,49.0,16:32,0.857,,4.0,0.0,1.0,1.0,12.0,-13.0,732
409,50.0,15:54,0.667,,5.0,0.0,0.0,0.0,9.0,2.0,759
409,51.0,13:11,1.0,,5.0,2.0,0.0,0.0,2.0,-1.0,770
409,52.0,20:58,1.0,,2.0,1.0,0.0,3.0,10.0,-22.0,784
409,53.0,27:00,0.375,,11.0,3.0,1.0,0.0,6.0,-2.0,799
409,54.0,18:22,0.25,,4.0,1.0,2.0,0.0,2.0,-5.0,812
409,55.0,15:28,0.33299999999999996,,7.0,1.0,1.0,1.0,4.0,-1.0,825
409,56.0,25:52,0.5,,4.0,2.0,1.0,0.0,4.0,8.0,839
409,57.0,11:05,0.0,,2.0,0.0,0.0,1.0,1.0,-14.0,853
409,58.0,21:12,0.5710000000000001,,6.0,0.0,0.0,2.0,8.0,-3.0,1231
409,59.0,19:26,0.429,,7.0,0.0,0.0,1.0,6.0,-7.0,1242
409,60.0,24:47,0.75,,11.0,1.0,0.0,0.0,14.0,-12.0,1264
409,61.0,24:25,0.0,,5.0,0.0,0.0,0.0,0.0,-11.0,866
409,62.0,37:10,0.41700000000000004,,10.0,1.0,0.0,1.0,12.0,-9.0,892
409,63.0,24:29,0.583,,9.0,1.0,1.0,1.0,14.0,-9.0,903
409,64.0,24:48,0.6,,10.0,0.0,0.0,0.0,12.0,-1.0,917
409,65.0,20:50,0.364,,6.0,1.0,1.0,1.0,8.0,1.0,932
409,66.0,28:15,0.625,,8.0,1.0,0.0,0.0,10.0,-4.0,944
409,no play,,,,,,,,,,957
409,67.0,19:45,0.6,,6.0,2.0,0.0,2.0,13.0,-2.0,972
409,68.0,23:29,0.375,,6.0,2.0,0.0,1.0,9.0,-2.0,988
409,69.0,15:01,0.4,,5.0,0.0,0.0,0.0,5.0,-7.0,1002
409,no play,,,,,,,,,,1025
409,70.0,14:27,0.14300000000000002,,2.0,1.0,0.0,1.0,2.0,-8.0,1041
409,no play,,,,,,,,,,1049
409,71.0,30:16,0.7140000000000001,,5.0,1.0,2.0,3.0,11.0,2.0,1061
409,no play,,,,,,,,,,1080
409,no play,,,,,,,,,,1092
409,no play,,,,,,,,,,1100
409,no play,,,,,,,,,,1125
409,no play,,,,,,,,,,1148
409,no play,,,,,,,,,,1161
409,no play,,,,,,,,,,1189
