Player_ID,G,MP,FG%,3P%,TRB,AST,STL,BLK,PTS,+/-,Game_ID
86,1.0,15:13,0.667,0.0,4.0,1.0,1.0,0.0,8.0,-6.0,5
86,2.0,19:45,0.5,1.0,1.0,4.0,0.0,0.0,4.0,7.0,30
86,3.0,29:10,0.429,0.667,4.0,6.0,5.0,0.0,10.0,26.0,48
86,4.0,29:52,0.16699999999999998,0.0,5.0,9.0,3.0,0.0,3.0,-3.0,63
86,5.0,28:23,0.25,,4.0,3.0,1.0,0.0,7.0,-22.0,75
86,6.0,15:40,0.0,0.0,3.0,2.0,1.0,0.0,0.0,-9.0,97
86,7.0,17:28,0.33299999999999996,,2.0,3.0,0.0,2.0,2.0,-3.0,105
86,8.0,19:06,0.0,0.0,4.0,4.0,2.0,0.0,3.0,-3.0,131
86,9.0,13:32,0.5,,2.0,2.0,1.0,0.0,5.0,0.0,138
86,10.0,13:29,0.667,,2.0,3.0,1.0,1.0,4.0,12.0,151
86,11.0,23:03,0.33299999999999996,0.0,3.0,2.0,1.0,0.0,2.0,3.0,168
86,12.0,17:41,0.0,0.0,1.0,1.0,0.0,0.0,0.0,-14.0,186
86,13.0,9:47,0.0,,1.0,2.0,1.0,0.0,0.0,2.0,201
86,14.0,26:15,0.5,,4.0,2.0,4.0,1.0,6.0,10.0,218
86,15.0,11:20,0.25,1.0,0.0,0.0,0.0,1.0,3.0,-4.0,247
86,16.0,9:45,0.5,,2.0,0.0,1.0,0.0,2.0,-2.0,255
86,17.0,8:44,0.0,,0.0,1.0,1.0,0.0,0.0,-3.0,269
86,18.0,10:17,0.0,0.0,0.0,0.0,1.0,1.0,0.0,-11.0,281
86,19.0,18:14,0.667,,1.0,5.0,1.0,0.0,6.0,2.0,295
86,20.0,16:17,0.6,1.0,2.0,6.0,1.0,1.0,8.0,8.0,302
86,21.0,16:45,0.857,1.0,1.0,2.0,0.0,0.0,15.0,-9.0,329
86,22.0,19:12,0.4,,1.0,5.0,0.0,0.0,4.0,-3.0,331
86,23.0,19:52,0.4,0.0,5.0,0.0,1.0,0.0,8.0,-23.0,342
86,24.0,15:32,0.5,,2.0,1.0,0.0,0.0,5.0,-11.0,358
86,25.0,13:28,0.33299999999999996,0.0,2.0,1.0,0.0,0.0,2.0,-6.0,370
86,26.0,12:31,0.16699999999999998,0.0,2.0,2.0,1.0,0.0,2.0,3.0,403
86,27.0,11:18,0.5,1.0,3.0,1.0,1.0,2.0,8.0,0.0,416
86,28.0,14:49,0.4,0.33299999999999996,1.0,0.0,0.0,0.0,6.0,7.0,430
86,29.0,14:27,0.25,0.0,3.0,1.0,0.0,1.0,3.0,-6.0,450
86,30.0,17:33,0.5,0.5,2.0,3.0,2.0,1.0,3.0,2.0,464
86,31.0,23:51,0.25,0.0,6.0,1.0,2.0,0.0,3.0,-3.0,473
86,32.0,14:02,0.2,0.0,0.0,3.0,0.0,0.0,2.0,-1.0,488
86,33.0,12:44,0.0,,1.0,4.0,0.0,0.0,0.0,-10.0,502
86,34.0,21:15,0.7140000000000001,1.0,3.0,4.0,1.0,3.0,11.0,12.0,516
86,35.0,17:44,0.0,,2.0,3.0,0.0,0.0,0.0,0.0,526
86,36.0,13:12,0.0,,0.0,3.0,0.0,0.0,0.0,-4.0,549
86,37.0,14:02,0.33299999999999996,0.0,2.0,1.0,1.0,1.0,2.0,-2.0,561
86,38.0,17:32,0.33299999999999996,0.0,1.0,3.0,2.0,1.0,3.0,0.0,575
86,39.0,12:57,0.429,,3.0,0.0,2.0,1.0,6.0,2.0,587
86,40.0,11:44,0.5,,2.0,0.0,1.0,0.0,4.0,-1.0,601
86,41.0,12:30,0.0,0.0,1.0,1.0,0.0,0.0,0.0,-17.0,611
86,42.0,8:48,0.0,,0.0,1.0,0.0,0.0,0.0,-4.0,630
86,43.0,25:25,0.5,0.0,4.0,4.0,1.0,1.0,5.0,7.0,645
86,44.0,34:20,0.375,1.0,8.0,9.0,3.0,1.0,10.0,14.0,669
86,45.0,14:18,0.14300000000000002,0.0,3.0,2.0,0.0,0.0,2.0,3.0,684
86,46.0,15:25,1.0,1.0,0.0,3.0,0.0,0.0,3.0,-1.0,696
86,47.0,25:52,0.5,0.0,5.0,7.0,1.0,1.0,2.0,12.0,715
86,48.0,17:03,0.4,0.0,1.0,4.0,0.0,2.0,4.0,11.0,726
86,49.0,10:20,,,0.0,0.0,0.0,0.0,0.0,-13.0,737
86,no play,,,,,,,,,,754
86,no play,,,,,,,,,,769
86,no play,,,,,,,,,,781
86,no play,,,,,,,,,,796
86,50.0,8:42,0.0,0.0,0.0,1.0,1.0,0.0,0.0,-2.0,810
86,51.0,12:22,0.0,0.0,1.0,1.0,0.0,0.0,0.0,1.0,822
86,52.0,9:11,0.33299999999999996,,1.0,3.0,0.0,0.0,2.0,-8.0,838
86,53.0,20:06,0.25,,4.0,5.0,1.0,2.0,2.0,5.0,848
86,54.0,13:22,0.667,,1.0,2.0,0.0,0.0,4.0,-2.0,1238
86,55.0,17:41,0.5,1.0,5.0,2.0,0.0,0.0,6.0,-5.0,1248
86,56.0,17:21,0.667,,1.0,2.0,1.0,1.0,4.0,4.0,1264
86,57.0,19:33,0.5,0.5,1.0,0.0,1.0,0.0,4.0,-2.0,864
86,58.0,10:00,0.0,,1.0,1.0,0.0,0.0,0.0,-7.0,886
86,59.0,14:36,0.6,1.0,1.0,2.0,1.0,1.0,8.0,2.0,915
86,60.0,12:20,0.25,,2.0,0.0,1.0,0.0,2.0,-4.0,928
86,61.0,20:24,0.16699999999999998,0.0,3.0,3.0,1.0,0.0,4.0,-2.0,938
86,62.0,8:58,0.0,,0.0,0.0,1.0,1.0,0.0,-5.0,955
86,63.0,15:57,0.33299999999999996,,1.0,2.0,1.0,0.0,4.0,-3.0,966
86,64.0,14:15,0.5,,2.0,1.0,2.0,0.0,2.0,-7.0,985
86,65.0,13:13,0.33299999999999996,0.0,1.0,1.0,1.0,2.0,2.0,1.0,999
86,66.0,24:25,0.667,0.5,2.0,0.0,2.0,0.0,5.0,9.0,1016
86,67.0,34:31,0.41700000000000004,0.2,7.0,2.0,3.0,2.0,11.0,-18.0,1040
86,68.0,28:47,0.615,0.5,4.0,1.0,2.0,0.0,17.0,-11.0,1046
86,69.0,26:09,1.0,,2.0,1.0,4.0,3.0,9.0,6.0,1064
86,70.0,30:11,0.25,0.0,6.0,5.0,3.0,0.0,2.0,5.0,1083
86,71.0,18:33,0.28600000000000003,0.0,3.0,3.0,1.0,0.0,4.0,-18.0,1100
86,72.0,6:10,0.0,,0.0,1.0,0.0,0.0,0.0,-3.0,1114
86,73.0,20:24,0.0,,1.0,1.0,2.0,0.0,0.0,1.0,1124
86,74.0,9:15,0.0,,1.0,0.0,0.0,0.0,0.0,-14.0,1139
86,75.0,10:55,0.33299999999999996,1.0,0.0,3.0,1.0,0.0,3.0,8.0,1146
86,76.0,14:42,0.0,,4.0,3.0,0.0,0.0,0.0,-11.0,1163
86,77.0,17:09,0.33299999999999996,,0.0,1.0,2.0,0.0,2.0,0.0,1174
86,78.0,32:16,0.385,0.0,2.0,16.0,1.0,2.0,10.0,3.0,1185
