Player_ID,G,MP,FG%,3P%,TRB,AST,STL,BLK,PTS,+/-,Game_ID
488,1.0,22:24,1.0,1.0,4.0,0.0,1.0,0.0,3.0,-4.0,
488,2.0,26:41,0.5,,8.0,3.0,1.0,1.0,2.0,-9.0,12
488,3.0,26:22,0.28600000000000003,0.5,7.0,1.0,1.0,1.0,5.0,23.0,28
488,4.0,20:07,0.667,1.0,1.0,1.0,0.0,0.0,5.0,7.0,33
488,5.0,14:19,0.0,0.0,1.0,0.0,1.0,1.0,2.0,-7.0,49
488,6.0,24:12,0.33299999999999996,,3.0,1.0,4.0,0.0,2.0,-2.0,73
488,7.0,16:05,,,2.0,2.0,1.0,0.0,0.0,1.0,82
488,8.0,12:52,0.0,,5.0,0.0,1.0,0.0,0.0,13.0,110
488,9.0,24:22,0.5,0.5,6.0,3.0,0.0,0.0,8.0,10.0,123
488,no play,,,,,,,,,,130
488,10.0,5:36,0.0,,2.0,1.0,0.0,1.0,0.0,-4.0,146
488,11.0,3:01,0.5,,0.0,0.0,0.0,0.0,2.0,-11.0,164
488,12.0,12:30,0.0,0.0,1.0,0.0,1.0,0.0,0.0,-2.0,178
488,13.0,13:03,1.0,,2.0,0.0,0.0,0.0,2.0,-3.0,202
488,14.0,0:18,,,0.0,0.0,0.0,0.0,0.0,0.0,209
488,no play,,,,,,,,,,236
488,15.0,8:58,1.0,,1.0,0.0,0.0,0.0,3.0,2.0,251
488,16.0,3:26,,,1.0,0.0,0.0,0.0,0.0,3.0,275
488,17.0,14:47,1.0,,4.0,2.0,1.0,1.0,4.0,2.0,282
488,no play,,,,,,,,,,299
488,18.0,3:31,0.5,0.0,1.0,0.0,0.0,0.0,2.0,-5.0,319
488,19.0,21:48,0.5,0.5,6.0,4.0,0.0,1.0,11.0,7.0,329
488,20.0,0:11,,,1.0,0.0,0.0,0.0,0.0,3.0,336
488,21.0,10:12,0.25,,3.0,0.0,1.0,0.0,2.0,-6.0,353
488,22.0,6:08,,,2.0,0.0,1.0,1.0,0.0,3.0,383
488,23.0,15:46,1.0,,1.0,1.0,0.0,0.0,7.0,16.0,387
488,24.0,11:39,0.0,,1.0,1.0,0.0,0.0,0.0,-10.0,412
488,no play,,,,,,,,,,425
488,25.0,12:48,0.8,,7.0,1.0,5.0,1.0,8.0,-1.0,441
488,26.0,16:20,0.5,,2.0,0.0,0.0,0.0,2.0,8.0,454
488,27.0,2:23,,,1.0,0.0,0.0,0.0,0.0,3.0,463
488,28.0,22:02,0.0,0.0,4.0,5.0,0.0,1.0,0.0,14.0,487
488,29.0,27:30,0.33299999999999996,0.0,8.0,1.0,1.0,1.0,4.0,6.0,504
488,30.0,7:48,,,1.0,1.0,0.0,0.0,0.0,-10.0,513
488,31.0,7:41,1.0,,1.0,2.0,0.0,0.0,2.0,-4.0,530
488,32.0,8:18,0.75,,1.0,1.0,1.0,0.0,6.0,8.0,547
488,33.0,4:06,,,0.0,0.0,0.0,0.0,0.0,-1.0,563
488,no play,,,,,,,,,,580
488,34.0,16:00,0.667,1.0,2.0,0.0,0.0,0.0,7.0,14.0,594
488,35.0,9:14,1.0,1.0,0.0,1.0,1.0,0.0,3.0,10.0,608
488,36.0,4:20,,,0.0,1.0,0.0,0.0,0.0,-4.0,630
488,37.0,0:38,,,0.0,0.0,0.0,0.0,0.0,3.0,644
488,38.0,17:58,0.33299999999999996,0.0,4.0,2.0,4.0,2.0,2.0,19.0,662
488,39.0,35:07,0.6,1.0,3.0,3.0,1.0,2.0,14.0,16.0,671
488,40.0,31:30,0.33299999999999996,,7.0,4.0,0.0,1.0,8.0,-2.0,679
488,41.0,17:34,0.0,0.0,2.0,1.0,1.0,1.0,4.0,-18.0,705
488,42.0,14:02,0.0,,3.0,1.0,0.0,0.0,0.0,4.0,722
488,43.0,2:04,,,1.0,0.0,0.0,0.0,0.0,-4.0,733
488,44.0,24:15,0.33299999999999996,,5.0,3.0,3.0,1.0,4.0,15.0,750
488,45.0,12:25,0.0,0.0,1.0,5.0,1.0,1.0,0.0,6.0,768
488,46.0,21:39,0.5,,5.0,0.0,1.0,0.0,9.0,-4.0,783
488,47.0,5:58,1.0,,2.0,1.0,0.0,1.0,2.0,-4.0,788
488,48.0,0:42,0.0,,0.0,0.0,0.0,0.0,0.0,-1.0,807
488,49.0,6:40,0.33299999999999996,,1.0,0.0,0.0,0.0,5.0,-1.0,823
488,50.0,9:20,0.0,,3.0,1.0,0.0,1.0,2.0,-6.0,827
488,51.0,14:44,0.5,0.33299999999999996,6.0,1.0,0.0,0.0,8.0,12.0,840
488,52.0,1:50,,,0.0,0.0,0.0,0.0,0.0,0.0,1241
488,53.0,13:43,0.5,1.0,3.0,1.0,1.0,0.0,9.0,0.0,1250
488,no play,,,,,,,,,,863
488,no play,,,,,,,,,,878
488,54.0,8:14,0.33299999999999996,0.0,2.0,1.0,0.0,0.0,2.0,-7.0,886
488,no play,,,,,,,,,,902
488,55.0,23:42,0.5,0.5,4.0,4.0,3.0,1.0,9.0,14.0,917
488,no play,,,,,,,,,,922
488,56.0,32:22,0.7140000000000001,0.5,8.0,6.0,0.0,1.0,13.0,20.0,940
488,57.0,4:47,,,1.0,0.0,0.0,0.0,0.0,-2.0,954
488,58.0,11:29,0.0,,3.0,0.0,0.0,0.0,0.0,-1.0,971
488,59.0,1:27,1.0,,0.0,0.0,0.0,0.0,2.0,3.0,993
488,60.0,22:24,0.33299999999999996,1.0,4.0,4.0,0.0,1.0,3.0,2.0,1002
488,61.0,4:22,,,1.0,0.0,0.0,0.0,0.0,5.0,1016
488,no play,,,,,,,,,,1030
488,62.0,12:36,0.25,,2.0,2.0,2.0,0.0,2.0,-6.0,1045
488,63.0,19:10,1.0,,4.0,1.0,2.0,0.0,4.0,9.0,1059
488,64.0,13:06,0.5,0.0,1.0,1.0,0.0,0.0,4.0,-10.0,1078
488,65.0,9:54,1.0,,2.0,0.0,0.0,0.0,4.0,-8.0,1094
488,66.0,32:15,0.33299999999999996,,9.0,4.0,3.0,0.0,6.0,24.0,1106
488,67.0,17:12,0.28600000000000003,0.0,4.0,0.0,0.0,0.0,4.0,-4.0,1122
488,68.0,27:33,0.625,1.0,7.0,1.0,0.0,1.0,11.0,0.0,1131
488,69.0,37:56,0.4,0.0,10.0,5.0,3.0,2.0,9.0,16.0,1144
488,70.0,14:59,0.0,0.0,4.0,2.0,0.0,0.0,0.0,-1.0,1154
488,71.0,24:20,0.33299999999999996,0.0,4.0,2.0,3.0,0.0,6.0,6.0,1170
488,72.0,15:33,0.429,0.5,2.0,2.0,1.0,0.0,8.0,9.0,1188
