Player_ID,G,MP,FG%,3P%,TRB,AST,STL,BLK,PTS,+/-,Game_ID
298,1.0,21:31,0.16699999999999998,0.2,1.0,0.0,0.0,0.0,5.0,8.0,7
298,2.0,32:51,0.33299999999999996,0.0,3.0,0.0,0.0,0.0,4.0,21.0,17
298,3.0,18:11,0.667,0.0,2.0,0.0,1.0,0.0,4.0,5.0,35
298,4.0,4:44,0.5,0.0,2.0,0.0,0.0,1.0,2.0,-4.0,60
298,5.0,17:05,0.4,0.5,2.0,0.0,0.0,1.0,6.0,3.0,65
298,6.0,3:00,0.0,,0.0,0.0,0.0,0.0,0.0,-2.0,75
298,no play,,,,,,,,,,93
298,7.0,7:17,0.0,0.0,3.0,1.0,0.0,0.0,0.0,-5.0,108
298,no play,,,,,,,,,,122
298,8.0,0:29,,,0.0,0.0,0.0,0.0,0.0,-1.0,137
298,no play,,,,,,,,,,143
298,no play,,,,,,,,,,160
298,9.0,13:12,0.0,0.0,1.0,0.0,0.0,0.0,0.0,-1.0,174
298,no play,,,,,,,,,,191
298,no play,,,,,,,,,,207
298,10.0,1:23,,,1.0,0.0,0.0,0.0,0.0,1.0,220
298,no play,,,,,,,,,,246
298,no play,,,,,,,,,,253
298,no play,,,,,,,,,,266
298,no play,,,,,,,,,,280
298,no play,,,,,,,,,,311
298,no play,,,,,,,,,,317
298,no play,,,,,,,,,,341
298,11.0,7:02,0.5,,0.0,0.0,0.0,0.0,2.0,5.0,357
298,12.0,6:12,1.0,1.0,2.0,1.0,0.0,0.0,5.0,2.0,373
298,13.0,16:18,0.5,,2.0,0.0,0.0,0.0,2.0,-12.0,382
298,14.0,13:55,0.5,0.0,1.0,1.0,0.0,0.0,4.0,-3.0,399
298,15.0,12:00,1.0,,1.0,0.0,0.0,1.0,2.0,1.0,415
298,no play,,,,,,,,,,433
298,16.0,8:20,0.5,0.5,0.0,1.0,0.0,0.0,3.0,-3.0,445
298,17.0,5:06,,,0.0,0.0,0.0,0.0,0.0,8.0,464
298,18.0,9:58,,,0.0,0.0,1.0,0.0,0.0,6.0,478
298,19.0,6:16,1.0,,0.0,0.0,0.0,0.0,2.0,-9.0,492
298,20.0,4:42,1.0,1.0,2.0,0.0,0.0,0.0,3.0,-6.0,512
298,no play,,,,,,,,,,518
298,no play,,,,,,,,,,534
298,no play,,,,,,,,,,545
298,no play,,,,,,,,,,560
298,no play,,,,,,,,,,574
298,no play,,,,,,,,,,586
298,21.0,6:08,0.0,,0.0,0.0,0.0,0.0,0.0,0.0,601
298,no play,,,,,,,,,,615
298,22.0,6:49,1.0,,1.0,0.0,0.0,0.0,2.0,1.0,626
298,23.0,17:10,0.5,0.5,2.0,0.0,0.0,0.0,5.0,-6.0,639
298,no play,,,,,,,,,,678
298,no play,,,,,,,,,,691
298,24.0,7:17,0.0,0.0,1.0,0.0,0.0,0.0,0.0,-2.0,695
298,25.0,15:46,0.2,0.0,2.0,0.0,0.0,0.0,2.0,2.0,717
298,no play,,,,,,,,,,733
298,26.0,3:09,,,0.0,0.0,0.0,0.0,0.0,-5.0,746
298,no play,,,,,,,,,,756
298,no play,,,,,,,,,,773
298,no play,,,,,,,,,,776
298,no play,,,,,,,,,,802
298,no play,,,,,,,,,,818
298,27.0,16:30,0.667,,3.0,1.0,1.0,0.0,6.0,6.0,831
298,no play,,,,,,,,,,851
298,no play,,,,,,,,,,1237
298,no play,,,,,,,,,,1256
298,no play,,,,,,,,,,1269
298,no play,,,,,,,,,,869
298,no play,,,,,,,,,,877
298,28.0,2:55,,,0.0,0.0,0.0,0.0,0.0,3.0,893
298,no play,,,,,,,,,,906
298,no play,,,,,,,,,,922
298,no play,,,,,,,,,,933
298,no play,,,,,,,,,,960
298,no play,,,,,,,,,,975
298,no play,,,,,,,,,,988
298,no play,,,,,,,,,,1009
298,no play,,,,,,,,,,1022
298,no play,,,,,,,,,,1051
298,no play,,,,,,,,,,1060
298,no play,,,,,,,,,,1072
298,no play,,,,,,,,,,1094
298,no play,,,,,,,,,,1103
298,no play,,,,,,,,,,1120
298,no play,,,,,,,,,,1128
298,29.0,12:00,0.5,0.0,2.0,0.0,0.0,0.0,2.0,2.0,1147
298,30.0,34:10,0.5,0.0,4.0,3.0,3.0,1.0,8.0,10.0,1159
298,31.0,28:10,0.33299999999999996,0.25,4.0,0.0,0.0,0.0,11.0,2.0,1174
298,32.0,25:39,0.5,0.0,6.0,1.0,1.0,1.0,8.0,-16.0,1186
