Player_ID,G,MP,FG%,3P%,TRB,AST,STL,BLK,PTS,+/-,Game_ID
6,1.0,29:48,0.545,0.5710000000000001,2.0,4.0,2.0,0.0,29.0,13.0,
6,2.0,38:26,0.435,0.556,6.0,6.0,0.0,0.0,26.0,8.0,14
6,3.0,36:52,0.389,0.33299999999999996,4.0,2.0,0.0,2.0,20.0,7.0,25
6,4.0,34:47,0.526,0.667,2.0,4.0,0.0,0.0,32.0,-1.0,42
6,5.0,34:01,0.5,0.375,4.0,6.0,0.0,0.0,23.0,2.0,64
6,6.0,33:52,0.17600000000000002,0.0,7.0,2.0,2.0,0.0,8.0,-9.0,76
6,7.0,39:28,0.40700000000000003,0.14300000000000002,1.0,4.0,0.0,1.0,29.0,-5.0,96
6,8.0,36:26,0.478,0.444,2.0,6.0,0.0,0.0,29.0,17.0,118
6,9.0,26:36,0.47100000000000003,0.2,3.0,4.0,1.0,0.0,19.0,-5.0,136
6,10.0,35:19,0.5,0.5,5.0,4.0,2.0,0.0,24.0,2.0,149
6,11.0,31:39,0.5,0.2,2.0,7.0,1.0,0.0,24.0,-5.0,156
6,12.0,28:31,0.733,0.75,2.0,11.0,1.0,0.0,25.0,24.0,172
6,13.0,33:27,0.5329999999999999,0.5,2.0,6.0,1.0,0.0,20.0,23.0,211
6,14.0,28:29,0.769,0.8,1.0,1.0,0.0,1.0,25.0,38.0,238
6,15.0,40:45,0.519,0.455,4.0,2.0,0.0,0.0,39.0,-1.0,256
6,16.0,31:20,0.41700000000000004,0.4,2.0,3.0,1.0,0.0,20.0,-12.0,273
6,17.0,33:55,0.42100000000000004,0.25,2.0,2.0,0.0,0.0,28.0,-18.0,289
6,18.0,38:02,0.429,0.0,6.0,8.0,1.0,0.0,20.0,-6.0,296
6,19.0,36:53,0.5,0.33299999999999996,2.0,7.0,0.0,0.0,24.0,1.0,315
6,20.0,30:27,0.529,0.667,3.0,6.0,0.0,0.0,28.0,27.0,1198
6,21.0,33:01,0.6,0.5,1.0,3.0,0.0,0.0,23.0,13.0,338
6,22.0,36:09,0.308,0.667,4.0,5.0,0.0,0.0,11.0,-1.0,349
6,no play,,,,,,,,,,368
6,no play,,,,,,,,,,379
6,23.0,38:28,0.47100000000000003,0.33299999999999996,6.0,12.0,3.0,0.0,21.0,12.0,402
6,24.0,45:13,0.348,0.429,5.0,5.0,0.0,0.0,28.0,1.0,423
6,25.0,34:58,0.647,0.5,6.0,13.0,1.0,0.0,31.0,21.0,429
6,26.0,26:27,0.455,0.33299999999999996,5.0,10.0,6.0,0.0,13.0,38.0,444
6,27.0,43:53,0.40700000000000003,0.4,6.0,10.0,7.0,0.0,25.0,5.0,462
6,28.0,28:50,0.4,0.33299999999999996,5.0,8.0,0.0,0.0,18.0,-15.0,469
6,29.0,41:36,0.706,0.4,5.0,12.0,3.0,0.0,32.0,10.0,493
6,no play,,,,,,,,,,509
6,no play,,,,,,,,,,519
6,no play,,,,,,,,,,537
6,30.0,35:40,0.385,0.33299999999999996,3.0,4.0,2.0,0.0,32.0,-3.0,552
6,31.0,39:58,0.5,0.5710000000000001,2.0,7.0,1.0,0.0,27.0,2.0,569
6,32.0,39:00,0.278,0.25,4.0,4.0,1.0,0.0,20.0,-1.0,581
6,33.0,31:56,0.25,0.5,3.0,1.0,2.0,0.0,11.0,-16.0,590
6,34.0,34:38,0.455,0.28600000000000003,4.0,5.0,1.0,0.0,26.0,11.0,604
6,35.0,29:09,0.316,0.2,2.0,2.0,1.0,1.0,17.0,-12.0,624
6,36.0,32:52,0.5,0.28600000000000003,2.0,4.0,2.0,0.0,26.0,15.0,641
6,37.0,41:02,0.591,0.375,3.0,9.0,2.0,0.0,29.0,12.0,662
6,38.0,41:38,0.536,0.5710000000000001,2.0,4.0,2.0,1.0,49.0,12.0,676
6,39.0,41:58,0.474,0.25,1.0,6.0,2.0,2.0,20.0,6.0,685
6,40.0,31:04,0.588,0.6,4.0,6.0,0.0,1.0,28.0,16.0,700
6,41.0,34:43,0.545,0.33299999999999996,3.0,10.0,1.0,0.0,29.0,24.0,717
6,42.0,32:50,0.33299999999999996,0.125,5.0,5.0,2.0,0.0,18.0,-5.0,728
6,43.0,30:47,0.278,0.16699999999999998,2.0,14.0,1.0,0.0,14.0,14.0,737
6,no play,,,,,,,,,,765
6,44.0,44:08,0.33299999999999996,0.28600000000000003,1.0,5.0,1.0,0.0,23.0,5.0,775
6,45.0,34:09,0.545,0.0,0.0,7.0,2.0,0.0,29.0,13.0,789
6,46.0,34:24,0.611,0.8,1.0,4.0,2.0,1.0,28.0,-14.0,802
6,47.0,35:05,0.41700000000000004,0.455,4.0,5.0,1.0,1.0,27.0,13.0,817
6,48.0,37:04,0.37,0.2,1.0,7.0,1.0,1.0,25.0,3.0,838
6,49.0,34:19,0.41200000000000003,0.429,2.0,7.0,2.0,0.0,26.0,7.0,841
6,50.0,30:29,0.563,0.25,4.0,6.0,1.0,1.0,23.0,4.0,1229
6,51.0,35:00,0.52,0.2,9.0,7.0,0.0,1.0,34.0,-2.0,1247
6,52.0,36:33,0.5,0.5,4.0,9.0,2.0,0.0,25.0,12.0,1260
6,53.0,32:05,0.526,0.33299999999999996,2.0,1.0,1.0,1.0,28.0,-11.0,862
6,54.0,35:30,0.667,0.625,2.0,9.0,4.0,1.0,43.0,7.0,873
6,no play,,,,,,,,,,882
6,55.0,39:38,0.44,0.444,7.0,3.0,0.0,1.0,32.0,-2.0,897
6,56.0,39:52,0.5,0.16699999999999998,5.0,3.0,0.0,1.0,27.0,-7.0,920
6,57.0,35:46,0.409,0.25,9.0,7.0,1.0,0.0,22.0,11.0,937
6,58.0,37:10,0.435,0.3,3.0,8.0,0.0,2.0,28.0,-9.0,949
6,59.0,30:14,0.643,1.0,1.0,6.0,0.0,0.0,26.0,30.0,959
6,60.0,30:15,0.42100000000000004,0.5,4.0,4.0,0.0,0.0,21.0,1.0,974
6,no play,,,,,,,,,,991
6,61.0,37:32,0.7140000000000001,0.6,2.0,3.0,0.0,0.0,46.0,9.0,1003
6,62.0,27:26,0.5,0.8,2.0,3.0,0.0,0.0,33.0,-7.0,1024
6,63.0,37:39,0.5,0.33299999999999996,1.0,7.0,4.0,0.0,26.0,0.0,1033
6,64.0,34:11,0.348,0.14300000000000002,2.0,4.0,1.0,2.0,23.0,-12.0,1043
6,65.0,25:32,0.308,0.0,3.0,2.0,0.0,0.0,8.0,-26.0,1059
6,66.0,38:16,0.35,0.5710000000000001,2.0,3.0,1.0,0.0,20.0,-8.0,1082
6,67.0,30:50,0.688,1.0,1.0,9.0,2.0,0.0,24.0,17.0,1088
6,68.0,45:50,0.25,0.4,5.0,7.0,1.0,1.0,23.0,6.0,1111
6,69.0,30:28,0.667,0.6,4.0,8.0,1.0,0.0,24.0,26.0,1117
6,70.0,32:26,0.389,0.16699999999999998,1.0,5.0,2.0,1.0,19.0,14.0,1130
6,71.0,33:21,0.615,0.0,1.0,6.0,0.0,0.0,18.0,-13.0,1140
6,72.0,44:37,0.5329999999999999,0.667,2.0,9.0,1.0,0.0,45.0,9.0,1158
6,no play,,,,,,,,,,1166
6,no play,,,,,,,,,,1179
