Player_ID,G,MP,FG%,3P%,TRB,AST,STL,BLK,PTS,+/-,Game_ID
487,1.0,35:11,0.5,1.0,14.0,3.0,1.0,0.0,26.0,10.0,
487,2.0,31:40,0.385,0.0,5.0,1.0,0.0,0.0,16.0,-10.0,12
487,3.0,25:09,0.308,0.5,6.0,0.0,0.0,1.0,12.0,13.0,28
487,no play,,,,,,,,,,33
487,4.0,35:12,0.5,0.0,4.0,1.0,0.0,1.0,21.0,-1.0,49
487,5.0,29:01,0.5379999999999999,,6.0,0.0,2.0,1.0,19.0,13.0,73
487,6.0,25:10,0.5379999999999999,1.0,6.0,0.0,0.0,1.0,19.0,-20.0,82
487,7.0,30:31,0.33299999999999996,0.0,5.0,2.0,2.0,1.0,14.0,3.0,110
487,8.0,37:24,0.429,,12.0,1.0,0.0,0.0,14.0,10.0,123
487,9.0,35:14,0.385,0.0,10.0,2.0,0.0,3.0,16.0,-10.0,130
487,10.0,36:21,0.5710000000000001,,3.0,2.0,1.0,0.0,18.0,8.0,146
487,11.0,33:20,0.5,1.0,8.0,2.0,2.0,2.0,21.0,5.0,164
487,12.0,36:07,0.7140000000000001,1.0,6.0,2.0,2.0,3.0,23.0,13.0,178
487,no play,,,,,,,,,,202
487,13.0,36:52,0.47100000000000003,0.0,7.0,2.0,1.0,2.0,23.0,9.0,209
487,14.0,31:57,0.33299999999999996,,4.0,4.0,0.0,2.0,10.0,7.0,236
487,15.0,33:40,0.529,0.33299999999999996,7.0,0.0,1.0,0.0,24.0,6.0,251
487,16.0,30:51,0.583,1.0,6.0,3.0,0.0,1.0,16.0,-16.0,275
487,17.0,32:18,0.222,,8.0,3.0,0.0,0.0,5.0,0.0,282
487,18.0,36:44,0.5710000000000001,,5.0,1.0,0.0,1.0,19.0,-10.0,299
487,19.0,36:15,0.5,1.0,9.0,5.0,1.0,1.0,18.0,13.0,319
487,20.0,30:21,0.375,0.0,2.0,0.0,3.0,0.0,6.0,8.0,329
487,21.0,30:58,0.33299999999999996,0.0,6.0,1.0,1.0,4.0,10.0,-19.0,336
487,22.0,22:09,0.6,,9.0,3.0,0.0,1.0,12.0,17.0,353
487,no play,,,,,,,,,,383
487,23.0,27:18,0.545,,7.0,2.0,0.0,1.0,14.0,11.0,387
487,24.0,25:46,0.4,0.0,6.0,3.0,1.0,0.0,22.0,19.0,412
487,25.0,35:48,0.4,,10.0,5.0,0.0,1.0,17.0,-8.0,425
487,26.0,22:52,0.385,0.0,4.0,1.0,0.0,1.0,10.0,-9.0,441
487,27.0,36:43,0.389,,14.0,6.0,3.0,0.0,18.0,20.0,454
487,28.0,37:57,0.75,,9.0,1.0,0.0,0.0,33.0,14.0,463
487,29.0,32:39,0.833,,8.0,2.0,1.0,1.0,27.0,14.0,487
487,30.0,29:24,0.667,,6.0,1.0,0.0,1.0,8.0,9.0,504
487,31.0,43:27,0.706,1.0,13.0,2.0,0.0,3.0,27.0,18.0,513
487,32.0,29:52,0.688,1.0,7.0,6.0,0.0,1.0,23.0,35.0,530
487,33.0,32:49,0.611,1.0,4.0,1.0,1.0,1.0,28.0,13.0,547
487,34.0,34:01,0.556,0.0,11.0,3.0,0.0,1.0,15.0,3.0,563
487,no play,,,,,,,,,,580
487,35.0,23:54,0.455,1.0,4.0,0.0,0.0,1.0,13.0,21.0,594
487,36.0,33:31,0.429,1.0,4.0,2.0,0.0,0.0,13.0,-6.0,608
487,37.0,36:02,0.6,0.0,4.0,3.0,0.0,2.0,29.0,-4.0,630
487,38.0,29:15,0.444,,3.0,6.0,0.0,1.0,10.0,8.0,644
487,39.0,41:55,0.5,,12.0,6.0,0.0,2.0,16.0,-2.0,662
487,40.0,27:14,0.42100000000000004,0.0,9.0,5.0,2.0,2.0,16.0,2.0,671
487,41.0,31:31,0.429,,7.0,2.0,1.0,0.0,21.0,0.0,679
487,42.0,32:18,0.3,0.0,14.0,0.0,0.0,0.0,14.0,-6.0,705
487,43.0,34:01,0.35700000000000004,,6.0,4.0,0.0,0.0,16.0,-13.0,722
487,44.0,27:53,0.5329999999999999,0.5,6.0,0.0,0.0,3.0,25.0,4.0,733
487,no play,,,,,,,,,,750
487,45.0,27:33,0.4,,5.0,2.0,1.0,3.0,12.0,17.0,768
487,46.0,33:54,0.21100000000000002,0.0,10.0,1.0,0.0,2.0,13.0,-24.0,783
487,47.0,36:24,0.5,0.0,10.0,0.0,0.0,2.0,15.0,10.0,788
487,48.0,32:00,0.444,,11.0,0.0,1.0,2.0,19.0,3.0,807
487,49.0,37:03,0.313,0.0,10.0,1.0,0.0,0.0,15.0,0.0,823
487,50.0,35:47,0.318,,7.0,1.0,0.0,1.0,19.0,3.0,827
487,51.0,28:03,0.769,,3.0,3.0,2.0,1.0,23.0,11.0,840
487,52.0,34:25,0.33299999999999996,1.0,11.0,1.0,1.0,1.0,15.0,0.0,1241
487,53.0,23:18,0.5710000000000001,,9.0,1.0,0.0,0.0,16.0,12.0,1250
487,54.0,31:47,0.33299999999999996,,5.0,2.0,1.0,0.0,6.0,-2.0,863
487,55.0,40:09,0.526,,14.0,0.0,0.0,3.0,21.0,10.0,878
487,56.0,43:36,0.33299999999999996,,10.0,2.0,1.0,2.0,18.0,18.0,886
487,57.0,37:24,0.4,,4.0,4.0,0.0,1.0,15.0,6.0,902
487,no play,,,,,,,,,,917
487,58.0,31:35,0.5710000000000001,0.0,6.0,1.0,0.0,0.0,17.0,-13.0,922
487,no play,,,,,,,,,,940
487,no play,,,,,,,,,,954
487,59.0,32:11,0.375,0.0,7.0,4.0,0.0,0.0,19.0,-5.0,971
487,60.0,33:35,0.5,,9.0,4.0,0.0,1.0,21.0,-11.0,993
487,61.0,21:41,0.615,1.0,8.0,0.0,1.0,1.0,18.0,10.0,1002
487,62.0,38:29,0.5,,4.0,3.0,2.0,2.0,26.0,8.0,1016
487,63.0,35:42,0.625,0.5,7.0,1.0,0.0,3.0,23.0,4.0,1030
487,64.0,35:58,0.429,0.5,10.0,2.0,1.0,0.0,19.0,9.0,1045
487,65.0,28:54,0.364,0.0,7.0,4.0,1.0,1.0,14.0,24.0,1059
487,66.0,34:49,0.5,0.5,7.0,0.0,0.0,5.0,17.0,-2.0,1078
487,67.0,36:38,0.35700000000000004,0.0,10.0,2.0,1.0,3.0,14.0,2.0,1094
487,no play,,,,,,,,,,1106
487,68.0,41:08,0.5,0.5,6.0,0.0,1.0,3.0,15.0,5.0,1122
487,69.0,16:01,0.364,,6.0,1.0,2.0,1.0,8.0,2.0,1131
487,no play,,,,,,,,,,1144
487,70.0,35:44,0.529,0.0,2.0,0.0,1.0,1.0,18.0,-9.0,1154
487,71.0,18:10,0.625,0.0,4.0,0.0,0.0,1.0,12.0,-9.0,1170
487,72.0,34:29,0.643,0.0,5.0,0.0,3.0,1.0,18.0,1.0,1188
