Player_ID,G,MP,FG%,3P%,TRB,AST,STL,BLK,PTS,+/-,Game_ID
49,1.0,16:37,0.25,,1.0,1.0,2.0,0.0,2.0,-11.0,
49,2.0,18:38,0.6,0.0,3.0,0.0,0.0,0.0,6.0,-10.0,24
49,3.0,26:27,0.16699999999999998,,4.0,0.0,0.0,0.0,2.0,-4.0,46
49,4.0,9:43,0.5,1.0,2.0,0.0,0.0,0.0,3.0,-6.0,54
49,no play,,,,,,,,,,69
49,5.0,29:05,0.4,1.0,2.0,1.0,1.0,0.0,5.0,-5.0,83
49,6.0,10:26,0.6,0.0,1.0,0.0,1.0,0.0,6.0,-2.0,102
49,7.0,20:07,0.429,0.33299999999999996,5.0,1.0,1.0,1.0,7.0,-4.0,121
49,8.0,8:44,0.0,0.0,1.0,0.0,0.0,0.0,0.0,-4.0,127
49,no play,,,,,,,,,,142
49,no play,,,,,,,,,,158
49,no play,,,,,,,,,,165
49,no play,,,,,,,,,,189
49,no play,,,,,,,,,,204
49,no play,,,,,,,,,,239
49,no play,,,,,,,,,,252
49,no play,,,,,,,,,,266
49,no play,,,,,,,,,,281
49,9.0,3:08,0.5,0.5,0.0,1.0,0.0,0.0,3.0,-1.0,295
49,10.0,17:11,0.25,0.5,3.0,0.0,0.0,0.0,9.0,-3.0,312
49,11.0,20:48,0.833,1.0,3.0,0.0,0.0,0.0,11.0,5.0,326
49,12.0,13:48,0.4,0.33299999999999996,2.0,0.0,0.0,0.0,5.0,-13.0,1198
49,13.0,18:12,0.4,0.667,2.0,0.0,1.0,0.0,6.0,-7.0,345
49,14.0,15:47,0.0,0.0,0.0,0.0,2.0,0.0,0.0,-3.0,360
49,15.0,22:41,0.25,0.5,2.0,1.0,1.0,0.0,6.0,9.0,372
49,16.0,23:32,0.222,0.25,0.0,0.0,0.0,1.0,5.0,-16.0,388
49,17.0,10:54,0.5,,0.0,0.0,0.0,1.0,4.0,-3.0,404
49,18.0,5:41,1.0,,1.0,0.0,0.0,0.0,2.0,-10.0,421
49,no play,,,,,,,,,,439
49,19.0,9:05,0.33299999999999996,0.0,2.0,1.0,0.0,0.0,3.0,4.0,461
49,20.0,12:01,0.0,0.0,1.0,0.0,0.0,0.0,0.0,-3.0,483
49,21.0,17:32,0.4,0.5,1.0,0.0,0.0,0.0,5.0,-7.0,500
49,22.0,32:33,0.33299999999999996,0.25,1.0,1.0,0.0,0.0,11.0,-14.0,510
49,23.0,19:44,0.5,0.5,3.0,1.0,1.0,0.0,10.0,-7.0,521
49,24.0,38:03,0.375,0.5,4.0,2.0,3.0,0.0,7.0,-2.0,536
49,25.0,20:17,1.0,1.0,2.0,0.0,1.0,0.0,10.0,0.0,553
49,26.0,16:04,0.33299999999999996,0.5,1.0,2.0,0.0,0.0,3.0,-13.0,557
49,27.0,19:26,0.4,1.0,1.0,0.0,0.0,0.0,9.0,-16.0,573
49,28.0,19:44,0.0,0.0,6.0,2.0,0.0,0.0,0.0,13.0,585
49,29.0,28:54,0.222,0.0,2.0,2.0,0.0,0.0,4.0,6.0,593
49,30.0,1:50,0.0,,0.0,0.0,0.0,0.0,0.0,0.0,612
49,no play,,,,,,,,,,618
49,no play,,,,,,,,,,635
49,no play,,,,,,,,,,643
49,no play,,,,,,,,,,659
49,no play,,,,,,,,,,677
49,no play,,,,,,,,,,693
49,no play,,,,,,,,,,703
49,no play,,,,,,,,,,716
49,no play,,,,,,,,,,730
49,no play,,,,,,,,,,739
49,no play,,,,,,,,,,765
49,no play,,,,,,,,,,774
49,no play,,,,,,,,,,797
49,no play,,,,,,,,,,806
49,31.0,16:55,0.5,,2.0,0.0,0.0,0.0,2.0,-10.0,823
49,32.0,14:42,0.5,,4.0,1.0,0.0,0.0,3.0,-5.0,851
49,33.0,31:28,0.429,0.5,5.0,2.0,1.0,1.0,9.0,-9.0,1229
49,34.0,36:52,0.4,0.5,6.0,2.0,0.0,0.0,11.0,-6.0,1244
49,35.0,29:02,0.75,0.667,6.0,0.0,0.0,0.0,12.0,-1.0,1258
49,36.0,31:23,0.8,,5.0,1.0,2.0,0.0,11.0,6.0,856
49,37.0,41:38,0.5,0.6,6.0,0.0,2.0,0.0,21.0,-4.0,870
49,38.0,26:46,0.0,0.0,7.0,2.0,0.0,0.0,0.0,-3.0,889
49,39.0,27:17,0.385,0.6,4.0,1.0,2.0,0.0,17.0,-3.0,896
49,40.0,23:45,0.0,0.0,6.0,1.0,0.0,0.0,2.0,-7.0,912
49,41.0,13:18,0.0,0.0,4.0,0.0,0.0,0.0,0.0,-4.0,935
49,42.0,32:16,0.5710000000000001,0.75,5.0,4.0,0.0,1.0,13.0,-5.0,946
49,43.0,33:18,0.33299999999999996,0.429,7.0,1.0,0.0,0.0,9.0,-5.0,961
49,44.0,34:22,1.0,1.0,10.0,1.0,0.0,0.0,15.0,-4.0,976
49,45.0,15:29,0.33299999999999996,,1.0,1.0,0.0,0.0,2.0,-9.0,1010
49,46.0,32:27,0.28600000000000003,0.0,8.0,2.0,0.0,0.0,4.0,-6.0,1026
49,no play,,,,,,,,,,1031
49,no play,,,,,,,,,,1045
49,no play,,,,,,,,,,1058
49,no play,,,,,,,,,,1075
49,no play,,,,,,,,,,1093
49,no play,,,,,,,,,,1102
49,no play,,,,,,,,,,1121
49,no play,,,,,,,,,,1137
49,no play,,,,,,,,,,1142
49,no play,,,,,,,,,,1157
49,no play,,,,,,,,,,1181
