Player_ID,G,MP,FG%,3P%,TRB,AST,STL,BLK,PTS,+/-,Game_ID
122,1.0,10:50,0.4,0.0,2.0,1.0,1.0,0.0,5.0,-3.0,6
122,2.0,13:39,0.0,0.0,0.0,0.0,1.0,0.0,0.0,-10.0,21
122,3.0,22:54,0.3,0.0,4.0,2.0,0.0,0.0,6.0,-9.0,28
122,4.0,8:19,,,1.0,0.0,1.0,0.0,0.0,-6.0,47
122,5.0,32:03,0.462,0.5710000000000001,2.0,2.0,2.0,1.0,18.0,17.0,56
122,6.0,28:17,0.5,0.667,4.0,0.0,0.0,0.0,14.0,9.0,71
122,7.0,20:42,0.375,0.5,2.0,4.0,2.0,0.0,9.0,-8.0,95
122,8.0,16:26,0.222,0.0,2.0,4.0,0.0,0.0,4.0,-4.0,101
122,9.0,13:41,0.28600000000000003,0.5,5.0,1.0,0.0,0.0,5.0,-2.0,113
122,10.0,21:44,0.41700000000000004,0.33299999999999996,6.0,2.0,1.0,0.0,12.0,-23.0,125
122,11.0,31:38,0.5710000000000001,0.6,1.0,3.0,2.0,0.0,21.0,3.0,144
122,12.0,20:48,0.5,0.375,2.0,2.0,1.0,0.0,15.0,-5.0,155
122,13.0,19:47,0.25,0.33299999999999996,1.0,1.0,1.0,0.0,5.0,5.0,173
122,14.0,30:59,0.5,0.545,7.0,0.0,2.0,0.0,23.0,3.0,181
122,15.0,18:55,0.4,0.33299999999999996,3.0,4.0,2.0,0.0,5.0,-11.0,205
122,16.0,24:35,0.5,0.6,4.0,2.0,2.0,0.0,9.0,-10.0,218
122,17.0,18:12,0.5,1.0,0.0,0.0,2.0,0.0,3.0,2.0,248
122,18.0,23:48,0.33299999999999996,0.0,0.0,1.0,0.0,0.0,4.0,-7.0,261
122,19.0,16:32,0.33299999999999996,0.33299999999999996,1.0,2.0,1.0,0.0,8.0,8.0,274
122,20.0,19:07,0.2,0.0,3.0,1.0,1.0,0.0,4.0,-1.0,297
122,21.0,12:53,0.14300000000000002,0.0,3.0,0.0,1.0,0.0,2.0,6.0,311
122,22.0,35:53,0.5,0.462,1.0,2.0,0.0,0.0,26.0,9.0,320
122,23.0,28:25,0.5,0.5,4.0,2.0,1.0,0.0,19.0,-3.0,334
122,24.0,29:48,0.308,0.2,0.0,3.0,1.0,0.0,12.0,-12.0,355
122,25.0,19:23,0.5710000000000001,0.5710000000000001,0.0,0.0,0.0,0.0,12.0,1.0,359
122,26.0,27:56,0.429,0.41700000000000004,6.0,0.0,2.0,0.0,20.0,4.0,371
122,27.0,20:02,0.2,0.14300000000000002,1.0,0.0,2.0,0.0,5.0,-4.0,385
122,28.0,21:11,0.3,0.2,1.0,3.0,0.0,0.0,7.0,-19.0,395
122,29.0,19:40,0.4,0.33299999999999996,3.0,2.0,1.0,0.0,12.0,10.0,412
122,no play,,,,,,,,,,418
122,30.0,5:44,1.0,1.0,0.0,1.0,0.0,0.0,3.0,-9.0,433
122,31.0,29:29,0.364,0.429,1.0,0.0,1.0,0.0,11.0,19.0,449
122,32.0,25:32,0.75,1.0,2.0,2.0,0.0,0.0,17.0,-10.0,471
122,33.0,30:56,0.4,0.2,4.0,0.0,1.0,1.0,12.0,-4.0,486
122,34.0,20:54,0.25,0.28600000000000003,2.0,1.0,0.0,0.0,6.0,-2.0,500
122,35.0,12:51,0.2,0.25,2.0,1.0,0.0,1.0,3.0,-12.0,519
122,36.0,18:17,0.28600000000000003,0.33299999999999996,2.0,1.0,2.0,0.0,6.0,10.0,544
122,37.0,22:11,0.462,0.444,4.0,1.0,0.0,0.0,20.0,1.0,558
122,38.0,19:00,0.25,0.25,0.0,1.0,0.0,1.0,5.0,8.0,573
122,39.0,16:58,0.0,0.0,4.0,0.0,0.0,0.0,1.0,-3.0,592
122,40.0,13:49,0.5,,0.0,0.0,1.0,0.0,2.0,-15.0,607
122,41.0,24:11,0.375,0.5,4.0,0.0,1.0,0.0,9.0,13.0,621
122,42.0,31:11,0.625,0.5710000000000001,3.0,3.0,0.0,0.0,18.0,23.0,636
122,43.0,24:09,0.25,0.28600000000000003,4.0,1.0,1.0,0.0,8.0,-27.0,650
122,44.0,29:11,0.33299999999999996,0.375,5.0,2.0,1.0,0.0,12.0,16.0,676
122,45.0,18:10,0.111,0.2,2.0,0.0,0.0,0.0,3.0,6.0,691
122,46.0,6:27,0.0,0.0,0.0,0.0,0.0,0.0,0.0,-10.0,705
122,47.0,11:09,0.5,0.5,2.0,0.0,1.0,0.0,6.0,-17.0,719
122,48.0,20:14,0.16699999999999998,0.0,4.0,2.0,1.0,0.0,4.0,15.0,731
122,no play,,,,,,,,,,741
122,49.0,8:13,0.5,1.0,0.0,0.0,0.0,0.0,3.0,-1.0,761
122,50.0,6:44,0.25,0.0,1.0,1.0,0.0,0.0,2.0,-7.0,780
122,51.0,12:00,0.2,0.0,0.0,1.0,0.0,0.0,4.0,-12.0,795
122,52.0,24:52,0.75,0.75,4.0,2.0,0.0,0.0,9.0,1.0,810
122,53.0,25:03,0.375,0.5,0.0,1.0,0.0,0.0,9.0,-4.0,825
122,54.0,23:04,0.5,0.6,2.0,0.0,0.0,1.0,9.0,12.0,835
122,55.0,11:21,0.33299999999999996,0.5,0.0,0.0,0.0,0.0,4.0,-4.0,846
122,no play,,,,,,,,,,1231
122,56.0,12:17,0.0,0.0,1.0,1.0,0.0,0.0,0.0,3.0,1242
122,57.0,2:26,0.0,0.0,0.0,1.0,0.0,0.0,0.0,3.0,1264
122,no play,,,,,,,,,,866
122,no play,,,,,,,,,,892
122,58.0,5:23,0.0,,1.0,0.0,0.0,0.0,0.0,7.0,903
122,no play,,,,,,,,,,917
122,no play,,,,,,,,,,932
122,59.0,1:51,0.0,,1.0,0.0,0.0,0.0,0.0,2.0,944
122,60.0,22:03,0.5,1.0,0.0,2.0,0.0,0.0,6.0,-4.0,957
122,61.0,25:52,0.6,0.5,2.0,2.0,1.0,0.0,8.0,4.0,972
122,62.0,19:45,0.429,0.0,1.0,0.0,2.0,0.0,8.0,-4.0,988
122,63.0,22:32,0.5,0.0,1.0,2.0,0.0,0.0,8.0,8.0,1002
122,no play,,,,,,,,,,1025
122,64.0,25:19,0.375,0.667,2.0,0.0,0.0,0.0,8.0,-5.0,1041
122,65.0,25:16,0.25,0.5,2.0,3.0,1.0,0.0,6.0,17.0,1049
122,66.0,4:39,,,1.0,0.0,0.0,0.0,0.0,-3.0,1061
122,67.0,19:24,0.25,0.0,1.0,0.0,0.0,0.0,2.0,-7.0,1080
122,68.0,20:50,0.14300000000000002,0.33299999999999996,1.0,0.0,0.0,1.0,3.0,-22.0,1092
122,69.0,14:54,0.857,0.75,3.0,0.0,0.0,0.0,17.0,11.0,1100
122,70.0,37:18,0.5,0.5,7.0,1.0,0.0,0.0,15.0,17.0,1125
122,71.0,20:01,0.28600000000000003,0.25,3.0,5.0,1.0,0.0,5.0,-18.0,1148
122,72.0,26:02,0.667,0.667,2.0,3.0,0.0,0.0,10.0,10.0,1161
122,73.0,27:02,0.28600000000000003,0.0,2.0,2.0,0.0,0.0,4.0,11.0,1177
122,74.0,41:51,0.364,1.0,4.0,6.0,1.0,0.0,14.0,-16.0,1189
