Player_ID,G,MP,FG%,3P%,TRB,AST,STL,BLK,PTS,+/-,Game_ID
106,1.0,32:23,0.643,0.0,11.0,14.0,0.0,1.0,19.0,27.0,
106,2.0,38:40,0.43799999999999994,0.33299999999999996,8.0,7.0,0.0,0.0,21.0,0.0,14
106,3.0,39:00,0.43799999999999994,0.33299999999999996,6.0,9.0,1.0,1.0,23.0,1.0,25
106,4.0,35:51,0.5,0.33299999999999996,13.0,8.0,0.0,0.0,19.0,15.0,42
106,5.0,36:22,0.545,0.25,7.0,12.0,1.0,0.0,30.0,18.0,64
106,6.0,35:52,0.391,0.2,8.0,14.0,2.0,1.0,25.0,11.0,76
106,7.0,36:52,0.47100000000000003,0.4,9.0,5.0,3.0,0.0,23.0,7.0,96
106,8.0,38:06,0.5,0.75,10.0,5.0,2.0,2.0,27.0,7.0,118
106,9.0,38:42,0.381,0.4,8.0,8.0,1.0,1.0,19.0,12.0,136
106,10.0,38:04,0.667,0.4,9.0,15.0,1.0,0.0,28.0,1.0,149
106,no play,,,,,,,,,,156
106,11.0,28:03,0.643,0.33299999999999996,3.0,3.0,0.0,1.0,21.0,21.0,172
106,12.0,37:30,0.524,0.667,10.0,13.0,3.0,0.0,31.0,17.0,211
106,13.0,29:03,0.462,0.4,5.0,11.0,1.0,0.0,19.0,33.0,238
106,14.0,41:30,0.474,0.25,10.0,13.0,1.0,0.0,26.0,2.0,256
106,15.0,32:53,0.5,0.375,4.0,4.0,0.0,0.0,22.0,-12.0,273
106,16.0,33:37,0.35700000000000004,0.0,5.0,5.0,2.0,0.0,16.0,-20.0,289
106,17.0,44:40,0.591,0.33299999999999996,5.0,13.0,0.0,0.0,27.0,-3.0,296
106,18.0,42:01,0.462,0.28600000000000003,8.0,7.0,2.0,0.0,34.0,9.0,315
106,19.0,32:27,0.7,0.5,6.0,7.0,1.0,2.0,25.0,32.0,1198
106,20.0,37:19,0.545,0.33299999999999996,8.0,8.0,3.0,0.0,27.0,21.0,338
106,21.0,42:27,0.708,0.5,9.0,10.0,3.0,1.0,44.0,-2.0,349
106,22.0,36:29,0.529,0.0,6.0,8.0,3.0,0.0,23.0,8.0,368
106,no play,,,,,,,,,,379
106,23.0,38:55,0.5,0.4,7.0,9.0,2.0,2.0,26.0,17.0,402
106,24.0,47:29,0.48,0.556,12.0,7.0,1.0,1.0,34.0,8.0,423
106,25.0,34:25,0.5,0.5710000000000001,9.0,6.0,0.0,0.0,29.0,26.0,429
106,26.0,27:16,0.43799999999999994,0.0,4.0,6.0,3.0,0.0,19.0,33.0,444
106,27.0,40:11,0.545,0.5,13.0,4.0,2.0,1.0,31.0,4.0,462
106,no play,,,,,,,,,,469
106,28.0,43:44,0.5,0.33299999999999996,8.0,11.0,1.0,3.0,23.0,1.0,493
106,29.0,35:47,0.48,0.5,6.0,9.0,1.0,0.0,32.0,17.0,509
106,30.0,38:55,0.429,0.0,7.0,6.0,2.0,1.0,26.0,-4.0,519
106,31.0,36:53,0.5710000000000001,0.5,8.0,7.0,1.0,0.0,31.0,-13.0,537
106,32.0,35:17,0.7,0.0,9.0,6.0,3.0,0.0,36.0,20.0,552
106,33.0,39:31,0.647,0.5,8.0,4.0,1.0,0.0,28.0,-2.0,569
106,34.0,36:55,0.5,0.5,6.0,5.0,4.0,0.0,29.0,-8.0,581
106,35.0,30:31,0.41700000000000004,0.4,11.0,4.0,1.0,1.0,20.0,-7.0,590
106,36.0,41:41,0.5,0.25,2.0,15.0,1.0,1.0,16.0,16.0,604
106,37.0,35:00,0.33299999999999996,0.25,8.0,2.0,1.0,0.0,20.0,-32.0,624
106,38.0,39:08,0.667,0.0,9.0,15.0,1.0,2.0,21.0,14.0,641
106,39.0,45:20,0.688,0.4,6.0,7.0,2.0,0.0,29.0,-16.0,662
106,40.0,43:43,0.524,0.25,10.0,12.0,2.0,0.0,26.0,-10.0,676
106,41.0,44:49,0.5329999999999999,0.0,13.0,11.0,2.0,1.0,24.0,-1.0,685
106,42.0,34:14,0.722,0.33299999999999996,5.0,11.0,0.0,0.0,31.0,22.0,700
106,43.0,36:50,0.5,0.0,14.0,8.0,1.0,0.0,25.0,11.0,717
106,44.0,37:17,0.474,0.16699999999999998,9.0,9.0,2.0,0.0,23.0,-8.0,728
106,45.0,34:28,0.7859999999999999,0.5,8.0,12.0,2.0,1.0,27.0,16.0,737
106,46.0,39:35,0.6,0.5,5.0,10.0,0.0,0.0,32.0,11.0,765
106,47.0,42:04,0.667,0.75,7.0,17.0,2.0,2.0,32.0,0.0,775
106,48.0,38:16,0.563,0.5,6.0,9.0,1.0,1.0,25.0,8.0,789
106,49.0,40:53,0.42100000000000004,0.25,5.0,7.0,2.0,2.0,18.0,-4.0,802
106,50.0,33:09,0.688,1.0,5.0,12.0,2.0,0.0,27.0,26.0,817
106,51.0,39:30,0.7140000000000001,0.667,8.0,14.0,0.0,0.0,25.0,10.0,838
106,52.0,32:35,0.706,0.8,5.0,4.0,1.0,0.0,31.0,9.0,841
106,53.0,37:06,0.636,0.0,13.0,15.0,0.0,3.0,18.0,10.0,1229
106,no play,,,,,,,,,,1247
106,54.0,37:11,0.667,0.5,10.0,6.0,0.0,0.0,24.0,8.0,1260
106,55.0,40:02,0.47600000000000003,0.5,13.0,10.0,1.0,1.0,28.0,-3.0,862
106,56.0,39:10,0.519,0.6,13.0,8.0,0.0,0.0,38.0,5.0,873
106,no play,,,,,,,,,,882
106,57.0,38:41,0.5,0.4,17.0,6.0,1.0,1.0,30.0,14.0,897
106,58.0,39:05,0.545,0.0,14.0,10.0,1.0,0.0,29.0,18.0,920
106,59.0,37:34,0.5710000000000001,0.4,12.0,12.0,0.0,1.0,24.0,12.0,937
106,60.0,40:10,0.6,0.364,7.0,5.0,2.0,0.0,30.0,-9.0,949
106,61.0,28:24,0.5,0.0,11.0,12.0,0.0,0.0,16.0,22.0,959
106,62.0,38:15,0.65,0.4,10.0,6.0,2.0,1.0,33.0,14.0,974
106,no play,,,,,,,,,,991
106,63.0,37:51,0.591,0.375,6.0,7.0,1.0,0.0,34.0,12.0,1003
106,64.0,34:10,0.667,0.0,6.0,5.0,0.0,0.0,18.0,-30.0,1024
106,65.0,39:54,0.643,0.0,9.0,11.0,1.0,2.0,32.0,1.0,1033
106,66.0,40:35,0.47600000000000003,0.0,11.0,8.0,0.0,1.0,24.0,-11.0,1043
106,67.0,29:32,0.41200000000000003,0.0,8.0,8.0,0.0,0.0,17.0,-13.0,1059
106,68.0,39:07,0.55,0.14300000000000002,10.0,8.0,1.0,1.0,26.0,-3.0,1082
106,69.0,29:56,0.636,0.429,9.0,6.0,0.0,0.0,34.0,31.0,1088
106,70.0,51:39,0.552,0.3,14.0,11.0,2.0,1.0,41.0,-1.0,1111
106,71.0,37:06,0.5,0.0,11.0,11.0,2.0,1.0,18.0,17.0,1117
106,72.0,38:33,0.636,0.25,10.0,6.0,1.0,2.0,36.0,32.0,1130
106,73.0,41:25,0.8,0.5,8.0,7.0,2.0,0.0,27.0,-15.0,1140
106,74.0,46:50,0.524,0.33299999999999996,16.0,10.0,1.0,0.0,32.0,1.0,1158
106,no play,,,,,,,,,,1166
106,no play,,,,,,,,,,1179
