Player_ID,G,MP,FG%,3P%,TRB,AST,STL,BLK,PTS,+/-,Game_ID
364,1.0,14:26,0.4,0.5,0.0,2.0,3.0,0.0,12.0,17.0,9
364,2.0,27:16,0.5,0.75,0.0,6.0,1.0,0.0,17.0,8.0,20
364,3.0,19:36,0.28600000000000003,0.0,1.0,2.0,1.0,0.0,7.0,-7.0,35
364,4.0,26:56,0.5,0.375,0.0,5.0,0.0,0.0,19.0,3.0,43
364,5.0,23:01,0.545,0.4,3.0,4.0,2.0,0.0,18.0,3.0,55
364,6.0,26:23,0.5,0.33299999999999996,2.0,4.0,3.0,1.0,20.0,18.0,74
364,7.0,25:48,0.41700000000000004,0.5,4.0,6.0,2.0,0.0,14.0,4.0,88
364,8.0,22:45,0.33299999999999996,0.25,4.0,3.0,1.0,0.0,15.0,0.0,100
364,9.0,23:01,0.5,0.5,2.0,1.0,3.0,0.0,21.0,12.0,116
364,10.0,25:20,0.6,0.4,3.0,4.0,2.0,0.0,21.0,23.0,125
364,11.0,18:14,0.5,0.5,5.0,4.0,0.0,0.0,17.0,-5.0,138
364,12.0,17:04,0.182,0.0,2.0,1.0,0.0,0.0,6.0,-6.0,153
364,13.0,27:04,0.6920000000000001,0.5,3.0,3.0,2.0,0.0,24.0,-1.0,178
364,14.0,30:04,0.5710000000000001,0.833,1.0,3.0,2.0,0.0,25.0,-3.0,194
364,15.0,22:59,0.33299999999999996,0.33299999999999996,1.0,5.0,0.0,0.0,13.0,0.0,207
364,16.0,21:43,0.545,0.5,0.0,2.0,1.0,0.0,16.0,-10.0,219
364,17.0,25:58,0.385,0.0,3.0,2.0,1.0,0.0,13.0,1.0,249
364,18.0,27:25,0.385,0.33299999999999996,4.0,3.0,0.0,0.0,21.0,25.0,263
364,19.0,22:25,0.35700000000000004,0.28600000000000003,3.0,4.0,1.0,1.0,16.0,-10.0,274
364,20.0,28:29,0.33299999999999996,0.33299999999999996,5.0,5.0,1.0,1.0,18.0,20.0,279
364,21.0,25:22,0.28600000000000003,0.16699999999999998,1.0,4.0,0.0,0.0,13.0,-20.0,294
364,22.0,31:34,0.55,0.5,2.0,1.0,2.0,0.0,40.0,1.0,305
364,23.0,34:22,0.48100000000000004,0.444,6.0,7.0,1.0,0.0,38.0,22.0,323
364,24.0,25:18,0.583,0.5,1.0,0.0,3.0,1.0,24.0,-26.0,1197
364,25.0,34:48,0.526,0.5,5.0,2.0,1.0,0.0,35.0,10.0,344
364,26.0,25:50,0.462,0.28600000000000003,6.0,5.0,2.0,0.0,24.0,-3.0,360
364,27.0,25:31,0.25,0.4,1.0,2.0,1.0,1.0,14.0,-9.0,367
364,28.0,24:16,0.41700000000000004,0.0,2.0,2.0,2.0,0.0,16.0,-4.0,378
364,29.0,23:23,0.41700000000000004,0.16699999999999998,0.0,3.0,4.0,0.0,18.0,2.0,396
364,30.0,26:31,0.2,0.0,3.0,4.0,0.0,1.0,12.0,-14.0,402
364,31.0,27:52,0.41700000000000004,0.25,2.0,8.0,2.0,1.0,16.0,18.0,419
364,32.0,28:09,0.47100000000000003,0.429,2.0,1.0,0.0,0.0,27.0,-7.0,440
364,33.0,21:10,0.273,0.33299999999999996,2.0,1.0,2.0,0.0,13.0,-10.0,443
364,34.0,23:38,0.455,0.33299999999999996,3.0,1.0,1.0,1.0,14.0,-3.0,465
364,35.0,27:16,0.462,0.5,2.0,3.0,0.0,0.0,22.0,8.0,480
364,36.0,21:18,0.429,0.0,1.0,3.0,0.0,0.0,10.0,-3.0,496
364,37.0,17:02,0.273,0.5,0.0,1.0,0.0,0.0,8.0,-6.0,517
364,38.0,17:17,0.444,0.25,1.0,2.0,1.0,0.0,14.0,-1.0,533
364,39.0,23:54,0.375,0.5,3.0,2.0,0.0,0.0,10.0,-2.0,548
364,40.0,23:35,0.474,0.5,1.0,3.0,0.0,0.0,24.0,12.0,554
364,41.0,17:17,0.25,0.0,1.0,3.0,0.0,0.0,10.0,8.0,572
364,42.0,16:27,0.4,0.667,0.0,1.0,0.0,0.0,10.0,-6.0,582
364,43.0,17:47,0.28600000000000003,0.25,2.0,2.0,0.0,0.0,10.0,1.0,594
364,44.0,22:17,0.33299999999999996,0.4,2.0,1.0,1.0,0.0,13.0,-10.0,606
364,45.0,26:38,0.5,0.556,3.0,4.0,0.0,0.0,26.0,-10.0,617
364,46.0,31:02,0.47100000000000003,0.33299999999999996,4.0,7.0,0.0,1.0,24.0,12.0,631
364,47.0,29:32,0.467,0.5,4.0,3.0,1.0,1.0,27.0,4.0,654
364,48.0,20:06,0.364,0.16699999999999998,0.0,1.0,1.0,0.0,15.0,-34.0,667
364,49.0,28:05,0.5,0.5,3.0,5.0,3.0,0.0,31.0,1.0,694
364,50.0,24:51,0.667,0.33299999999999996,5.0,1.0,0.0,0.0,20.0,1.0,698
364,51.0,24:09,0.636,0.8,5.0,7.0,2.0,0.0,21.0,1.0,735
364,52.0,23:00,0.33299999999999996,0.25,2.0,4.0,0.0,0.0,15.0,-5.0,748
364,53.0,23:04,0.35700000000000004,0.33299999999999996,4.0,4.0,0.0,0.0,21.0,0.0,757
364,54.0,25:46,0.545,0.6,2.0,4.0,1.0,0.0,22.0,11.0,774
364,55.0,20:39,0.4,0.0,1.0,2.0,2.0,0.0,17.0,-21.0,792
364,56.0,19:25,0.556,0.6,1.0,2.0,1.0,0.0,21.0,1.0,808
364,57.0,24:27,0.556,0.364,1.0,5.0,2.0,1.0,29.0,10.0,839
364,58.0,24:09,0.5379999999999999,0.75,2.0,3.0,3.0,0.0,21.0,1.0,850
364,59.0,25:08,0.563,0.636,2.0,2.0,0.0,0.0,27.0,4.0,1228
364,60.0,26:00,0.364,0.28600000000000003,0.0,4.0,3.0,0.0,17.0,5.0,1248
364,61.0,28:22,0.5329999999999999,0.5,3.0,1.0,1.0,1.0,28.0,-13.0,1263
364,62.0,21:17,0.182,0.14300000000000002,2.0,1.0,0.0,1.0,5.0,10.0,865
364,63.0,20:50,0.375,0.16699999999999998,1.0,2.0,1.0,1.0,9.0,7.0,885
364,64.0,18:32,0.1,0.0,1.0,1.0,0.0,0.0,5.0,3.0,902
364,65.0,22:51,0.2,0.4,3.0,5.0,0.0,1.0,12.0,-16.0,914
364,66.0,26:59,0.364,0.28600000000000003,3.0,1.0,2.0,1.0,18.0,0.0,926
364,67.0,15:16,0.28600000000000003,0.5,6.0,2.0,1.0,0.0,5.0,5.0,949
364,68.0,31:58,0.647,0.778,4.0,7.0,2.0,1.0,30.0,35.0,970
364,69.0,30:42,0.33299999999999996,0.0,1.0,2.0,0.0,0.0,14.0,-9.0,984
364,70.0,22:45,0.444,0.0,1.0,3.0,0.0,2.0,12.0,-3.0,994
364,71.0,16:52,0.33299999999999996,0.0,3.0,2.0,0.0,0.0,7.0,2.0,1008
364,72.0,19:33,0.25,0.0,2.0,2.0,0.0,0.0,5.0,-2.0,1039
364,73.0,30:58,0.733,0.875,3.0,4.0,1.0,0.0,31.0,7.0,1051
364,74.0,32:10,0.35700000000000004,0.0,3.0,1.0,1.0,0.0,17.0,-5.0,1068
364,75.0,29:02,0.313,0.0,3.0,3.0,1.0,0.0,14.0,4.0,1085
364,76.0,33:51,0.41700000000000004,0.0,7.0,2.0,1.0,0.0,15.0,-7.0,1096
364,77.0,29:36,0.5,0.28600000000000003,4.0,2.0,0.0,0.0,23.0,6.0,1113
364,78.0,30:00,0.111,0.25,7.0,3.0,0.0,0.0,9.0,7.0,1129
364,79.0,21:47,0.5,0.25,2.0,0.0,0.0,0.0,15.0,-7.0,1143
364,80.0,31:14,0.35700000000000004,0.125,4.0,2.0,0.0,1.0,18.0,13.0,1161
364,no play,,,,,,,,,,1171
364,81.0,24:55,0.091,0.14300000000000002,5.0,4.0,1.0,0.0,7.0,-24.0,1185
