Player_ID,G,MP,FG%,3P%,TRB,AST,STL,BLK,PTS,+/-,Game_ID
152,1.0,21:25,0.33299999999999996,0.0,6.0,5.0,0.0,0.0,8.0,0.0,4
152,2.0,12:50,0.0,0.0,1.0,0.0,1.0,0.0,2.0,-11.0,27
152,3.0,17:03,0.429,0.0,2.0,1.0,1.0,0.0,6.0,-9.0,34
152,4.0,23:44,0.6,0.5,2.0,4.0,4.0,0.0,14.0,9.0,47
152,5.0,24:13,0.6,0.667,2.0,4.0,3.0,1.0,12.0,17.0,62
152,6.0,26:58,0.16699999999999998,0.0,5.0,6.0,0.0,0.0,3.0,5.0,81
152,7.0,19:51,0.28600000000000003,0.0,1.0,0.0,2.0,0.0,7.0,10.0,86
152,8.0,22:23,0.667,,3.0,3.0,1.0,0.0,10.0,0.0,113
152,9.0,22:21,0.556,0.667,1.0,3.0,0.0,0.0,12.0,0.0,133
152,10.0,21:08,0.33299999999999996,0.0,2.0,3.0,0.0,0.0,4.0,-4.0,159
152,11.0,16:31,0.0,0.0,4.0,1.0,0.0,0.0,0.0,-4.0,166
152,12.0,14:22,0.33299999999999996,0.5,4.0,1.0,0.0,0.0,5.0,-2.0,187
152,13.0,21:29,0.16699999999999998,0.0,2.0,3.0,1.0,0.0,5.0,6.0,200
152,14.0,18:39,0.6,1.0,0.0,1.0,0.0,0.0,8.0,-1.0,243
152,15.0,20:18,0.5,0.667,3.0,2.0,1.0,0.0,12.0,2.0,259
152,16.0,22:43,0.8,1.0,1.0,3.0,1.0,0.0,10.0,0.0,273
152,17.0,26:25,0.5710000000000001,0.75,4.0,4.0,0.0,0.0,13.0,13.0,287
152,18.0,20:43,0.25,0.0,2.0,4.0,0.0,0.0,5.0,-4.0,301
152,19.0,16:24,0.16699999999999998,0.0,0.0,5.0,0.0,0.0,2.0,-6.0,319
152,20.0,24:06,0.667,1.0,1.0,3.0,2.0,1.0,13.0,7.0,1196
152,21.0,28:26,0.5,0.667,2.0,4.0,2.0,0.0,12.0,6.0,340
152,22.0,20:10,0.5710000000000001,1.0,1.0,2.0,1.0,0.0,11.0,5.0,346
152,23.0,22:58,0.16699999999999998,0.0,2.0,2.0,3.0,0.0,4.0,-19.0,362
152,24.0,21:05,0.5,0.0,2.0,7.0,0.0,0.0,5.0,-3.0,384
152,25.0,26:44,0.375,0.25,2.0,1.0,0.0,0.0,7.0,14.0,393
152,26.0,19:23,0.5,0.0,1.0,5.0,1.0,0.0,6.0,-11.0,423
152,27.0,27:28,0.5710000000000001,0.5,5.0,7.0,3.0,0.0,11.0,2.0,429
152,28.0,29:16,1.0,1.0,3.0,7.0,2.0,0.0,17.0,26.0,447
152,29.0,23:07,1.0,,1.0,1.0,1.0,0.0,6.0,-1.0,466
152,30.0,28:17,0.667,0.0,1.0,8.0,1.0,0.0,8.0,20.0,484
152,31.0,32:46,0.5,0.5,4.0,4.0,1.0,0.0,11.0,-7.0,502
152,32.0,38:59,0.5379999999999999,0.5,10.0,12.0,0.0,0.0,15.0,22.0,508
152,33.0,32:20,0.25,0.25,2.0,5.0,0.0,0.0,12.0,-5.0,518
152,34.0,38:26,0.35700000000000004,0.0,6.0,8.0,0.0,0.0,12.0,3.0,536
152,35.0,30:35,0.444,0.0,6.0,5.0,0.0,0.0,10.0,-12.0,553
152,36.0,35:55,0.6,0.5,1.0,5.0,3.0,1.0,22.0,-5.0,565
152,37.0,25:22,0.455,0.6,6.0,6.0,0.0,1.0,17.0,6.0,580
152,38.0,30:17,0.5,0.5,6.0,5.0,2.0,0.0,13.0,8.0,599
152,39.0,25:43,0.5,0.667,0.0,0.0,2.0,1.0,12.0,-2.0,613
152,40.0,28:06,0.455,0.5,2.0,6.0,2.0,0.0,11.0,-1.0,620
152,41.0,34:57,0.25,0.25,9.0,8.0,1.0,0.0,7.0,-18.0,637
152,42.0,35:18,0.545,0.667,2.0,4.0,1.0,0.0,16.0,9.0,648
152,43.0,30:20,0.1,0.0,2.0,2.0,1.0,0.0,4.0,-13.0,660
152,44.0,30:04,0.25,0.0,2.0,9.0,4.0,0.0,6.0,3.0,675
152,45.0,25:45,0.429,0.5,2.0,7.0,2.0,0.0,10.0,14.0,689
152,46.0,24:45,0.4,,2.0,3.0,0.0,0.0,4.0,-8.0,702
152,47.0,32:24,0.33299999999999996,0.0,2.0,5.0,0.0,0.0,11.0,2.0,711
152,48.0,30:53,0.5,1.0,3.0,4.0,3.0,0.0,10.0,0.0,744
152,49.0,23:52,0.429,0.0,1.0,2.0,2.0,1.0,7.0,-11.0,758
152,50.0,25:35,0.625,1.0,5.0,8.0,3.0,1.0,13.0,25.0,767
152,51.0,32:59,0.28600000000000003,0.0,2.0,6.0,3.0,0.0,6.0,1.0,793
152,52.0,26:51,0.727,0.33299999999999996,2.0,3.0,1.0,0.0,18.0,11.0,808
152,53.0,36:10,0.35700000000000004,0.33299999999999996,3.0,3.0,0.0,0.0,17.0,24.0,815
152,54.0,20:43,0.33299999999999996,,1.0,5.0,1.0,0.0,7.0,2.0,830
152,55.0,15:56,0.33299999999999996,1.0,2.0,4.0,1.0,0.0,8.0,8.0,844
152,56.0,22:24,0.33299999999999996,0.33299999999999996,1.0,4.0,0.0,0.0,8.0,-6.0,1236
152,57.0,23:50,0.667,0.33299999999999996,0.0,7.0,2.0,0.0,15.0,5.0,1251
152,58.0,31:13,0.5329999999999999,0.429,3.0,5.0,1.0,0.0,20.0,0.0,1260
152,59.0,33:54,0.43799999999999994,0.667,2.0,3.0,3.0,0.0,17.0,-9.0,860
152,60.0,23:37,0.5,0.8,3.0,0.0,0.0,0.0,12.0,-11.0,874
152,61.0,41:32,0.462,0.0,5.0,3.0,0.0,0.0,17.0,7.0,881
152,62.0,20:49,0.857,1.0,5.0,1.0,1.0,1.0,13.0,10.0,895
152,63.0,22:19,0.125,0.0,1.0,3.0,1.0,0.0,4.0,-7.0,912
152,no play,,,,,,,,,,927
152,no play,,,,,,,,,,938
152,64.0,32:23,0.5,0.6,2.0,8.0,1.0,1.0,15.0,-7.0,953
152,65.0,25:41,0.5,0.33299999999999996,2.0,5.0,1.0,0.0,11.0,-9.0,973
152,66.0,31:35,0.28600000000000003,0.0,5.0,2.0,2.0,0.0,6.0,-9.0,987
152,67.0,40:33,0.462,0.33299999999999996,4.0,3.0,1.0,1.0,18.0,-15.0,995
152,68.0,25:53,0.667,0.0,7.0,4.0,1.0,0.0,8.0,0.0,1017
152,69.0,29:15,0.625,0.5,1.0,4.0,1.0,0.0,12.0,11.0,1025
152,70.0,35:19,0.429,0.25,3.0,7.0,0.0,0.0,14.0,-8.0,1038
152,71.0,30:13,0.41700000000000004,0.0,4.0,4.0,2.0,0.0,14.0,-11.0,1050
152,72.0,29:06,0.857,1.0,3.0,10.0,1.0,0.0,14.0,12.0,1063
152,73.0,28:43,0.583,0.0,4.0,9.0,1.0,1.0,16.0,-10.0,1073
152,no play,,,,,,,,,,1090
152,no play,,,,,,,,,,1105
152,no play,,,,,,,,,,1120
152,no play,,,,,,,,,,1136
152,no play,,,,,,,,,,1152
152,74.0,25:16,0.33299999999999996,0.33299999999999996,4.0,3.0,0.0,0.0,5.0,19.0,1168
152,75.0,23:19,0.5,0.5,5.0,3.0,1.0,1.0,11.0,1.0,1180
