Player_ID,G,MP,FG%,3P%,TRB,AST,STL,BLK,PTS,+/-,Game_ID
457,1.0,32:27,0.41200000000000003,0.33299999999999996,3.0,2.0,0.0,4.0,18.0,4.0,5
457,2.0,30:55,0.33299999999999996,0.25,6.0,3.0,0.0,1.0,20.0,-10.0,24
457,3.0,29:01,0.429,0.667,10.0,1.0,1.0,1.0,20.0,22.0,37
457,no play,,,,,,,,,,48
457,4.0,38:27,0.16699999999999998,0.2,11.0,6.0,2.0,3.0,8.0,12.0,56
457,5.0,37:12,0.389,0.25,10.0,4.0,1.0,2.0,21.0,-4.0,70
457,6.0,27:45,0.5,0.5,3.0,2.0,1.0,0.0,21.0,-9.0,84
457,7.0,30:20,0.643,0.0,2.0,6.0,0.0,1.0,19.0,-6.0,98
457,8.0,34:11,0.462,0.25,5.0,6.0,0.0,2.0,18.0,0.0,133
457,9.0,32:30,0.529,0.33299999999999996,5.0,0.0,1.0,0.0,22.0,-1.0,147
457,10.0,37:17,0.47600000000000003,0.8,6.0,6.0,1.0,0.0,26.0,-2.0,163
457,11.0,24:17,0.41700000000000004,1.0,3.0,3.0,0.0,0.0,11.0,18.0,176
457,12.0,35:28,0.16699999999999998,0.0,7.0,3.0,1.0,2.0,6.0,12.0,186
457,13.0,34:24,0.35700000000000004,0.667,9.0,9.0,1.0,3.0,13.0,18.0,197
457,14.0,45:26,0.5,0.4,4.0,4.0,3.0,3.0,27.0,15.0,208
457,15.0,26:04,0.364,0.0,1.0,2.0,0.0,5.0,9.0,-12.0,244
457,16.0,34:48,0.688,0.5,3.0,6.0,0.0,0.0,28.0,6.0,254
457,17.0,32:22,0.5329999999999999,0.5,8.0,1.0,1.0,0.0,19.0,-15.0,268
457,18.0,34:33,0.5,0.5,8.0,3.0,0.0,0.0,18.0,-2.0,278
457,19.0,32:21,0.5710000000000001,0.667,2.0,3.0,1.0,5.0,25.0,8.0,288
457,20.0,34:25,0.5,0.33299999999999996,3.0,8.0,3.0,1.0,19.0,6.0,305
457,21.0,45:41,0.44,0.5,11.0,10.0,3.0,2.0,28.0,9.0,320
457,22.0,34:05,0.529,0.0,12.0,3.0,1.0,2.0,26.0,8.0,328
457,23.0,34:28,0.542,0.667,9.0,2.0,0.0,0.0,36.0,9.0,333
457,24.0,31:37,0.5,0.33299999999999996,8.0,6.0,1.0,1.0,19.0,24.0,351
457,no play,,,,,,,,,,368
457,25.0,28:31,0.667,1.0,11.0,3.0,1.0,0.0,17.0,13.0,379
457,26.0,36:26,0.33299999999999996,0.0,5.0,4.0,0.0,2.0,20.0,1.0,394
457,27.0,36:13,0.182,0.0,7.0,4.0,1.0,0.0,8.0,-18.0,408
457,28.0,37:07,0.364,0.75,7.0,6.0,1.0,0.0,24.0,-9.0,424
457,29.0,37:01,0.8240000000000001,0.667,5.0,4.0,2.0,2.0,38.0,8.0,431
457,30.0,34:05,0.35700000000000004,0.0,5.0,4.0,1.0,2.0,16.0,-12.0,448
457,31.0,27:51,0.444,0.0,4.0,3.0,2.0,0.0,11.0,-18.0,467
457,32.0,38:21,0.45,0.5,4.0,9.0,2.0,3.0,26.0,-7.0,477
457,33.0,33:08,0.45,0.0,8.0,2.0,1.0,5.0,25.0,6.0,492
457,34.0,20:53,0.0,0.0,2.0,2.0,0.0,0.0,2.0,-3.0,507
457,35.0,35:03,0.5329999999999999,0.0,6.0,7.0,1.0,0.0,22.0,-14.0,533
457,36.0,36:12,0.563,0.5,4.0,6.0,2.0,1.0,23.0,-18.0,538
457,37.0,40:31,0.5,0.0,5.0,3.0,1.0,0.0,23.0,9.0,555
457,38.0,33:48,0.389,0.0,4.0,1.0,3.0,0.0,17.0,-5.0,568
457,39.0,36:04,0.33299999999999996,0.0,7.0,7.0,2.0,3.0,9.0,-4.0,586
457,40.0,34:06,0.667,0.5,6.0,6.0,1.0,1.0,14.0,-5.0,600
457,41.0,39:53,0.47600000000000003,0.4,11.0,3.0,1.0,1.0,24.0,5.0,616
457,42.0,39:18,0.563,0.0,2.0,7.0,0.0,1.0,28.0,-6.0,633
457,43.0,33:19,0.474,0.5,9.0,4.0,1.0,0.0,28.0,14.0,649
457,44.0,36:31,0.6,0.4,5.0,1.0,1.0,3.0,32.0,-10.0,661
457,45.0,38:23,0.56,0.5,7.0,2.0,1.0,2.0,42.0,9.0,690
457,46.0,39:45,0.5710000000000001,0.4,8.0,5.0,0.0,4.0,32.0,-2.0,708
457,47.0,36:41,0.583,0.8,4.0,5.0,0.0,1.0,18.0,0.0,713
457,48.0,28:56,0.5,0.5,7.0,3.0,1.0,2.0,18.0,11.0,729
457,49.0,24:13,0.6,0.75,5.0,3.0,0.0,1.0,24.0,8.0,743
457,50.0,41:32,0.583,0.0,4.0,8.0,2.0,1.0,31.0,-8.0,756
457,no play,,,,,,,,,,769
457,51.0,33:30,0.33299999999999996,0.0,8.0,1.0,0.0,1.0,15.0,14.0,783
457,52.0,34:42,0.545,0.5,7.0,3.0,0.0,0.0,19.0,22.0,794
457,53.0,36:01,0.28600000000000003,0.2,6.0,7.0,1.0,1.0,17.0,-12.0,809
457,54.0,36:51,0.353,0.0,10.0,8.0,1.0,1.0,19.0,5.0,828
457,55.0,36:21,0.353,0.0,12.0,9.0,1.0,1.0,15.0,11.0,846
457,56.0,31:58,0.33299999999999996,0.0,4.0,4.0,0.0,1.0,12.0,-16.0,1233
457,57.0,38:00,0.529,0.5,5.0,6.0,0.0,1.0,23.0,-6.0,1252
457,58.0,31:07,0.625,1.0,7.0,5.0,1.0,1.0,28.0,-1.0,1268
457,59.0,36:12,0.33299999999999996,0.0,6.0,4.0,0.0,0.0,13.0,-10.0,875
457,60.0,36:10,0.43799999999999994,0.0,4.0,7.0,2.0,4.0,17.0,-17.0,885
457,61.0,33:46,0.364,0.5,6.0,4.0,0.0,2.0,18.0,-16.0,900
457,62.0,33:25,0.5,0.25,5.0,5.0,1.0,1.0,20.0,-13.0,921
457,63.0,27:29,0.273,0.33299999999999996,6.0,2.0,1.0,0.0,8.0,-11.0,941
457,64.0,36:38,0.462,0.0,7.0,7.0,2.0,0.0,13.0,13.0,953
457,65.0,37:20,0.47600000000000003,0.5,6.0,7.0,0.0,1.0,27.0,8.0,969
457,66.0,35:55,0.43799999999999994,0.4,10.0,10.0,0.0,0.0,18.0,21.0,977
457,67.0,39:09,0.429,0.33299999999999996,5.0,7.0,0.0,0.0,16.0,9.0,993
457,68.0,37:08,0.385,0.0,8.0,4.0,2.0,0.0,10.0,-11.0,1014
457,69.0,39:29,0.4,0.5,10.0,3.0,0.0,1.0,13.0,-2.0,1030
457,no play,,,,,,,,,,1054
457,no play,,,,,,,,,,1061
457,no play,,,,,,,,,,1076
457,no play,,,,,,,,,,1091
457,no play,,,,,,,,,,1104
457,70.0,30:01,0.455,0.33299999999999996,6.0,7.0,1.0,0.0,11.0,-4.0,1122
457,71.0,33:05,0.5,0.6,5.0,5.0,2.0,4.0,23.0,4.0,1128
457,72.0,34:16,0.308,0.5,10.0,3.0,0.0,3.0,16.0,8.0,1142
457,73.0,24:20,0.556,0.5,2.0,5.0,2.0,1.0,13.0,1.0,1162
457,74.0,24:16,0.385,0.5,8.0,4.0,0.0,2.0,13.0,9.0,1184
