Player_ID,G,MP,FG%,3P%,TRB,AST,STL,BLK,PTS,+/-,Game_ID
225,1.0,14:10,0.2,,3.0,2.0,0.0,0.0,3.0,-7.0,0
225,2.0,24:22,0.33299999999999996,0.28600000000000003,2.0,1.0,2.0,0.0,13.0,-11.0,16
225,3.0,10:20,0.25,0.33299999999999996,4.0,0.0,0.0,1.0,3.0,-1.0,25
225,4.0,12:11,0.25,0.0,1.0,1.0,0.0,0.0,2.0,-17.0,44
225,5.0,11:30,0.0,0.0,3.0,0.0,0.0,0.0,0.0,8.0,61
225,6.0,25:44,0.444,0.0,2.0,2.0,1.0,0.0,9.0,14.0,77
225,7.0,21:25,0.308,0.16699999999999998,3.0,2.0,0.0,1.0,9.0,-27.0,92
225,8.0,14:28,0.5,0.25,1.0,0.0,1.0,0.0,11.0,-2.0,105
225,no play,,,,,,,,,,120
225,no play,,,,,,,,,,137
225,9.0,5:15,0.0,0.0,1.0,1.0,0.0,0.0,0.0,2.0,141
225,no play,,,,,,,,,,155
225,no play,,,,,,,,,,183
225,no play,,,,,,,,,,200
225,10.0,4:08,0.0,0.0,0.0,0.0,0.0,0.0,1.0,-1.0,210
225,11.0,8:49,0.5,,1.0,0.0,0.0,0.0,2.0,-1.0,237
225,no play,,,,,,,,,,259
225,12.0,1:27,,,0.0,0.0,0.0,0.0,0.0,-3.0,275
225,no play,,,,,,,,,,288
225,13.0,3:16,0.0,,0.0,0.0,0.0,0.0,0.0,-6.0,292
225,no play,,,,,,,,,,310
225,no play,,,,,,,,,,325
225,14.0,4:51,0.5,,0.0,0.0,0.0,0.0,2.0,-8.0,1193
225,15.0,8:28,0.33299999999999996,0.5,2.0,1.0,0.0,0.0,3.0,3.0,337
225,16.0,6:31,1.0,,0.0,0.0,1.0,0.0,2.0,-8.0,347
225,17.0,1:30,,,0.0,0.0,0.0,0.0,0.0,-4.0,369
225,no play,,,,,,,,,,376
225,no play,,,,,,,,,,390
225,18.0,6:48,0.667,,1.0,0.0,1.0,0.0,5.0,-1.0,410
225,no play,,,,,,,,,,422
225,19.0,1:09,,,0.0,0.0,0.0,0.0,0.0,0.0,439
225,20.0,1:41,,,0.0,0.0,0.0,0.0,0.0,-2.0,443
225,21.0,4:31,0.0,0.0,1.0,0.0,0.0,0.0,0.0,-9.0,467
225,22.0,12:00,0.667,0.5,2.0,1.0,0.0,1.0,10.0,10.0,482
225,23.0,4:24,0.5,1.0,0.0,0.0,0.0,1.0,5.0,7.0,515
225,24.0,1:50,,,0.0,0.0,1.0,0.0,0.0,-5.0,521
225,25.0,2:14,0.5,0.5,0.0,0.0,0.0,0.0,3.0,-2.0,535
225,no play,,,,,,,,,,550
225,26.0,0:53,0.0,,2.0,0.0,0.0,0.0,2.0,0.0,572
225,27.0,12:26,0.0,0.0,0.0,2.0,0.0,0.0,0.0,-4.0,589
225,28.0,7:06,0.5,1.0,1.0,0.0,0.0,0.0,3.0,-7.0,603
225,29.0,4:13,1.0,1.0,0.0,0.0,0.0,0.0,3.0,-14.0,610
225,30.0,20:39,0.25,0.5,2.0,2.0,0.0,0.0,3.0,4.0,622
225,31.0,17:57,0.6,1.0,5.0,1.0,0.0,0.0,8.0,-14.0,636
225,32.0,13:08,0.2,0.33299999999999996,3.0,0.0,0.0,1.0,3.0,11.0,648
225,33.0,21:24,0.273,0.14300000000000002,5.0,0.0,2.0,0.0,7.0,3.0,666
225,34.0,13:09,0.33299999999999996,0.5,4.0,2.0,1.0,0.0,3.0,8.0,682
225,35.0,22:32,0.33299999999999996,0.25,3.0,5.0,0.0,1.0,7.0,-9.0,701
225,no play,,,,,,,,,,720
225,no play,,,,,,,,,,726
225,no play,,,,,,,,,,736
225,no play,,,,,,,,,,752
225,36.0,12:00,0.33299999999999996,0.0,3.0,0.0,0.0,0.0,4.0,-1.0,762
225,37.0,14:34,0.5,0.5,2.0,0.0,1.0,0.0,7.0,-7.0,786
225,38.0,18:11,0.25,0.5,4.0,3.0,0.0,0.0,3.0,0.0,801
225,39.0,34:52,0.273,0.16699999999999998,6.0,2.0,2.0,1.0,7.0,-10.0,819
225,40.0,16:06,0.667,1.0,1.0,1.0,1.0,0.0,11.0,-4.0,829
225,41.0,24:42,0.4,0.0,1.0,1.0,1.0,1.0,8.0,-19.0,840
225,42.0,25:13,0.8,1.0,1.0,2.0,1.0,0.0,10.0,8.0,
225,43.0,22:55,0.33299999999999996,0.0,4.0,2.0,0.0,0.0,4.0,-14.0,1243
225,44.0,20:57,0.5,,4.0,0.0,0.0,0.0,2.0,1.0,856
225,45.0,16:02,0.33299999999999996,0.0,3.0,1.0,0.0,0.0,8.0,-10.0,872
225,46.0,16:32,0.444,0.6,2.0,1.0,1.0,0.0,12.0,1.0,891
225,47.0,15:23,0.5,0.0,3.0,0.0,1.0,1.0,8.0,-12.0,896
225,48.0,19:22,0.14300000000000002,0.0,5.0,1.0,0.0,0.0,2.0,-2.0,909
225,49.0,22:29,0.3,0.16699999999999998,4.0,0.0,0.0,0.0,11.0,-24.0,925
225,50.0,14:37,0.4,0.33299999999999996,2.0,0.0,0.0,0.0,7.0,-6.0,937
225,51.0,18:39,0.5710000000000001,1.0,3.0,1.0,1.0,0.0,9.0,0.0,957
225,52.0,23:39,0.3,0.0,4.0,2.0,1.0,1.0,6.0,-7.0,979
225,53.0,16:09,0.2,0.0,2.0,1.0,2.0,0.0,3.0,3.0,986
225,54.0,19:18,0.0,0.0,2.0,1.0,2.0,0.0,0.0,-5.0,1005
225,55.0,23:06,0.25,0.4,7.0,2.0,0.0,0.0,8.0,-2.0,1019
225,56.0,27:38,0.33299999999999996,0.0,4.0,6.0,0.0,0.0,6.0,17.0,1034
225,57.0,22:52,0.1,0.2,2.0,1.0,0.0,0.0,3.0,-15.0,1057
225,58.0,18:17,0.4,0.0,5.0,2.0,0.0,1.0,4.0,-1.0,1072
225,59.0,17:28,0.5,0.0,1.0,1.0,0.0,0.0,4.0,-11.0,1089
225,60.0,17:04,0.0,0.0,1.0,3.0,1.0,0.0,0.0,-23.0,1099
225,61.0,22:09,0.375,0.33299999999999996,2.0,1.0,1.0,1.0,13.0,1.0,1117
225,62.0,21:51,0.75,1.0,4.0,1.0,0.0,3.0,11.0,-8.0,1135
225,63.0,16:54,0.5710000000000001,0.33299999999999996,1.0,1.0,0.0,0.0,9.0,-18.0,1151
225,64.0,31:35,0.222,0.33299999999999996,0.0,1.0,2.0,0.0,7.0,-26.0,1167
225,65.0,23:11,0.429,0.667,11.0,1.0,2.0,0.0,8.0,-1.0,1178
