Player_ID,G,MP,FG%,3P%,TRB,AST,STL,BLK,PTS,+/-,Game_ID
241,1.0,27:39,0.5,0.667,4.0,2.0,2.0,1.0,22.0,-7.0,10
241,2.0,35:31,0.625,0.5,7.0,1.0,2.0,1.0,11.0,-1.0,37
241,3.0,36:08,0.28600000000000003,0.5,3.0,2.0,1.0,0.0,6.0,-12.0,51
241,4.0,32:40,0.385,0.33299999999999996,9.0,1.0,3.0,1.0,18.0,15.0,66
241,5.0,38:27,0.313,0.25,7.0,3.0,0.0,2.0,18.0,-6.0,77
241,6.0,33:05,0.214,0.5,9.0,0.0,1.0,0.0,7.0,-11.0,90
241,7.0,16:47,0.33299999999999996,1.0,6.0,1.0,1.0,0.0,5.0,21.0,103
241,8.0,33:10,0.429,0.33299999999999996,5.0,1.0,1.0,1.0,20.0,-10.0,118
241,9.0,43:56,0.474,0.0,15.0,2.0,0.0,3.0,24.0,-1.0,129
241,10.0,30:55,0.467,0.6,4.0,0.0,1.0,0.0,19.0,13.0,154
241,11.0,34:45,0.364,0.0,8.0,2.0,1.0,0.0,8.0,5.0,165
241,12.0,9:25,0.75,0.0,0.0,0.0,0.0,0.0,6.0,-7.0,182
241,13.0,26:22,0.25,0.0,5.0,1.0,2.0,0.0,5.0,7.0,196
241,14.0,32:17,0.5,0.0,3.0,2.0,3.0,1.0,11.0,11.0,237
241,15.0,17:45,0.444,0.667,1.0,1.0,1.0,0.0,12.0,0.0,251
241,16.0,44:16,0.16699999999999998,0.0,5.0,4.0,1.0,0.0,8.0,1.0,264
241,17.0,36:42,0.43799999999999994,0.0,7.0,2.0,1.0,1.0,19.0,-17.0,280
241,18.0,38:09,0.5710000000000001,,4.0,3.0,0.0,1.0,12.0,10.0,299
241,19.0,32:52,0.556,0.0,5.0,1.0,4.0,0.0,16.0,16.0,316
241,20.0,33:06,0.3,0.0,7.0,1.0,0.0,1.0,10.0,-5.0,325
241,21.0,33:13,0.41700000000000004,,3.0,4.0,0.0,0.0,15.0,-5.0,332
241,22.0,34:23,0.41700000000000004,0.0,9.0,3.0,3.0,1.0,15.0,1.0,346
241,23.0,37:05,0.4,0.33299999999999996,5.0,3.0,0.0,0.0,10.0,-6.0,363
241,no play,,,,,,,,,,375
241,24.0,18:23,0.556,0.5,3.0,4.0,1.0,1.0,11.0,10.0,389
241,25.0,32:41,0.588,0.5,9.0,3.0,3.0,1.0,23.0,16.0,406
241,26.0,27:10,0.222,0.0,6.0,1.0,1.0,1.0,6.0,6.0,413
241,27.0,39:19,0.33299999999999996,,12.0,2.0,0.0,0.0,8.0,18.0,432
241,28.0,26:27,0.5,0.5,3.0,0.0,0.0,0.0,14.0,-15.0,447
241,29.0,37:34,0.636,0.5,3.0,0.0,2.0,2.0,18.0,4.0,466
241,30.0,25:58,0.364,0.0,7.0,1.0,1.0,0.0,10.0,-7.0,481
241,31.0,21:00,0.625,0.0,6.0,0.0,1.0,0.0,10.0,6.0,498
241,32.0,32:45,0.455,0.0,8.0,3.0,0.0,1.0,12.0,4.0,523
241,33.0,25:38,0.5,0.5,5.0,0.0,0.0,0.0,13.0,-12.0,529
241,34.0,35:56,0.462,0.33299999999999996,6.0,1.0,0.0,0.0,15.0,7.0,549
241,35.0,37:44,0.6,0.33299999999999996,10.0,1.0,3.0,0.0,20.0,1.0,565
241,36.0,21:39,0.667,1.0,5.0,2.0,3.0,0.0,19.0,-1.0,576
241,37.0,38:11,0.28600000000000003,0.16699999999999998,9.0,4.0,2.0,0.0,14.0,-5.0,588
241,38.0,30:15,0.6,1.0,9.0,1.0,0.0,0.0,14.0,15.0,609
241,39.0,33:26,0.667,0.5,13.0,5.0,2.0,2.0,17.0,26.0,619
241,40.0,34:01,0.375,0.0,12.0,2.0,1.0,1.0,17.0,13.0,633
241,41.0,35:24,0.545,0.667,6.0,4.0,0.0,2.0,14.0,-12.0,643
241,42.0,38:28,0.41200000000000003,0.4,9.0,2.0,2.0,1.0,19.0,8.0,656
241,43.0,40:31,0.615,0.5,8.0,2.0,0.0,0.0,23.0,8.0,670
241,44.0,33:54,0.429,0.25,11.0,4.0,0.0,2.0,19.0,4.0,681
241,45.0,24:46,0.364,0.5,9.0,1.0,2.0,1.0,15.0,20.0,706
241,46.0,37:10,0.45,1.0,8.0,1.0,0.0,0.0,21.0,22.0,719
241,47.0,34:04,0.643,0.4,10.0,2.0,0.0,0.0,24.0,13.0,730
241,48.0,35:11,0.214,0.0,10.0,2.0,3.0,2.0,12.0,5.0,748
241,49.0,37:47,0.375,0.33299999999999996,4.0,0.0,1.0,0.0,18.0,18.0,761
241,50.0,30:06,0.5,0.0,6.0,2.0,1.0,0.0,15.0,0.0,775
241,no play,,,,,,,,,,790
241,51.0,31:08,0.611,0.5,10.0,3.0,1.0,0.0,26.0,16.0,811
241,52.0,32:10,0.5710000000000001,1.0,6.0,1.0,2.0,0.0,23.0,36.0,831
241,53.0,32:14,0.667,0.75,7.0,2.0,2.0,0.0,21.0,20.0,854
241,54.0,27:27,0.6,,7.0,0.0,1.0,0.0,14.0,2.0,1232
241,55.0,29:26,0.273,0.0,4.0,1.0,3.0,0.0,7.0,-23.0,1253
241,56.0,32:34,0.47100000000000003,0.4,6.0,1.0,2.0,4.0,22.0,7.0,1265
241,57.0,33:19,0.429,0.33299999999999996,8.0,5.0,0.0,0.0,13.0,0.0,857
241,58.0,37:15,0.308,0.33299999999999996,8.0,5.0,1.0,1.0,11.0,6.0,871
241,59.0,31:26,0.33299999999999996,0.0,2.0,2.0,2.0,1.0,8.0,-7.0,891
241,60.0,25:10,0.2,,2.0,1.0,1.0,0.0,6.0,-23.0,908
241,61.0,26:27,1.0,1.0,6.0,2.0,0.0,0.0,11.0,17.0,918
241,62.0,25:44,0.444,0.0,6.0,2.0,0.0,0.0,10.0,-6.0,932
241,63.0,42:46,0.5,,11.0,3.0,2.0,2.0,13.0,10.0,943
241,64.0,33:14,0.556,0.0,7.0,0.0,2.0,0.0,11.0,-18.0,955
241,65.0,31:48,0.33299999999999996,0.0,7.0,3.0,1.0,0.0,5.0,4.0,964
241,no play,,,,,,,,,,981
241,no play,,,,,,,,,,990
241,66.0,30:33,0.4,0.16699999999999998,4.0,0.0,0.0,0.0,14.0,-17.0,1007
241,67.0,32:36,0.5,0.0,7.0,2.0,1.0,1.0,13.0,-8.0,1023
241,68.0,20:00,0.4,1.0,0.0,1.0,1.0,1.0,5.0,-8.0,1032
241,69.0,36:08,0.41700000000000004,0.0,6.0,0.0,0.0,1.0,14.0,6.0,1043
241,70.0,27:11,0.444,0.0,6.0,0.0,1.0,0.0,8.0,14.0,1070
241,71.0,14:53,0.667,0.667,4.0,0.0,0.0,0.0,14.0,-13.0,1079
241,72.0,34:15,0.154,0.0,7.0,0.0,0.0,0.0,8.0,-9.0,1095
241,73.0,23:30,0.545,0.5,5.0,1.0,1.0,0.0,13.0,-11.0,1112
241,74.0,21:32,0.667,0.667,6.0,0.0,0.0,0.0,14.0,7.0,1116
241,no play,,,,,,,,,,1137
241,75.0,30:10,0.6920000000000001,0.75,5.0,0.0,1.0,0.0,21.0,0.0,1153
241,76.0,27:18,0.563,0.5,8.0,1.0,0.0,0.0,20.0,1.0,1169
241,no play,,,,,,,,,,1182
