Player_ID,G,MP,FG%,3P%,TRB,AST,STL,BLK,PTS,+/-,Game_ID
385,1.0,22:12,0.429,,4.0,2.0,0.0,1.0,7.0,-10.0,8
385,2.0,10:53,0.6,0.0,4.0,0.0,1.0,1.0,7.0,-8.0,17
385,3.0,13:52,0.5,1.0,4.0,0.0,2.0,0.0,7.0,1.0,32
385,4.0,17:33,0.5,0.0,2.0,1.0,1.0,0.0,9.0,4.0,41
385,5.0,15:34,0.4,0.0,4.0,1.0,0.0,0.0,5.0,0.0,59
385,6.0,10:23,0.33299999999999996,,2.0,1.0,1.0,0.0,2.0,-4.0,71
385,7.0,1:26,,,0.0,0.0,0.0,0.0,0.0,-4.0,88
385,8.0,20:22,0.429,0.0,4.0,0.0,0.0,1.0,7.0,-23.0,99
385,9.0,14:09,0.0,0.0,5.0,1.0,0.0,0.0,0.0,-2.0,109
385,10.0,18:29,0.467,0.5,5.0,0.0,1.0,0.0,16.0,0.0,135
385,11.0,15:49,0.5,0.0,6.0,1.0,0.0,0.0,4.0,-10.0,139
385,12.0,11:58,1.0,,1.0,0.0,0.0,0.0,2.0,-3.0,162
385,13.0,16:03,0.429,0.0,1.0,0.0,0.0,3.0,7.0,-5.0,171
385,14.0,20:11,0.28600000000000003,0.4,2.0,1.0,0.0,0.0,6.0,5.0,185
385,15.0,15:36,0.375,0.5,3.0,0.0,0.0,1.0,7.0,-2.0,196
385,16.0,17:11,0.75,1.0,3.0,0.0,1.0,1.0,10.0,-2.0,210
385,17.0,23:24,0.364,0.0,2.0,2.0,2.0,1.0,9.0,-4.0,247
385,18.0,10:02,0.5,,0.0,0.0,0.0,1.0,2.0,-15.0,257
385,19.0,13:09,0.5,0.33299999999999996,2.0,0.0,1.0,0.0,7.0,-10.0,284
385,20.0,24:54,0.375,0.25,4.0,1.0,0.0,1.0,11.0,-1.0,309
385,21.0,17:21,0.429,0.0,4.0,0.0,0.0,0.0,6.0,-7.0,330
385,22.0,19:08,0.5,0.5,3.0,0.0,2.0,0.0,10.0,1.0,1200
385,23.0,7:52,0.6,0.33299999999999996,1.0,0.0,0.0,0.0,7.0,-1.0,344
385,24.0,17:22,0.2,0.0,5.0,1.0,0.0,0.0,5.0,17.0,359
385,25.0,31:23,0.41700000000000004,0.33299999999999996,12.0,0.0,1.0,1.0,14.0,-1.0,372
385,26.0,30:52,0.444,0.5,2.0,0.0,1.0,1.0,10.0,-15.0,387
385,27.0,23:55,0.273,0.5,8.0,1.0,0.0,1.0,8.0,0.0,399
385,28.0,16:36,0.33299999999999996,0.5,4.0,2.0,1.0,0.0,6.0,-3.0,416
385,29.0,15:44,0.429,0.25,3.0,0.0,0.0,0.0,7.0,-8.0,435
385,30.0,7:04,0.5,0.5,1.0,0.0,0.0,0.0,3.0,12.0,453
385,31.0,18:53,0.556,0.25,5.0,1.0,0.0,2.0,12.0,-16.0,472
385,32.0,20:50,0.556,0.33299999999999996,2.0,1.0,1.0,0.0,13.0,-16.0,487
385,33.0,18:49,0.5,0.33299999999999996,2.0,0.0,0.0,0.0,8.0,11.0,495
385,34.0,21:53,0.28600000000000003,0.0,2.0,0.0,0.0,0.0,4.0,-10.0,511
385,35.0,12:07,0.2,0.0,1.0,0.0,1.0,2.0,2.0,-5.0,524
385,36.0,30:33,0.636,0.4,6.0,2.0,2.0,0.0,18.0,6.0,532
385,37.0,18:18,0.0,,8.0,1.0,0.0,0.0,2.0,2.0,546
385,38.0,33:03,0.364,0.5,3.0,4.0,1.0,3.0,12.0,5.0,569
385,39.0,23:27,0.667,0.75,3.0,0.0,0.0,0.0,13.0,-16.0,595
385,40.0,15:05,0.33299999999999996,0.25,5.0,1.0,2.0,0.0,5.0,1.0,608
385,41.0,22:06,0.222,0.0,3.0,0.0,0.0,0.0,5.0,-12.0,625
385,42.0,22:21,0.429,,4.0,1.0,1.0,0.0,6.0,0.0,641
385,43.0,21:45,0.6,0.4,5.0,0.0,3.0,1.0,15.0,-5.0,659
385,44.0,17:03,0.28600000000000003,0.0,1.0,0.0,2.0,1.0,4.0,-10.0,668
385,45.0,11:48,0.4,0.5,2.0,0.0,0.0,1.0,5.0,-13.0,684
385,46.0,7:39,0.667,0.5,0.0,0.0,2.0,0.0,5.0,2.0,697
385,47.0,16:57,0.5,0.0,3.0,0.0,2.0,1.0,4.0,-2.0,714
385,48.0,34:15,0.667,0.5,6.0,0.0,2.0,1.0,20.0,-4.0,729
385,49.0,27:44,0.2,0.16699999999999998,5.0,1.0,4.0,0.0,9.0,-5.0,745
385,50.0,15:51,0.16699999999999998,0.0,2.0,0.0,0.0,1.0,2.0,1.0,759
385,51.0,24:08,0.6,0.6,6.0,0.0,0.0,2.0,27.0,-20.0,767
385,52.0,17:19,0.429,0.0,3.0,2.0,1.0,1.0,6.0,-1.0,780
385,53.0,22:51,0.2,0.33299999999999996,3.0,1.0,1.0,1.0,4.0,-12.0,794
385,54.0,21:52,0.667,1.0,2.0,3.0,0.0,1.0,5.0,1.0,813
385,55.0,32:08,0.273,0.0,6.0,3.0,0.0,0.0,7.0,-32.0,820
385,56.0,16:12,0.33299999999999996,0.0,3.0,0.0,2.0,0.0,7.0,-5.0,835
385,57.0,25:00,0.364,0.0,8.0,0.0,2.0,2.0,15.0,32.0,850
385,58.0,33:15,0.7,0.667,7.0,2.0,2.0,2.0,17.0,-14.0,1235
385,59.0,16:16,0.5,0.0,1.0,1.0,1.0,0.0,8.0,-3.0,1251
385,60.0,33:22,0.5,0.33299999999999996,6.0,1.0,0.0,1.0,11.0,-8.0,1268
385,61.0,21:46,0.667,0.75,1.0,1.0,0.0,0.0,17.0,6.0,868
385,62.0,26:07,0.375,0.25,2.0,1.0,2.0,1.0,7.0,-4.0,877
385,63.0,25:21,0.556,0.0,6.0,0.0,1.0,5.0,10.0,0.0,890
385,64.0,26:17,0.6,1.0,5.0,0.0,1.0,1.0,9.0,4.0,908
385,65.0,26:53,0.667,0.75,6.0,1.0,1.0,1.0,18.0,-7.0,924
385,66.0,23:34,0.5,0.5,8.0,1.0,0.0,3.0,5.0,2.0,942
385,67.0,23:31,0.33299999999999996,0.25,5.0,0.0,0.0,1.0,8.0,-10.0,948
385,68.0,32:25,0.429,0.25,7.0,2.0,2.0,5.0,17.0,-4.0,972
385,69.0,25:35,0.667,0.5,9.0,0.0,0.0,4.0,13.0,9.0,986
385,70.0,26:14,0.385,0.33299999999999996,7.0,0.0,1.0,0.0,16.0,-8.0,998
385,71.0,38:17,0.778,1.0,7.0,0.0,2.0,0.0,24.0,-11.0,1013
385,72.0,31:03,0.5329999999999999,0.429,11.0,0.0,2.0,1.0,23.0,-5.0,1027
385,73.0,21:08,0.1,0.0,6.0,1.0,1.0,0.0,3.0,-24.0,1036
385,74.0,30:26,0.455,0.2,3.0,1.0,1.0,0.0,13.0,-25.0,1047
385,75.0,18:55,0.182,0.2,3.0,1.0,0.0,1.0,7.0,-12.0,1066
385,76.0,34:12,0.6920000000000001,0.4,6.0,2.0,1.0,0.0,20.0,-10.0,1084
385,77.0,34:28,0.7,0.5,13.0,1.0,1.0,2.0,19.0,0.0,1101
385,78.0,27:44,0.4,0.0,6.0,1.0,0.0,4.0,9.0,-12.0,1113
385,79.0,25:28,0.4,0.0,11.0,4.0,1.0,1.0,8.0,-12.0,1132
385,80.0,13:34,0.5,,1.0,0.0,2.0,1.0,4.0,4.0,1147
385,81.0,17:04,0.75,1.0,4.0,3.0,0.0,0.0,9.0,5.0,1160
385,82.0,40:03,0.42100000000000004,0.33299999999999996,7.0,0.0,1.0,2.0,22.0,-18.0,1177
