Player_ID,G,MP,FG%,3P%,TRB,AST,STL,BLK,PTS,+/-,Game_ID
154,1.0,29:07,0.5,0.33299999999999996,3.0,3.0,0.0,0.0,11.0,-13.0,4
154,2.0,36:09,0.5,0.0,3.0,9.0,3.0,0.0,14.0,11.0,27
154,3.0,30:57,0.5710000000000001,0.667,2.0,5.0,0.0,0.0,10.0,-6.0,34
154,4.0,28:57,0.5,0.5,4.0,8.0,2.0,0.0,11.0,-8.0,47
154,5.0,23:47,0.33299999999999996,0.0,2.0,4.0,1.0,0.0,5.0,1.0,62
154,6.0,21:02,0.5710000000000001,0.667,5.0,4.0,2.0,0.0,10.0,21.0,81
154,7.0,33:09,0.14300000000000002,0.0,5.0,6.0,0.0,0.0,2.0,-21.0,86
154,8.0,28:50,0.28600000000000003,0.0,5.0,12.0,0.0,0.0,7.0,-2.0,113
154,9.0,25:39,0.5,0.0,2.0,2.0,0.0,0.0,4.0,10.0,133
154,10.0,26:52,0.33299999999999996,0.4,1.0,7.0,1.0,0.0,8.0,-3.0,159
154,11.0,31:30,0.0,0.0,4.0,9.0,1.0,0.0,0.0,-19.0,166
154,12.0,33:38,0.5710000000000001,1.0,3.0,5.0,1.0,0.0,10.0,-1.0,187
154,13.0,26:31,0.429,0.2,1.0,4.0,1.0,0.0,7.0,-2.0,200
154,14.0,29:21,0.444,0.6,3.0,8.0,1.0,0.0,11.0,-5.0,243
154,15.0,31:11,0.231,0.28600000000000003,1.0,8.0,1.0,0.0,8.0,4.0,259
154,16.0,25:17,0.2,0.0,3.0,7.0,2.0,0.0,3.0,17.0,273
154,17.0,23:49,0.5,0.75,0.0,4.0,1.0,0.0,9.0,9.0,287
154,18.0,26:53,0.6,0.0,2.0,6.0,0.0,0.0,18.0,15.0,301
154,19.0,31:36,0.375,0.33299999999999996,0.0,2.0,0.0,0.0,8.0,5.0,319
154,20.0,23:54,0.636,0.6,4.0,1.0,0.0,0.0,17.0,1.0,1196
154,21.0,26:46,0.33299999999999996,0.25,4.0,3.0,1.0,0.0,11.0,-13.0,340
154,22.0,30:43,0.25,0.4,2.0,4.0,0.0,0.0,6.0,-14.0,346
154,23.0,28:21,0.125,0.0,0.0,10.0,0.0,0.0,2.0,-8.0,362
154,24.0,29:22,0.5710000000000001,1.0,1.0,9.0,0.0,0.0,9.0,11.0,384
154,25.0,21:16,0.0,0.0,2.0,3.0,2.0,0.0,0.0,12.0,393
154,26.0,39:09,0.3,0.28600000000000003,3.0,5.0,1.0,0.0,8.0,-3.0,423
154,27.0,24:57,0.25,0.0,2.0,3.0,2.0,0.0,2.0,-12.0,429
154,28.0,21:52,0.33299999999999996,0.25,0.0,4.0,0.0,0.0,5.0,5.0,447
154,29.0,29:48,0.111,0.0,3.0,11.0,2.0,0.0,8.0,3.0,466
154,30.0,19:43,0.5710000000000001,1.0,2.0,2.0,0.0,0.0,11.0,5.0,484
154,no play,,,,,,,,,,502
154,no play,,,,,,,,,,508
154,no play,,,,,,,,,,518
154,no play,,,,,,,,,,536
154,no play,,,,,,,,,,553
154,31.0,17:57,0.2,0.0,2.0,4.0,1.0,0.0,2.0,1.0,565
154,32.0,22:46,0.4,0.0,2.0,5.0,2.0,0.0,4.0,-3.0,580
154,33.0,17:43,0.2,1.0,2.0,8.0,1.0,0.0,9.0,0.0,599
154,34.0,23:37,0.5,,3.0,3.0,0.0,0.0,3.0,-11.0,613
154,35.0,21:14,0.5,,1.0,4.0,1.0,0.0,8.0,-12.0,620
154,36.0,16:46,0.33299999999999996,0.25,0.0,2.0,1.0,0.0,5.0,-5.0,637
154,37.0,12:42,0.0,0.0,0.0,0.0,0.0,0.0,0.0,-25.0,648
154,38.0,35:48,0.625,0.667,2.0,7.0,0.0,0.0,15.0,0.0,660
154,39.0,31:07,0.833,0.667,3.0,7.0,0.0,0.0,16.0,4.0,675
154,40.0,29:09,0.4,0.5,0.0,5.0,2.0,0.0,9.0,-16.0,689
154,41.0,23:15,0.33299999999999996,0.5,2.0,2.0,1.0,0.0,11.0,-8.0,702
154,42.0,28:04,0.5710000000000001,0.5,2.0,6.0,1.0,0.0,14.0,-7.0,711
154,43.0,25:58,0.33299999999999996,0.33299999999999996,1.0,6.0,1.0,0.0,5.0,-15.0,744
154,44.0,31:02,0.4,0.0,4.0,12.0,1.0,0.0,4.0,-8.0,758
154,45.0,22:25,0.8,1.0,0.0,3.0,1.0,0.0,9.0,0.0,767
154,46.0,15:01,0.33299999999999996,0.5,1.0,1.0,0.0,0.0,5.0,-19.0,793
154,47.0,18:09,0.4,0.0,1.0,2.0,1.0,0.0,5.0,-15.0,808
154,48.0,32:43,0.33299999999999996,0.667,1.0,4.0,0.0,0.0,9.0,-6.0,815
154,49.0,27:17,0.0,,1.0,5.0,1.0,0.0,0.0,11.0,830
154,50.0,32:24,0.6,1.0,0.0,5.0,2.0,0.0,10.0,-4.0,844
154,51.0,27:16,0.16699999999999998,0.0,1.0,6.0,1.0,0.0,3.0,-9.0,1236
154,52.0,24:10,0.0,0.0,2.0,3.0,1.0,0.0,0.0,-1.0,1251
154,53.0,32:19,0.2,0.0,3.0,6.0,0.0,0.0,4.0,-16.0,1260
154,54.0,22:41,0.778,0.5,0.0,4.0,1.0,0.0,15.0,1.0,860
154,55.0,36:13,0.667,0.33299999999999996,1.0,8.0,0.0,0.0,15.0,24.0,874
154,56.0,25:36,0.182,0.0,3.0,3.0,0.0,0.0,6.0,8.0,881
154,57.0,27:11,0.5,1.0,3.0,7.0,0.0,0.0,10.0,4.0,895
154,58.0,25:41,0.375,0.33299999999999996,2.0,3.0,0.0,0.0,10.0,18.0,912
154,59.0,24:15,0.28600000000000003,0.5,0.0,3.0,0.0,0.0,8.0,3.0,927
154,60.0,28:17,0.41700000000000004,0.5710000000000001,1.0,2.0,0.0,0.0,16.0,15.0,938
154,61.0,23:25,0.7140000000000001,0.75,3.0,0.0,0.0,0.0,13.0,-11.0,953
154,62.0,31:48,0.5,1.0,2.0,3.0,1.0,0.0,12.0,3.0,973
154,63.0,25:01,0.14300000000000002,0.0,2.0,5.0,1.0,0.0,5.0,9.0,987
154,64.0,26:03,0.28600000000000003,0.33299999999999996,0.0,3.0,1.0,0.0,5.0,-17.0,995
154,65.0,24:32,0.28600000000000003,0.0,2.0,1.0,1.0,0.0,6.0,-4.0,1017
154,66.0,18:45,0.16699999999999998,0.5,2.0,4.0,1.0,0.0,3.0,7.0,1025
154,67.0,19:33,1.0,,2.0,3.0,1.0,0.0,2.0,16.0,1038
154,68.0,17:47,0.33299999999999996,0.0,2.0,4.0,0.0,0.0,2.0,-4.0,1050
154,69.0,18:54,0.6,0.5,2.0,3.0,0.0,0.0,8.0,-2.0,1063
154,70.0,19:17,0.4,0.0,1.0,5.0,0.0,0.0,7.0,13.0,1073
154,71.0,34:39,0.25,0.4,3.0,7.0,0.0,0.0,6.0,21.0,1090
154,72.0,34:23,0.545,0.4,0.0,6.0,1.0,0.0,14.0,3.0,1105
154,73.0,17:25,0.33299999999999996,,1.0,2.0,1.0,0.0,2.0,-15.0,1120
154,74.0,20:54,0.375,0.4,4.0,2.0,0.0,0.0,8.0,-9.0,1136
154,75.0,32:53,0.35700000000000004,0.28600000000000003,3.0,3.0,0.0,0.0,14.0,10.0,1152
154,76.0,21:50,0.4,0.5,2.0,2.0,0.0,0.0,5.0,-4.0,1168
