Player_ID,G,MP,FG%,3P%,TRB,AST,STL,BLK,PTS,+/-,Game_ID
35,1.0,19:19,0.2,,2.0,1.0,1.0,0.0,2.0,2.0,4
35,2.0,9:06,1.0,,0.0,0.0,0.0,0.0,4.0,-16.0,27
35,3.0,15:47,0.6,0.0,1.0,2.0,2.0,0.0,7.0,-8.0,34
35,4.0,12:48,0.556,0.0,1.0,0.0,0.0,0.0,12.0,-5.0,47
35,5.0,12:57,0.33299999999999996,0.0,2.0,1.0,0.0,1.0,4.0,8.0,62
35,6.0,16:06,0.5,0.0,4.0,0.0,1.0,0.0,10.0,-5.0,81
35,7.0,10:23,0.75,1.0,3.0,0.0,1.0,0.0,7.0,8.0,86
35,8.0,12:01,0.5,1.0,4.0,2.0,0.0,0.0,9.0,4.0,113
35,9.0,19:29,0.75,1.0,4.0,1.0,1.0,0.0,19.0,6.0,133
35,10.0,4:17,0.0,,0.0,0.0,0.0,0.0,0.0,-8.0,159
35,11.0,15:57,0.455,,10.0,0.0,0.0,0.0,13.0,6.0,166
35,12.0,20:04,0.444,1.0,3.0,0.0,0.0,0.0,9.0,3.0,187
35,13.0,19:45,0.5,0.0,3.0,1.0,0.0,0.0,14.0,5.0,200
35,14.0,15:34,0.14300000000000002,0.0,8.0,2.0,0.0,1.0,2.0,-4.0,243
35,15.0,16:48,0.667,,6.0,1.0,0.0,0.0,13.0,5.0,259
35,16.0,25:56,0.7,1.0,2.0,2.0,1.0,0.0,17.0,23.0,273
35,17.0,16:58,0.25,,7.0,1.0,1.0,0.0,5.0,5.0,287
35,18.0,17:53,0.4,,3.0,1.0,0.0,1.0,5.0,-8.0,301
35,19.0,13:37,1.0,,1.0,0.0,0.0,1.0,8.0,-1.0,319
35,20.0,22:09,0.7140000000000001,1.0,8.0,0.0,1.0,0.0,12.0,14.0,1196
35,21.0,23:25,0.857,1.0,6.0,2.0,0.0,3.0,14.0,4.0,340
35,22.0,5:09,0.33299999999999996,,1.0,0.0,0.0,0.0,2.0,-2.0,346
35,23.0,16:28,0.2,0.0,4.0,2.0,0.0,0.0,2.0,-14.0,362
35,no play,,,,,,,,,,384
35,no play,,,,,,,,,,393
35,no play,,,,,,,,,,423
35,no play,,,,,,,,,,429
35,no play,,,,,,,,,,447
35,24.0,18:13,0.33299999999999996,0.0,4.0,1.0,2.0,0.0,8.0,0.0,466
35,25.0,21:34,0.375,,3.0,3.0,1.0,2.0,7.0,8.0,484
35,26.0,20:12,0.5,0.0,5.0,3.0,0.0,0.0,12.0,-9.0,502
35,no play,,,,,,,,,,508
35,27.0,9:53,0.5,,3.0,0.0,0.0,0.0,2.0,2.0,518
35,28.0,9:34,0.667,1.0,0.0,0.0,0.0,1.0,7.0,-2.0,536
35,29.0,12:23,0.25,0.0,0.0,2.0,0.0,0.0,3.0,-3.0,553
35,30.0,15:49,0.667,1.0,1.0,0.0,1.0,0.0,18.0,-6.0,565
35,31.0,34:21,0.611,1.0,5.0,4.0,2.0,3.0,28.0,18.0,580
35,32.0,21:24,1.0,,7.0,2.0,1.0,1.0,11.0,7.0,599
35,33.0,17:54,0.429,0.0,3.0,1.0,2.0,0.0,11.0,-9.0,613
35,34.0,25:56,0.4,,6.0,2.0,0.0,0.0,7.0,-5.0,620
35,35.0,23:41,0.429,0.667,8.0,2.0,0.0,2.0,14.0,-13.0,637
35,36.0,6:52,0.25,,2.0,0.0,0.0,0.0,2.0,-10.0,648
35,37.0,10:20,0.5,,2.0,0.0,0.0,0.0,5.0,-9.0,660
35,no play,,,,,,,,,,675
35,no play,,,,,,,,,,689
35,38.0,6:55,0.0,0.0,1.0,0.0,0.0,0.0,0.0,-15.0,702
35,39.0,22:21,0.7,1.0,8.0,1.0,0.0,0.0,17.0,-6.0,711
35,40.0,17:07,0.28600000000000003,0.25,3.0,0.0,0.0,2.0,8.0,10.0,744
35,41.0,13:49,0.429,0.0,3.0,0.0,0.0,1.0,8.0,11.0,758
35,42.0,6:45,0.75,,1.0,0.0,0.0,0.0,6.0,-5.0,767
35,43.0,12:00,0.667,,2.0,0.0,0.0,0.0,11.0,0.0,793
35,44.0,23:27,0.667,0.33299999999999996,5.0,2.0,0.0,1.0,15.0,0.0,808
35,45.0,25:45,0.375,1.0,6.0,3.0,0.0,0.0,7.0,4.0,815
35,46.0,31:47,0.769,0.0,3.0,4.0,3.0,1.0,23.0,4.0,830
35,47.0,21:54,0.778,,3.0,0.0,1.0,1.0,14.0,2.0,844
35,48.0,32:03,0.588,0.0,6.0,0.0,0.0,0.0,22.0,-5.0,1236
35,49.0,22:47,0.8,,3.0,0.0,1.0,1.0,17.0,11.0,1251
35,50.0,8:44,0.5710000000000001,,2.0,1.0,0.0,0.0,11.0,-5.0,1260
35,no play,,,,,,,,,,860
35,no play,,,,,,,,,,874
35,no play,,,,,,,,,,881
35,no play,,,,,,,,,,895
35,no play,,,,,,,,,,912
35,no play,,,,,,,,,,927
35,no play,,,,,,,,,,938
35,no play,,,,,,,,,,953
35,no play,,,,,,,,,,973
35,no play,,,,,,,,,,987
35,no play,,,,,,,,,,995
35,no play,,,,,,,,,,1017
35,no play,,,,,,,,,,1025
35,no play,,,,,,,,,,1038
35,no play,,,,,,,,,,1050
35,no play,,,,,,,,,,1063
35,no play,,,,,,,,,,1073
35,51.0,7:06,0.75,,4.0,0.0,1.0,0.0,7.0,-6.0,1090
35,52.0,7:16,0.33299999999999996,,1.0,0.0,0.0,1.0,2.0,-6.0,1105
35,53.0,11:30,0.625,,1.0,1.0,0.0,1.0,14.0,-11.0,1120
35,54.0,5:54,0.5,1.0,1.0,0.0,0.0,0.0,3.0,1.0,1136
35,no play,,,,,,,,,,1152
35,55.0,12:22,0.14300000000000002,1.0,3.0,0.0,0.0,0.0,3.0,-7.0,1168
35,56.0,34:56,0.41200000000000003,0.0,5.0,2.0,3.0,2.0,15.0,-12.0,1180
