Player_ID,G,MP,FG%,3P%,TRB,AST,STL,BLK,PTS,+/-,Game_ID
246,no play,,,,,,,,,,10
246,no play,,,,,,,,,,22
246,no play,,,,,,,,,,40
246,no play,,,,,,,,,,55
246,no play,,,,,,,,,,66
246,no play,,,,,,,,,,80
246,no play,,,,,,,,,,96
246,no play,,,,,,,,,,107
246,no play,,,,,,,,,,128
246,no play,,,,,,,,,,150
246,no play,,,,,,,,,,159
246,no play,,,,,,,,,,170
246,no play,,,,,,,,,,189
246,no play,,,,,,,,,,205
246,no play,,,,,,,,,,212
246,no play,,,,,,,,,,242
246,no play,,,,,,,,,,263
246,no play,,,,,,,,,,270
246,1.0,3:37,0.0,0.0,1.0,0.0,0.0,0.0,0.0,-9.0,284
246,2.0,11:32,0.25,0.0,3.0,3.0,0.0,0.0,2.0,4.0,298
246,3.0,12:36,0.0,0.0,4.0,3.0,0.0,0.0,0.0,-31.0,303
246,no play,,,,,,,,,,317
246,no play,,,,,,,,,,1195
246,no play,,,,,,,,,,340
246,no play,,,,,,,,,,369
246,no play,,,,,,,,,,392
246,no play,,,,,,,,,,401
246,4.0,7:33,0.5,1.0,2.0,0.0,0.0,0.0,5.0,3.0,415
246,5.0,18:03,0.25,0.0,4.0,0.0,0.0,0.0,4.0,-6.0,430
246,6.0,11:43,0.25,0.0,4.0,3.0,1.0,0.0,5.0,7.0,451
246,7.0,17:31,0.33299999999999996,0.2,3.0,1.0,1.0,1.0,5.0,7.0,473
246,no play,,,,,,,,,,483
246,no play,,,,,,,,,,503
246,no play,,,,,,,,,,513
246,no play,,,,,,,,,,535
246,no play,,,,,,,,,,544
246,no play,,,,,,,,,,562
246,8.0,3:37,,,0.0,0.0,0.0,0.0,0.0,-1.0,578
246,no play,,,,,,,,,,602
246,no play,,,,,,,,,,613
246,9.0,9:33,0.2,0.5,2.0,1.0,0.0,0.0,3.0,4.0,618
246,10.0,14:00,0.0,0.0,2.0,0.0,0.0,0.0,0.0,0.0,638
246,11.0,20:59,0.4,0.0,2.0,4.0,1.0,0.0,4.0,-15.0,652
246,12.0,5:38,0.0,0.0,1.0,0.0,0.0,0.0,0.0,-2.0,658
246,13.0,4:22,0.0,,0.0,0.0,0.0,0.0,0.0,-7.0,672
246,no play,,,,,,,,,,688
246,14.0,10:45,0.667,0.5,4.0,0.0,1.0,1.0,11.0,0.0,706
246,no play,,,,,,,,,,716
246,15.0,13:46,0.0,0.0,1.0,0.0,0.0,1.0,0.0,0.0,740
246,no play,,,,,,,,,,749
246,16.0,5:23,0.33299999999999996,,1.0,0.0,0.0,0.0,2.0,8.0,762
246,17.0,12:00,1.0,,3.0,1.0,0.0,0.0,2.0,-7.0,778
246,no play,,,,,,,,,,791
246,no play,,,,,,,,,,812
246,no play,,,,,,,,,,836
246,18.0,12:20,0.5,,0.0,1.0,0.0,0.0,2.0,4.0,852
