Player_ID,G,MP,FG%,3P%,TRB,AST,STL,BLK,PTS,+/-,Game_ID
454,1.0,29:39,0.5710000000000001,0.8,1.0,4.0,0.0,1.0,24.0,-3.0,5
454,2.0,23:36,0.444,0.0,5.0,5.0,0.0,0.0,11.0,-18.0,24
454,3.0,37:38,0.42100000000000004,0.6,3.0,11.0,0.0,0.0,24.0,10.0,37
454,no play,,,,,,,,,,48
454,4.0,38:16,0.429,0.4,1.0,3.0,1.0,0.0,20.0,10.0,56
454,5.0,37:13,0.45,0.636,2.0,10.0,1.0,2.0,30.0,4.0,70
454,6.0,30:37,0.455,0.2,4.0,7.0,2.0,2.0,16.0,3.0,84
454,7.0,30:05,0.267,0.0,3.0,7.0,5.0,0.0,10.0,0.0,98
454,8.0,30:04,0.3,0.16699999999999998,4.0,3.0,1.0,0.0,15.0,4.0,133
454,9.0,30:40,0.5,0.4,3.0,7.0,1.0,0.0,18.0,2.0,147
454,10.0,37:49,0.75,0.778,5.0,8.0,3.0,0.0,30.0,7.0,163
454,11.0,28:32,0.28600000000000003,0.33299999999999996,4.0,3.0,1.0,2.0,8.0,9.0,176
454,12.0,33:32,0.33299999999999996,0.33299999999999996,4.0,3.0,1.0,2.0,13.0,12.0,186
454,13.0,36:37,0.524,0.625,3.0,2.0,3.0,0.0,31.0,21.0,197
454,14.0,45:06,0.35,0.429,9.0,9.0,2.0,0.0,25.0,11.0,208
454,15.0,22:52,0.35700000000000004,0.33299999999999996,4.0,3.0,1.0,1.0,16.0,3.0,244
454,16.0,34:20,0.429,0.4,3.0,7.0,0.0,0.0,21.0,2.0,254
454,17.0,20:03,0.545,0.33299999999999996,1.0,5.0,2.0,0.0,14.0,-8.0,268
454,no play,,,,,,,,,,278
454,no play,,,,,,,,,,288
454,no play,,,,,,,,,,305
454,no play,,,,,,,,,,320
454,no play,,,,,,,,,,328
454,no play,,,,,,,,,,333
454,no play,,,,,,,,,,351
454,no play,,,,,,,,,,368
454,no play,,,,,,,,,,379
454,18.0,28:39,0.28600000000000003,0.0,3.0,6.0,2.0,1.0,8.0,-1.0,394
454,19.0,28:33,0.188,0.111,0.0,4.0,1.0,0.0,14.0,-23.0,408
454,20.0,35:51,0.375,0.375,5.0,8.0,2.0,0.0,19.0,5.0,424
454,21.0,23:31,0.3,0.429,5.0,4.0,2.0,0.0,9.0,1.0,431
454,22.0,28:52,0.529,0.5,3.0,5.0,1.0,0.0,24.0,-6.0,448
454,23.0,26:32,0.75,0.0,2.0,4.0,0.0,0.0,17.0,-20.0,467
454,no play,,,,,,,,,,477
454,no play,,,,,,,,,,492
454,24.0,29:18,0.727,0.75,8.0,3.0,0.0,1.0,22.0,-5.0,507
454,25.0,32:09,0.43799999999999994,0.429,1.0,4.0,0.0,0.0,21.0,-11.0,533
454,26.0,36:06,0.313,0.2,7.0,12.0,0.0,0.0,17.0,-8.0,538
454,27.0,40:54,0.526,0.33299999999999996,4.0,12.0,1.0,0.0,27.0,8.0,555
454,28.0,34:44,0.444,0.25,2.0,9.0,1.0,0.0,19.0,9.0,568
454,29.0,36:27,0.4,0.429,4.0,6.0,3.0,0.0,22.0,-7.0,586
454,30.0,38:41,0.5,0.33299999999999996,6.0,9.0,2.0,1.0,17.0,10.0,600
454,31.0,36:30,0.529,0.33299999999999996,5.0,8.0,2.0,0.0,28.0,3.0,616
454,32.0,30:35,0.385,0.4,3.0,6.0,0.0,0.0,20.0,6.0,633
454,33.0,34:01,0.462,0.4,8.0,8.0,2.0,0.0,16.0,15.0,649
454,34.0,34:36,0.353,0.375,4.0,6.0,0.0,0.0,15.0,-11.0,661
454,35.0,35:54,0.25,0.25,3.0,5.0,1.0,0.0,11.0,4.0,690
454,36.0,35:31,0.313,0.375,3.0,10.0,1.0,0.0,17.0,12.0,708
454,37.0,28:17,0.643,0.429,3.0,3.0,2.0,0.0,23.0,10.0,713
454,38.0,32:48,0.667,0.7,6.0,9.0,2.0,0.0,38.0,29.0,729
454,39.0,26:41,0.5,0.28600000000000003,4.0,5.0,1.0,0.0,18.0,5.0,743
454,40.0,34:25,0.43799999999999994,0.2,1.0,2.0,3.0,0.0,18.0,-13.0,756
454,41.0,36:26,0.313,0.0,2.0,8.0,0.0,0.0,20.0,13.0,769
454,42.0,35:29,0.3,0.5,2.0,9.0,2.0,1.0,12.0,23.0,783
454,43.0,30:51,0.7,0.8,0.0,5.0,2.0,0.0,23.0,8.0,794
454,44.0,33:24,0.375,0.667,5.0,9.0,3.0,0.0,20.0,-15.0,809
454,45.0,37:19,0.625,0.5,1.0,6.0,1.0,0.0,32.0,1.0,828
454,46.0,32:50,0.313,0.3,2.0,4.0,0.0,1.0,17.0,1.0,846
454,47.0,32:07,0.556,0.0,5.0,7.0,0.0,0.0,10.0,-14.0,1233
454,48.0,35:27,0.563,0.556,4.0,5.0,2.0,0.0,31.0,6.0,1252
454,49.0,39:13,0.526,0.5,3.0,8.0,0.0,0.0,29.0,25.0,1268
454,50.0,35:50,0.6,0.5,2.0,4.0,1.0,0.0,30.0,-4.0,875
454,51.0,38:54,0.47100000000000003,0.33299999999999996,6.0,7.0,2.0,1.0,23.0,-10.0,885
454,52.0,39:08,0.6,0.6,3.0,6.0,1.0,0.0,32.0,-7.0,900
454,53.0,35:48,0.214,0.0,3.0,4.0,1.0,0.0,13.0,-4.0,921
454,54.0,31:54,0.41700000000000004,0.14300000000000002,1.0,5.0,5.0,0.0,16.0,-18.0,941
454,55.0,36:18,0.5,0.33299999999999996,1.0,10.0,3.0,0.0,20.0,14.0,953
454,56.0,36:09,0.667,0.625,9.0,7.0,1.0,0.0,27.0,19.0,969
454,57.0,33:28,0.4,0.2,4.0,12.0,1.0,0.0,22.0,14.0,977
454,58.0,35:51,0.41700000000000004,0.5,7.0,6.0,2.0,1.0,19.0,3.0,993
454,59.0,31:12,0.429,0.33299999999999996,6.0,3.0,0.0,0.0,16.0,0.0,1014
454,60.0,36:03,0.389,0.125,2.0,6.0,0.0,0.0,22.0,-6.0,1030
454,61.0,36:34,0.6,0.667,1.0,7.0,1.0,0.0,29.0,-5.0,1054
454,62.0,40:06,0.348,0.14300000000000002,3.0,9.0,0.0,0.0,22.0,1.0,1061
454,63.0,37:57,0.619,0.583,3.0,6.0,4.0,0.0,36.0,17.0,1076
454,64.0,34:16,0.5329999999999999,0.33299999999999996,5.0,6.0,1.0,1.0,28.0,12.0,1091
454,65.0,35:44,0.353,0.364,3.0,12.0,1.0,1.0,20.0,4.0,1104
454,66.0,32:55,0.47100000000000003,0.4,2.0,6.0,2.0,0.0,19.0,2.0,1122
454,no play,,,,,,,,,,1128
454,67.0,33:43,0.706,0.636,3.0,6.0,1.0,0.0,31.0,14.0,1142
454,68.0,23:24,0.625,0.5,2.0,3.0,1.0,0.0,15.0,-5.0,1162
454,69.0,17:18,0.556,0.4,2.0,2.0,1.0,0.0,15.0,11.0,1184
