Player_ID,G,MP,FG%,3P%,TRB,AST,STL,BLK,PTS,+/-,Game_ID
180,1.0,8:17,0.0,,1.0,1.0,1.0,1.0,0.0,-10.0,4
180,2.0,8:05,0.0,,1.0,1.0,0.0,0.0,1.0,-13.0,27
180,3.0,17:05,0.667,,5.0,3.0,1.0,0.0,8.0,1.0,34
180,4.0,14:05,0.0,,3.0,1.0,0.0,1.0,3.0,1.0,47
180,5.0,22:21,0.5,,3.0,2.0,2.0,0.0,4.0,18.0,62
180,6.0,14:52,1.0,,3.0,0.0,0.0,3.0,6.0,11.0,81
180,7.0,17:59,0.667,,3.0,0.0,1.0,0.0,4.0,4.0,86
180,8.0,11:03,0.0,,0.0,0.0,0.0,0.0,0.0,1.0,113
180,9.0,9:05,,,1.0,1.0,1.0,0.0,1.0,10.0,133
180,10.0,5:24,0.5,,2.0,0.0,0.0,0.0,3.0,-12.0,159
180,11.0,17:15,0.5,,2.0,1.0,0.0,0.0,2.0,-13.0,166
180,12.0,14:57,0.75,,5.0,3.0,0.0,0.0,9.0,-1.0,187
180,13.0,9:40,0.33299999999999996,,4.0,0.0,1.0,0.0,2.0,-2.0,200
180,14.0,19:56,1.0,,3.0,1.0,2.0,0.0,5.0,-6.0,243
180,15.0,2:48,0.0,,0.0,1.0,0.0,0.0,0.0,0.0,259
180,16.0,1:38,,,0.0,0.0,0.0,0.0,0.0,-2.0,273
180,17.0,3:26,0.0,,0.0,0.0,0.0,0.0,0.0,-3.0,287
180,no play,,,,,,,,,,301
180,no play,,,,,,,,,,319
180,no play,,,,,,,,,,1196
180,no play,,,,,,,,,,340
180,no play,,,,,,,,,,346
180,18.0,2:45,,,0.0,0.0,0.0,0.0,0.0,-2.0,362
180,no play,,,,,,,,,,384
180,19.0,4:52,0.0,,1.0,0.0,0.0,0.0,0.0,1.0,393
180,no play,,,,,,,,,,423
180,20.0,11:23,0.5,,0.0,1.0,0.0,0.0,5.0,5.0,429
180,21.0,3:38,,,0.0,1.0,0.0,0.0,2.0,-1.0,447
180,no play,,,,,,,,,,466
180,22.0,2:43,0.5,,0.0,0.0,0.0,0.0,2.0,-1.0,484
180,23.0,2:56,,,0.0,0.0,0.0,1.0,0.0,-2.0,502
180,no play,,,,,,,,,,508
180,no play,,,,,,,,,,518
180,24.0,3:34,0.0,,1.0,0.0,0.0,0.0,0.0,3.0,536
180,no play,,,,,,,,,,553
180,no play,,,,,,,,,,565
180,25.0,2:43,1.0,,0.0,0.0,0.0,0.0,2.0,7.0,580
180,no play,,,,,,,,,,599
180,26.0,5:58,,,1.0,0.0,0.0,0.0,0.0,-7.0,613
180,27.0,1:05,,,1.0,0.0,0.0,0.0,0.0,1.0,620
180,28.0,2:42,0.0,,1.0,0.0,0.0,0.0,0.0,2.0,637
180,29.0,15:56,0.4,,0.0,0.0,0.0,1.0,7.0,4.0,648
180,no play,,,,,,,,,,660
180,30.0,19:53,0.8,,2.0,1.0,1.0,1.0,10.0,-3.0,675
180,31.0,16:55,0.33299999999999996,,6.0,0.0,1.0,1.0,4.0,-13.0,689
180,32.0,15:25,0.2,,4.0,0.0,0.0,0.0,2.0,-5.0,702
180,no play,,,,,,,,,,711
180,no play,,,,,,,,,,744
180,33.0,17:57,0.667,,8.0,0.0,0.0,2.0,4.0,-3.0,766
180,34.0,14:59,0.667,,3.0,1.0,0.0,0.0,4.0,4.0,785
180,35.0,13:18,1.0,,4.0,1.0,0.0,1.0,4.0,-2.0,800
180,36.0,11:59,0.0,,2.0,0.0,0.0,0.0,0.0,-17.0,814
180,37.0,8:39,1.0,,3.0,0.0,1.0,0.0,4.0,-5.0,826
180,no play,,,,,,,,,,843
180,no play,,,,,,,,,,1227
180,no play,,,,,,,,,,1242
180,no play,,,,,,,,,,1257
180,no play,,,,,,,,,,1270
180,no play,,,,,,,,,,868
180,no play,,,,,,,,,,884
180,no play,,,,,,,,,,901
180,no play,,,,,,,,,,911
180,no play,,,,,,,,,,925
180,no play,,,,,,,,,,936
180,no play,,,,,,,,,,951
180,no play,,,,,,,,,,965
180,no play,,,,,,,,,,990
180,no play,,,,,,,,,,1004
180,no play,,,,,,,,,,1019
180,no play,,,,,,,,,,1033
180,no play,,,,,,,,,,1047
180,no play,,,,,,,,,,1063
180,38.0,14:47,1.0,,1.0,0.0,2.0,0.0,5.0,1.0,1074
180,39.0,6:33,1.0,,3.0,0.0,0.0,0.0,4.0,0.0,1087
180,40.0,11:30,0.0,,1.0,0.0,2.0,0.0,0.0,8.0,1103
180,41.0,8:15,1.0,,1.0,0.0,0.0,0.0,2.0,-12.0,1116
180,42.0,8:27,,,1.0,0.0,0.0,0.0,0.0,2.0,1126
180,43.0,11:26,,,1.0,0.0,0.0,0.0,0.0,5.0,1150
180,44.0,20:37,0.667,,7.0,0.0,1.0,0.0,4.0,-2.0,1168
180,45.0,25:46,0.0,,7.0,1.0,1.0,1.0,0.0,-18.0,1173
