Player_ID,G,MP,FG%,3P%,TRB,AST,STL,BLK,PTS,+/-,Game_ID
430,no play,,,,,,,,,,7
430,no play,,,,,,,,,,22
430,no play,,,,,,,,,,44
430,no play,,,,,,,,,,52
430,no play,,,,,,,,,,76
430,no play,,,,,,,,,,89
430,no play,,,,,,,,,,106
430,no play,,,,,,,,,,117
430,no play,,,,,,,,,,128
430,no play,,,,,,,,,,145
430,no play,,,,,,,,,,154
430,no play,,,,,,,,,,168
430,no play,,,,,,,,,,185
430,no play,,,,,,,,,,195
430,no play,,,,,,,,,,208
430,no play,,,,,,,,,,240
430,no play,,,,,,,,,,256
430,no play,,,,,,,,,,265
430,no play,,,,,,,,,,292
430,no play,,,,,,,,,,304
430,no play,,,,,,,,,,314
430,no play,,,,,,,,,,328
430,no play,,,,,,,,,,334
430,1.0,10:23,0.6,,0.0,0.0,1.0,0.0,8.0,11.0,356
430,no play,,,,,,,,,,374
430,2.0,8:02,0.25,,5.0,0.0,0.0,1.0,2.0,-5.0,396
430,no play,,,,,,,,,,409
430,3.0,6:49,1.0,,3.0,0.0,0.0,0.0,4.0,-1.0,418
430,4.0,10:11,1.0,,1.0,1.0,3.0,1.0,4.0,-1.0,453
430,5.0,3:21,0.5,,1.0,0.0,0.0,1.0,3.0,-4.0,476
430,6.0,22:18,0.6,,5.0,0.0,1.0,0.0,14.0,-8.0,494
430,7.0,19:27,0.5710000000000001,,2.0,0.0,0.0,1.0,9.0,-3.0,505
430,8.0,11:16,0.8,,1.0,0.0,1.0,0.0,8.0,1.0,526
430,9.0,24:47,0.75,,8.0,2.0,2.0,3.0,13.0,-2.0,551
430,10.0,24:01,0.375,,4.0,0.0,3.0,0.0,8.0,0.0,564
430,11.0,21:06,0.625,,8.0,1.0,2.0,0.0,13.0,-8.0,585
430,12.0,19:57,1.0,,2.0,1.0,1.0,4.0,6.0,-14.0,597
430,13.0,12:32,0.429,,12.0,0.0,0.0,0.0,6.0,-9.0,609
430,no play,,,,,,,,,,620
430,14.0,21:08,0.4,,2.0,0.0,0.0,0.0,5.0,-15.0,632
430,15.0,21:15,0.25,,9.0,2.0,2.0,0.0,5.0,-2.0,646
430,16.0,12:51,1.0,,3.0,1.0,0.0,0.0,4.0,-11.0,658
430,17.0,29:16,0.8,,8.0,5.0,2.0,3.0,19.0,-2.0,680
430,18.0,27:54,0.556,,13.0,0.0,1.0,1.0,16.0,-1.0,689
430,19.0,19:50,0.667,,4.0,3.0,2.0,2.0,5.0,-5.0,707
430,20.0,24:59,0.545,,6.0,2.0,2.0,3.0,12.0,-3.0,721
430,21.0,24:30,1.0,,3.0,2.0,3.0,1.0,12.0,9.0,724
430,22.0,17:09,0.5,,3.0,1.0,1.0,0.0,8.0,-2.0,742
430,no play,,,,,,,,,,750
430,23.0,19:46,0.33299999999999996,,7.0,2.0,2.0,0.0,7.0,-16.0,764
430,24.0,16:01,0.5,,5.0,0.0,0.0,0.0,5.0,-1.0,779
430,25.0,22:23,0.25,,5.0,1.0,1.0,0.0,4.0,0.0,788
430,26.0,22:21,0.667,,7.0,1.0,3.0,2.0,10.0,8.0,801
430,27.0,31:40,0.75,0.0,3.0,1.0,4.0,1.0,19.0,17.0,816
430,28.0,28:02,0.833,,7.0,1.0,3.0,2.0,12.0,-2.0,826
430,29.0,30:53,0.7,,7.0,3.0,3.0,0.0,16.0,-6.0,842
430,no play,,,,,,,,,,1238
430,30.0,29:44,0.375,,10.0,0.0,1.0,1.0,9.0,10.0,1246
430,31.0,24:51,1.0,,6.0,1.0,1.0,1.0,6.0,6.0,1262
430,32.0,16:14,0.6,,2.0,0.0,1.0,1.0,6.0,-5.0,858
430,33.0,35:24,0.6,,17.0,2.0,1.0,2.0,15.0,10.0,875
430,34.0,16:16,0.857,,4.0,0.0,0.0,0.0,13.0,-5.0,893
430,35.0,22:41,0.5,,13.0,1.0,0.0,3.0,11.0,18.0,907
430,no play,,,,,,,,,,931
430,no play,,,,,,,,,,942
430,no play,,,,,,,,,,952
430,36.0,22:59,0.5,,3.0,1.0,0.0,0.0,12.0,7.0,964
430,37.0,18:35,0.5710000000000001,,5.0,3.0,1.0,1.0,9.0,-8.0,980
430,38.0,21:01,,,4.0,1.0,1.0,1.0,0.0,-10.0,996
430,39.0,17:13,0.7140000000000001,,7.0,0.0,0.0,1.0,14.0,-2.0,1015
430,40.0,32:44,0.5,,12.0,3.0,2.0,2.0,8.0,-3.0,1029
430,41.0,24:55,0.33299999999999996,,8.0,0.0,0.0,1.0,3.0,-1.0,1044
430,42.0,27:32,0.5,,8.0,1.0,4.0,2.0,15.0,-14.0,1060
430,43.0,22:51,0.33299999999999996,,6.0,0.0,1.0,1.0,7.0,-2.0,1077
430,44.0,23:54,0.8,,6.0,0.0,1.0,2.0,10.0,1.0,1091
430,45.0,19:17,0.75,,3.0,2.0,3.0,0.0,6.0,19.0,1105
430,46.0,20:42,0.75,,10.0,2.0,2.0,2.0,9.0,-5.0,1125
430,47.0,22:00,0.5,,4.0,1.0,0.0,1.0,6.0,-22.0,1133
430,48.0,14:18,0.667,,9.0,0.0,0.0,0.0,8.0,9.0,1144
430,49.0,9:27,0.5,,1.0,2.0,1.0,0.0,3.0,-3.0,1160
430,50.0,17:29,0.667,,5.0,0.0,1.0,1.0,8.0,4.0,1175
430,51.0,22:38,0.5,,7.0,0.0,1.0,1.0,10.0,-11.0,1184
