Player_ID,G,MP,FG%,3P%,TRB,AST,STL,BLK,PTS,+/-,Game_ID
348,1.0,26:34,0.25,0.222,3.0,1.0,0.0,1.0,8.0,-6.0,9
348,2.0,23:33,0.429,0.5,0.0,0.0,0.0,1.0,13.0,-12.0,20
348,3.0,30:14,0.364,0.3,3.0,1.0,2.0,0.0,16.0,-17.0,35
348,4.0,21:21,0.5,0.5,4.0,0.0,0.0,0.0,8.0,-2.0,43
348,5.0,26:07,0.545,0.429,1.0,2.0,0.0,0.0,17.0,10.0,55
348,6.0,23:40,0.364,0.16699999999999998,3.0,2.0,0.0,1.0,12.0,-1.0,74
348,7.0,35:59,0.5710000000000001,0.429,7.0,1.0,1.0,1.0,22.0,8.0,88
348,8.0,29:13,0.583,0.5,2.0,0.0,0.0,0.0,20.0,-9.0,100
348,9.0,29:43,0.545,0.444,3.0,1.0,1.0,0.0,16.0,8.0,116
348,10.0,20:27,0.556,0.625,1.0,2.0,0.0,0.0,15.0,5.0,125
348,11.0,23:36,0.33299999999999996,0.14300000000000002,1.0,1.0,0.0,0.0,9.0,-7.0,138
348,12.0,27:39,0.25,0.16699999999999998,1.0,3.0,0.0,0.0,5.0,17.0,153
348,13.0,28:03,0.583,0.5710000000000001,4.0,2.0,0.0,1.0,22.0,-9.0,178
348,14.0,30:15,0.385,0.375,6.0,2.0,0.0,0.0,15.0,-8.0,194
348,15.0,29:20,0.5,0.5710000000000001,2.0,1.0,0.0,2.0,17.0,-9.0,207
348,16.0,18:55,0.375,0.667,1.0,1.0,0.0,0.0,8.0,-27.0,219
348,no play,,,,,,,,,,249
348,17.0,23:08,0.5,0.8,1.0,0.0,1.0,0.0,17.0,-2.0,263
348,18.0,1:50,,,0.0,0.0,0.0,0.0,0.0,-4.0,274
348,no play,,,,,,,,,,279
348,no play,,,,,,,,,,294
348,no play,,,,,,,,,,305
348,no play,,,,,,,,,,323
348,no play,,,,,,,,,,1197
348,no play,,,,,,,,,,344
348,19.0,20:27,0.545,0.16699999999999998,4.0,0.0,0.0,0.0,15.0,0.0,360
348,20.0,26:08,0.3,0.28600000000000003,2.0,1.0,1.0,0.0,8.0,-12.0,367
348,21.0,29:37,0.33299999999999996,0.3,4.0,0.0,1.0,1.0,14.0,-7.0,378
348,22.0,21:27,0.556,0.4,1.0,2.0,0.0,1.0,15.0,16.0,396
348,23.0,37:45,0.632,0.5710000000000001,2.0,3.0,1.0,0.0,32.0,-12.0,402
348,24.0,27:24,0.5,0.5,2.0,0.0,0.0,0.0,24.0,-22.0,419
348,25.0,35:48,0.5,0.455,0.0,1.0,2.0,0.0,20.0,10.0,440
348,26.0,27:54,0.28600000000000003,0.33299999999999996,3.0,0.0,2.0,2.0,5.0,-11.0,443
348,27.0,30:08,0.667,0.7140000000000001,2.0,2.0,1.0,0.0,19.0,25.0,465
348,28.0,22:58,0.25,0.0,2.0,1.0,2.0,0.0,4.0,-7.0,480
348,29.0,30:17,0.75,0.833,2.0,1.0,1.0,0.0,17.0,-7.0,496
348,30.0,30:20,0.5710000000000001,0.778,2.0,0.0,2.0,0.0,26.0,1.0,517
348,31.0,26:57,0.545,0.545,0.0,2.0,0.0,0.0,20.0,9.0,533
348,32.0,35:08,0.33299999999999996,0.33299999999999996,2.0,1.0,0.0,0.0,13.0,-18.0,548
348,33.0,29:18,0.111,0.16699999999999998,5.0,1.0,0.0,0.0,5.0,32.0,554
348,34.0,19:28,0.14300000000000002,0.0,1.0,0.0,0.0,1.0,2.0,4.0,572
348,35.0,27:36,0.222,0.4,0.0,1.0,1.0,1.0,8.0,-6.0,582
348,36.0,14:05,0.5,0.5,0.0,1.0,0.0,0.0,8.0,-26.0,594
348,37.0,28:36,0.5,0.4,0.0,0.0,1.0,0.0,11.0,-17.0,606
348,38.0,26:17,0.25,0.14300000000000002,7.0,1.0,0.0,0.0,8.0,4.0,617
348,39.0,30:42,0.5,0.364,2.0,1.0,3.0,0.0,22.0,-6.0,631
348,40.0,25:55,0.385,0.455,3.0,1.0,1.0,0.0,15.0,15.0,654
348,41.0,26:53,0.33299999999999996,0.2,2.0,1.0,0.0,0.0,9.0,-23.0,667
348,42.0,30:23,0.5,0.5,4.0,0.0,0.0,0.0,15.0,-2.0,694
348,43.0,29:25,0.41700000000000004,0.429,3.0,0.0,1.0,0.0,13.0,-9.0,698
348,44.0,29:32,0.6,0.625,4.0,3.0,1.0,0.0,23.0,23.0,735
348,45.0,24:26,0.3,0.125,1.0,0.0,0.0,0.0,7.0,1.0,748
348,46.0,33:08,0.429,0.5,3.0,3.0,2.0,1.0,17.0,-3.0,757
348,47.0,21:36,0.33299999999999996,0.3,5.0,0.0,1.0,0.0,17.0,5.0,774
348,48.0,19:37,0.33299999999999996,0.25,2.0,0.0,1.0,0.0,9.0,-1.0,792
348,49.0,28:49,0.727,0.625,2.0,4.0,2.0,0.0,26.0,13.0,808
348,50.0,29:30,0.3,0.375,1.0,4.0,0.0,0.0,10.0,5.0,839
348,51.0,23:51,0.2,0.16699999999999998,4.0,0.0,1.0,0.0,5.0,-37.0,850
348,52.0,20:28,0.111,0.125,5.0,0.0,2.0,0.0,3.0,-18.0,1237
348,53.0,23:02,0.375,0.25,0.0,0.0,0.0,0.0,8.0,-15.0,1250
348,54.0,30:17,0.455,0.5,0.0,0.0,0.0,0.0,15.0,-4.0,1270
348,55.0,15:59,0.3,0.33299999999999996,0.0,0.0,1.0,0.0,9.0,-23.0,879
348,56.0,27:34,0.583,0.5,4.0,0.0,1.0,0.0,19.0,4.0,894
348,57.0,20:39,0.4,0.375,2.0,0.0,0.0,0.0,13.0,-17.0,907
348,58.0,14:20,0.33299999999999996,0.667,1.0,1.0,0.0,0.0,6.0,6.0,924
348,no play,,,,,,,,,,950
348,no play,,,,,,,,,,958
348,59.0,24:21,0.0,0.0,3.0,0.0,0.0,0.0,0.0,-14.0,970
348,60.0,28:35,0.545,0.5,3.0,2.0,0.0,0.0,16.0,-4.0,987
348,no play,,,,,,,,,,1003
348,no play,,,,,,,,,,1018
348,no play,,,,,,,,,,1040
348,no play,,,,,,,,,,1056
348,no play,,,,,,,,,,1070
348,no play,,,,,,,,,,1083
348,no play,,,,,,,,,,1097
348,no play,,,,,,,,,,1104
348,no play,,,,,,,,,,1131
348,no play,,,,,,,,,,1148
348,no play,,,,,,,,,,1163
348,no play,,,,,,,,,,1176
348,no play,,,,,,,,,,1190
