Player_ID,G,MP,FG%,3P%,TRB,AST,STL,BLK,PTS,+/-,Game_ID
31,1.0,22:32,0.833,0.0,4.0,1.0,0.0,0.0,13.0,-1.0,7
31,2.0,28:51,0.28600000000000003,0.667,5.0,1.0,0.0,1.0,6.0,-20.0,22
31,3.0,21:46,0.16699999999999998,0.0,0.0,1.0,0.0,0.0,2.0,-20.0,44
31,4.0,30:30,0.33299999999999996,0.33299999999999996,4.0,2.0,0.0,0.0,7.0,2.0,52
31,5.0,19:20,0.4,0.25,2.0,1.0,0.0,0.0,5.0,5.0,76
31,6.0,21:55,0.5,0.33299999999999996,3.0,1.0,0.0,0.0,9.0,-11.0,89
31,7.0,17:09,0.5,0.5,1.0,1.0,0.0,0.0,3.0,-9.0,106
31,8.0,23:34,0.7140000000000001,0.5,0.0,1.0,0.0,1.0,14.0,-3.0,117
31,9.0,24:07,0.667,0.5,4.0,1.0,3.0,0.0,12.0,-13.0,128
31,10.0,29:09,0.444,0.2,2.0,1.0,1.0,0.0,12.0,-17.0,145
31,11.0,24:30,0.75,0.667,1.0,2.0,1.0,0.0,15.0,17.0,154
31,12.0,24:06,0.5,0.5,5.0,1.0,2.0,0.0,13.0,-21.0,168
31,13.0,26:29,0.889,0.833,2.0,0.0,0.0,1.0,21.0,27.0,185
31,14.0,21:28,0.33299999999999996,0.5,3.0,0.0,0.0,1.0,8.0,0.0,195
31,15.0,42:33,0.25,0.28600000000000003,5.0,4.0,1.0,0.0,10.0,-13.0,208
31,16.0,23:57,0.556,0.5,5.0,3.0,0.0,3.0,13.0,-2.0,240
31,17.0,24:48,0.667,0.5,3.0,4.0,0.0,0.0,11.0,-22.0,256
31,18.0,28:52,0.444,0.5,0.0,2.0,0.0,0.0,11.0,-8.0,265
31,19.0,25:27,0.0,0.0,1.0,5.0,0.0,0.0,0.0,-16.0,292
31,20.0,33:20,0.273,0.25,2.0,0.0,1.0,2.0,10.0,-4.0,304
31,21.0,34:57,0.14300000000000002,0.2,3.0,5.0,0.0,1.0,4.0,2.0,314
31,22.0,38:09,0.3,0.125,4.0,1.0,0.0,1.0,12.0,-4.0,328
31,23.0,21:53,0.7140000000000001,0.6,2.0,5.0,0.0,0.0,14.0,-4.0,334
31,24.0,25:06,0.667,0.5,2.0,4.0,1.0,0.0,10.0,17.0,356
31,25.0,18:00,0.0,0.0,0.0,1.0,0.0,0.0,2.0,2.0,374
31,26.0,26:03,0.444,0.5,1.0,3.0,1.0,0.0,12.0,6.0,396
31,no play,,,,,,,,,,409
31,27.0,22:48,0.25,0.4,5.0,0.0,0.0,1.0,8.0,3.0,418
31,no play,,,,,,,,,,453
31,28.0,18:59,0.5,0.0,1.0,0.0,1.0,0.0,4.0,-3.0,476
31,29.0,34:09,0.33299999999999996,0.25,5.0,3.0,3.0,0.0,9.0,-9.0,494
31,30.0,29:21,0.28600000000000003,0.4,0.0,5.0,1.0,0.0,10.0,13.0,505
31,31.0,31:59,0.33299999999999996,0.4,3.0,2.0,0.0,0.0,8.0,20.0,526
31,32.0,24:42,0.16699999999999998,0.0,3.0,1.0,1.0,1.0,4.0,-16.0,551
31,33.0,30:30,0.5710000000000001,0.75,5.0,2.0,0.0,1.0,15.0,22.0,564
31,34.0,22:16,0.33299999999999996,0.25,2.0,3.0,0.0,0.0,5.0,-4.0,585
31,35.0,30:46,0.375,0.33299999999999996,4.0,1.0,0.0,0.0,8.0,11.0,597
31,36.0,29:14,0.111,0.0,2.0,3.0,0.0,0.0,2.0,-2.0,609
31,37.0,19:52,0.4,0.667,3.0,2.0,1.0,1.0,6.0,7.0,620
31,38.0,16:10,0.0,0.0,1.0,1.0,0.0,2.0,0.0,10.0,632
31,39.0,22:09,0.33299999999999996,,2.0,3.0,0.0,1.0,2.0,10.0,646
31,40.0,35:11,0.273,0.25,6.0,3.0,0.0,1.0,7.0,-12.0,658
31,41.0,23:30,0.6,0.667,1.0,2.0,1.0,0.0,8.0,-2.0,680
31,42.0,25:50,0.5710000000000001,0.6,0.0,2.0,1.0,0.0,11.0,-5.0,689
31,43.0,27:58,0.33299999999999996,0.2,2.0,3.0,0.0,0.0,9.0,-12.0,707
31,44.0,33:19,0.429,0.5,1.0,3.0,0.0,1.0,15.0,0.0,721
31,45.0,28:14,0.6,0.667,0.0,1.0,1.0,1.0,16.0,0.0,724
31,46.0,35:12,0.4,0.25,3.0,2.0,0.0,0.0,8.0,-28.0,742
31,47.0,28:11,0.2,0.4,4.0,1.0,1.0,1.0,8.0,-18.0,750
31,48.0,39:52,0.182,0.0,4.0,6.0,2.0,0.0,8.0,-18.0,764
31,49.0,27:50,0.28600000000000003,0.0,3.0,3.0,2.0,0.0,4.0,-16.0,779
31,50.0,31:41,0.5,0.5710000000000001,7.0,7.0,0.0,0.0,16.0,-2.0,788
31,51.0,28:24,0.5,0.667,5.0,5.0,0.0,0.0,13.0,26.0,801
31,52.0,30:16,0.5,0.5,1.0,3.0,1.0,2.0,11.0,9.0,816
31,53.0,24:31,0.375,0.667,6.0,2.0,1.0,0.0,11.0,-3.0,826
31,54.0,27:52,0.375,0.16699999999999998,6.0,1.0,0.0,0.0,11.0,3.0,842
31,55.0,23:39,0.429,0.33299999999999996,3.0,1.0,0.0,1.0,11.0,14.0,1232
31,56.0,23:47,0.556,0.5,3.0,0.0,0.0,1.0,14.0,-4.0,1244
31,57.0,23:41,0.429,0.5,3.0,3.0,1.0,0.0,10.0,-3.0,1259
31,58.0,26:06,0.25,0.33299999999999996,2.0,0.0,1.0,0.0,9.0,-26.0,859
31,59.0,29:58,0.2,0.25,5.0,1.0,0.0,0.0,5.0,9.0,870
31,60.0,36:36,0.667,0.5710000000000001,5.0,2.0,2.0,0.0,24.0,-21.0,880
31,61.0,26:40,0.5,0.0,0.0,2.0,0.0,0.0,6.0,-5.0,895
31,62.0,25:46,0.0,0.0,0.0,1.0,1.0,0.0,3.0,-2.0,923
31,63.0,27:55,0.3,0.33299999999999996,3.0,3.0,1.0,0.0,9.0,-14.0,934
31,64.0,22:54,0.5,0.0,0.0,3.0,0.0,0.0,6.0,-6.0,950
31,65.0,25:33,0.33299999999999996,0.25,3.0,2.0,0.0,0.0,7.0,-1.0,963
31,66.0,26:23,0.3,0.375,7.0,2.0,2.0,0.0,9.0,18.0,980
31,67.0,29:34,0.375,0.429,6.0,4.0,1.0,2.0,9.0,20.0,997
31,68.0,39:01,0.353,0.33299999999999996,5.0,2.0,2.0,1.0,20.0,1.0,1005
31,69.0,29:54,0.583,0.625,0.0,1.0,0.0,0.0,20.0,-5.0,1022
31,70.0,23:48,0.5,1.0,2.0,2.0,0.0,0.0,6.0,-1.0,1037
31,71.0,27:00,0.25,0.33299999999999996,2.0,1.0,0.0,1.0,7.0,-12.0,1052
31,72.0,33:23,0.5,0.6,4.0,2.0,0.0,1.0,11.0,12.0,1065
31,73.0,35:30,0.3,0.33299999999999996,5.0,7.0,3.0,0.0,9.0,1.0,1071
31,74.0,27:36,0.4,0.2,4.0,6.0,1.0,0.0,9.0,-4.0,1088
31,75.0,30:38,0.4,0.25,1.0,5.0,0.0,1.0,14.0,-11.0,1108
31,76.0,24:11,0.111,0.0,4.0,6.0,0.0,0.0,4.0,-12.0,1115
31,77.0,24:39,0.4,0.33299999999999996,3.0,4.0,1.0,0.0,13.0,-9.0,1134
31,78.0,28:01,0.3,0.33299999999999996,3.0,2.0,0.0,0.0,8.0,0.0,1152
31,79.0,26:28,0.5,0.5,0.0,2.0,0.0,0.0,15.0,3.0,1164
31,80.0,29:44,0.273,0.33299999999999996,4.0,3.0,1.0,0.0,12.0,-3.0,1181
