Player_ID,G,MP,FG%,3P%,TRB,AST,STL,BLK,PTS,+/-,Game_ID
233,1.0,35:49,0.5,,14.0,3.0,2.0,0.0,17.0,0.0,0
233,2.0,26:00,0.25,,14.0,3.0,1.0,0.0,7.0,-13.0,16
233,3.0,24:41,0.625,,9.0,1.0,0.0,0.0,11.0,-10.0,25
233,4.0,31:25,0.688,,14.0,4.0,1.0,1.0,24.0,21.0,44
233,5.0,28:58,0.364,,9.0,3.0,2.0,0.0,10.0,0.0,61
233,6.0,26:03,0.5,,9.0,1.0,0.0,1.0,6.0,-6.0,77
233,7.0,22:55,0.625,,6.0,5.0,1.0,0.0,11.0,-6.0,92
233,8.0,30:27,0.579,1.0,14.0,6.0,0.0,1.0,24.0,-6.0,105
233,9.0,26:05,0.16699999999999998,0.0,8.0,3.0,0.0,0.0,4.0,-16.0,120
233,10.0,19:28,0.2,,7.0,3.0,0.0,0.0,4.0,11.0,137
233,11.0,25:02,0.1,,12.0,1.0,0.0,1.0,2.0,-19.0,141
233,12.0,27:07,0.41700000000000004,,14.0,0.0,0.0,3.0,10.0,2.0,155
233,13.0,25:40,0.313,0.0,12.0,1.0,0.0,0.0,12.0,8.0,183
233,14.0,28:08,0.33299999999999996,0.0,11.0,2.0,0.0,1.0,8.0,4.0,200
233,15.0,29:22,0.667,,14.0,2.0,1.0,1.0,21.0,1.0,210
233,16.0,35:00,0.5,0.5,17.0,2.0,3.0,3.0,17.0,3.0,237
233,17.0,29:55,0.467,0.33299999999999996,16.0,3.0,0.0,1.0,17.0,-1.0,259
233,18.0,24:53,0.375,0.0,10.0,0.0,2.0,1.0,12.0,6.0,275
233,19.0,30:24,0.4,0.33299999999999996,11.0,0.0,0.0,3.0,18.0,-2.0,288
233,20.0,27:15,0.556,1.0,11.0,5.0,1.0,1.0,12.0,20.0,292
233,21.0,28:01,0.5710000000000001,0.0,8.0,2.0,0.0,2.0,16.0,12.0,310
233,22.0,25:09,0.444,0.0,10.0,6.0,1.0,0.0,10.0,4.0,325
233,23.0,26:58,0.35700000000000004,0.0,10.0,2.0,2.0,0.0,12.0,-8.0,1193
233,24.0,22:42,0.3,,5.0,2.0,1.0,0.0,7.0,-14.0,337
233,no play,,,,,,,,,,347
233,no play,,,,,,,,,,369
233,no play,,,,,,,,,,376
233,25.0,30:42,0.474,0.0,10.0,4.0,2.0,3.0,21.0,1.0,390
233,26.0,25:24,0.41700000000000004,,9.0,1.0,0.0,0.0,10.0,-28.0,410
233,27.0,40:14,0.55,1.0,12.0,3.0,0.0,2.0,26.0,15.0,422
233,28.0,27:09,0.364,0.0,5.0,6.0,1.0,0.0,10.0,-15.0,439
233,29.0,25:35,0.455,,7.0,3.0,1.0,1.0,11.0,12.0,443
233,30.0,27:11,0.545,1.0,9.0,1.0,0.0,1.0,13.0,9.0,467
233,31.0,26:35,0.769,,5.0,4.0,3.0,1.0,21.0,-17.0,482
233,32.0,29:32,0.5,0.0,11.0,1.0,1.0,2.0,18.0,-4.0,515
233,33.0,31:13,0.636,,13.0,5.0,2.0,0.0,14.0,9.0,521
233,34.0,30:20,0.385,0.0,6.0,6.0,1.0,3.0,10.0,-6.0,535
233,35.0,28:26,0.267,1.0,12.0,1.0,0.0,1.0,9.0,-10.0,550
233,36.0,26:07,0.47100000000000003,0.25,7.0,4.0,0.0,2.0,19.0,-7.0,572
233,37.0,31:39,0.5,0.0,12.0,4.0,1.0,2.0,16.0,-9.0,589
233,38.0,31:47,0.722,,10.0,4.0,1.0,2.0,30.0,12.0,603
233,39.0,32:58,0.467,0.33299999999999996,8.0,3.0,3.0,0.0,15.0,10.0,610
233,40.0,27:49,0.615,0.0,4.0,2.0,1.0,1.0,17.0,-13.0,622
233,41.0,26:01,0.444,,8.0,5.0,0.0,0.0,10.0,-7.0,636
233,42.0,23:00,0.5,,6.0,2.0,0.0,0.0,13.0,-5.0,648
233,43.0,23:43,0.75,,4.0,1.0,2.0,1.0,12.0,-19.0,666
233,44.0,32:30,0.5,0.0,8.0,2.0,2.0,0.0,20.0,6.0,682
233,45.0,23:02,0.7,0.0,7.0,2.0,1.0,0.0,14.0,-19.0,701
233,46.0,33:19,0.529,0.75,10.0,5.0,0.0,4.0,25.0,-3.0,720
233,47.0,37:36,0.33299999999999996,0.0,11.0,5.0,0.0,1.0,13.0,6.0,726
233,48.0,37:37,0.4,0.0,15.0,5.0,2.0,0.0,15.0,-1.0,736
233,49.0,29:42,0.563,,5.0,3.0,1.0,1.0,18.0,9.0,752
233,50.0,23:30,0.4,,7.0,2.0,2.0,0.0,8.0,-25.0,762
233,51.0,30:01,0.583,,19.0,4.0,3.0,1.0,14.0,-3.0,786
233,52.0,31:25,0.769,,11.0,3.0,1.0,2.0,21.0,-1.0,801
233,53.0,27:17,0.2,,10.0,1.0,0.0,1.0,3.0,-21.0,819
233,54.0,31:29,0.28600000000000003,,17.0,3.0,3.0,0.0,13.0,2.0,829
233,55.0,28:26,0.43799999999999994,,10.0,0.0,0.0,1.0,16.0,-13.0,840
233,56.0,32:30,0.4,0.5,9.0,2.0,0.0,1.0,25.0,-17.0,
233,57.0,28:51,0.429,0.0,14.0,1.0,2.0,2.0,16.0,27.0,1243
233,58.0,26:49,0.375,,10.0,0.0,1.0,0.0,14.0,-19.0,856
233,59.0,32:03,0.611,0.5,9.0,1.0,1.0,3.0,25.0,18.0,872
233,no play,,,,,,,,,,891
233,no play,,,,,,,,,,896
233,no play,,,,,,,,,,909
233,no play,,,,,,,,,,925
233,60.0,27:51,0.474,0.0,15.0,0.0,0.0,1.0,20.0,-3.0,937
233,61.0,32:05,0.588,1.0,9.0,4.0,2.0,2.0,23.0,1.0,957
233,62.0,24:36,0.33299999999999996,0.0,8.0,4.0,1.0,0.0,10.0,-28.0,979
233,63.0,32:20,0.4,0.0,17.0,2.0,3.0,0.0,18.0,15.0,986
233,64.0,36:36,0.435,0.0,13.0,2.0,2.0,0.0,26.0,0.0,1005
233,65.0,29:57,0.5,0.0,12.0,8.0,1.0,3.0,14.0,1.0,1019
233,66.0,26:29,0.5710000000000001,0.0,8.0,6.0,1.0,1.0,16.0,28.0,1034
233,67.0,28:39,0.455,0.0,15.0,4.0,0.0,0.0,12.0,-8.0,1057
233,68.0,32:44,0.214,,16.0,1.0,1.0,2.0,11.0,-5.0,1072
233,69.0,27:22,0.308,,7.0,2.0,1.0,0.0,8.0,-2.0,1089
233,70.0,32:24,0.65,0.5,11.0,1.0,1.0,1.0,27.0,10.0,1099
233,71.0,23:58,0.33299999999999996,,10.0,2.0,1.0,1.0,6.0,-22.0,1117
233,72.0,33:48,0.5,0.0,12.0,5.0,1.0,0.0,18.0,18.0,1135
233,73.0,31:04,0.33299999999999996,0.0,10.0,5.0,3.0,1.0,8.0,-5.0,1151
233,74.0,26:36,0.429,1.0,10.0,2.0,0.0,1.0,14.0,-23.0,1167
233,75.0,27:26,0.5329999999999999,1.0,11.0,1.0,2.0,2.0,18.0,11.0,1178
