Player_ID,G,MP,FG%,3P%,TRB,AST,STL,BLK,PTS,+/-,Game_ID
99,1.0,16:06,1.0,1.0,1.0,0.0,0.0,1.0,11.0,14.0,
99,2.0,9:47,0.33299999999999996,0.0,0.0,0.0,0.0,0.0,6.0,-13.0,13
99,3.0,7:24,,,4.0,0.0,0.0,0.0,0.0,0.0,29
99,4.0,12:16,0.28600000000000003,0.4,1.0,0.0,1.0,0.0,6.0,-5.0,50
99,no play,,,,,,,,,,59
99,no play,,,,,,,,,,72
99,5.0,2:33,,,1.0,0.0,0.0,0.0,0.0,-4.0,84
99,6.0,14:31,0.25,0.25,8.0,0.0,1.0,1.0,5.0,-11.0,99
99,7.0,26:28,0.25,0.5,11.0,1.0,0.0,0.0,5.0,-8.0,111
99,no play,,,,,,,,,,124
99,8.0,4:50,,,0.0,0.0,0.0,0.0,0.0,-15.0,140
99,9.0,9:34,0.0,0.0,5.0,0.0,0.0,0.0,0.0,-2.0,152
99,10.0,16:13,0.6,0.5,3.0,0.0,0.0,2.0,9.0,5.0,167
99,11.0,16:08,0.0,,6.0,0.0,0.0,0.0,0.0,-4.0,173
99,12.0,14:56,1.0,,3.0,0.0,1.0,2.0,2.0,6.0,190
99,13.0,6:16,,,2.0,0.0,0.0,1.0,2.0,-2.0,204
99,14.0,13:42,0.0,0.0,5.0,0.0,0.0,0.0,0.0,6.0,211
99,15.0,5:21,0.0,,1.0,1.0,1.0,0.0,0.0,-1.0,248
99,no play,,,,,,,,,,262
99,16.0,2:02,1.0,,1.0,1.0,0.0,0.0,2.0,5.0,285
99,17.0,4:17,,,2.0,0.0,0.0,0.0,1.0,2.0,308
99,no play,,,,,,,,,,318
99,no play,,,,,,,,,,1196
99,18.0,6:48,0.0,0.0,0.0,1.0,0.0,0.0,0.0,3.0,333
99,19.0,6:43,1.0,,2.0,0.0,0.0,0.0,6.0,3.0,348
99,20.0,14:39,0.33299999999999996,,4.0,0.0,1.0,1.0,2.0,-2.0,366
99,21.0,18:54,0.5,,5.0,0.0,1.0,1.0,5.0,-4.0,373
99,22.0,18:21,0.375,,7.0,0.0,0.0,0.0,6.0,-5.0,386
99,23.0,23:49,0.429,,8.0,0.0,1.0,0.0,6.0,-29.0,405
99,24.0,10:21,,,4.0,0.0,1.0,0.0,0.0,-12.0,428
99,no play,,,,,,,,,,436
99,25.0,17:30,0.33299999999999996,,4.0,0.0,1.0,0.0,5.0,-3.0,454
99,26.0,15:23,0.4,,8.0,2.0,0.0,1.0,5.0,-6.0,474
99,27.0,17:02,0.33299999999999996,,3.0,0.0,1.0,1.0,4.0,5.0,489
99,28.0,9:11,1.0,,2.0,0.0,0.0,0.0,2.0,2.0,504
99,29.0,6:30,,,1.0,0.0,0.0,0.0,0.0,-6.0,516
99,30.0,6:38,0.33299999999999996,,4.0,0.0,0.0,0.0,2.0,-13.0,539
99,31.0,3:31,0.0,,1.0,0.0,0.0,0.0,0.0,-13.0,548
99,32.0,13:14,,,2.0,2.0,0.0,0.0,0.0,-3.0,571
99,33.0,5:39,,,0.0,0.0,0.0,0.0,0.0,-3.0,582
99,34.0,3:41,0.0,,3.0,0.0,0.0,1.0,2.0,-7.0,590
99,no play,,,,,,,,,,603
99,35.0,19:40,0.8,,8.0,1.0,0.0,0.0,10.0,8.0,619
99,36.0,18:26,0.2,,7.0,0.0,0.0,2.0,4.0,-9.0,634
99,37.0,25:52,0.667,1.0,5.0,0.0,1.0,0.0,10.0,-3.0,646
99,38.0,16:57,0.5,,6.0,0.0,3.0,0.0,8.0,7.0,655
99,39.0,20:23,0.667,,10.0,0.0,0.0,0.0,8.0,14.0,694
99,40.0,15:48,0.0,,3.0,0.0,0.0,0.0,0.0,1.0,708
99,41.0,17:38,0.5,,5.0,1.0,1.0,0.0,4.0,-16.0,723
99,42.0,19:31,0.222,,10.0,0.0,0.0,0.0,4.0,0.0,734
99,43.0,7:17,0.667,,3.0,0.0,0.0,0.0,4.0,-15.0,760
99,44.0,14:55,0.5,,4.0,0.0,0.0,0.0,4.0,-13.0,773
99,45.0,22:16,0.0,,8.0,0.0,0.0,0.0,0.0,2.0,787
99,46.0,15:58,0.33299999999999996,,9.0,1.0,0.0,1.0,2.0,1.0,804
99,47.0,14:15,0.0,,4.0,0.0,0.0,1.0,1.0,-3.0,836
99,48.0,24:28,,,6.0,0.0,1.0,0.0,0.0,-3.0,849
99,49.0,15:59,1.0,,4.0,0.0,0.0,1.0,7.0,-1.0,
99,50.0,20:31,0.667,,4.0,0.0,0.0,1.0,5.0,5.0,1254
99,51.0,19:05,1.0,,3.0,2.0,0.0,0.0,5.0,18.0,1266
99,52.0,16:14,0.25,,5.0,0.0,0.0,0.0,2.0,8.0,869
99,53.0,15:47,0.2,,5.0,0.0,2.0,0.0,2.0,15.0,887
99,54.0,21:39,0.833,,5.0,2.0,0.0,0.0,11.0,-2.0,906
99,55.0,11:59,1.0,,4.0,0.0,0.0,0.0,4.0,2.0,923
99,56.0,18:27,0.667,,8.0,0.0,0.0,1.0,4.0,-9.0,943
99,57.0,22:37,0.4,,7.0,1.0,1.0,0.0,7.0,3.0,948
99,58.0,22:34,0.0,,9.0,0.0,1.0,0.0,3.0,-7.0,962
99,59.0,26:24,1.0,,6.0,3.0,0.0,0.0,12.0,4.0,971
99,60.0,26:58,0.5710000000000001,,11.0,0.0,0.0,0.0,10.0,11.0,989
99,61.0,28:34,0.7140000000000001,,7.0,1.0,1.0,0.0,11.0,-5.0,1001
99,62.0,27:59,0.5,,8.0,1.0,1.0,0.0,8.0,12.0,1017
99,63.0,32:09,0.28600000000000003,,12.0,0.0,1.0,1.0,4.0,5.0,1031
99,64.0,23:29,1.0,,3.0,1.0,0.0,0.0,3.0,2.0,1046
99,65.0,25:37,0.5,,14.0,0.0,0.0,0.0,8.0,-4.0,1056
99,66.0,29:10,0.667,,5.0,1.0,2.0,0.0,4.0,13.0,1069
99,67.0,14:38,0.5,,3.0,1.0,0.0,0.0,3.0,3.0,1085
99,68.0,35:16,0.75,,13.0,2.0,2.0,0.0,12.0,15.0,1101
99,69.0,26:09,0.8,,4.0,0.0,2.0,2.0,12.0,-13.0,1114
99,70.0,21:12,0.0,,1.0,0.0,0.0,0.0,2.0,-13.0,1123
99,71.0,22:56,0.667,,7.0,1.0,0.0,2.0,9.0,3.0,1139
99,72.0,30:52,0.2,,9.0,2.0,0.0,3.0,2.0,9.0,1155
99,73.0,37:03,0.667,,11.0,1.0,0.0,0.0,12.0,-2.0,1170
99,74.0,38:11,0.625,,19.0,1.0,1.0,0.0,12.0,-13.0,1191
