Player_ID,G,MP,FG%,3P%,TRB,AST,STL,BLK,PTS,+/-,Game_ID
84,1.0,16:32,0.33299999999999996,,1.0,1.0,0.0,0.0,2.0,3.0,6
84,2.0,7:46,1.0,,3.0,0.0,0.0,0.0,2.0,-7.0,21
84,3.0,15:01,,,7.0,1.0,0.0,0.0,0.0,-10.0,28
84,4.0,13:13,0.33299999999999996,,7.0,1.0,1.0,1.0,5.0,6.0,47
84,5.0,35:29,0.0,,11.0,2.0,0.0,0.0,0.0,7.0,56
84,6.0,24:56,0.0,,12.0,1.0,0.0,2.0,0.0,6.0,71
84,7.0,14:19,0.5,,6.0,0.0,0.0,0.0,8.0,17.0,95
84,8.0,25:46,0.25,,9.0,0.0,0.0,1.0,5.0,-9.0,101
84,9.0,19:11,0.8,,6.0,0.0,0.0,0.0,10.0,-1.0,113
84,10.0,13:20,0.33299999999999996,,5.0,0.0,0.0,0.0,2.0,-2.0,125
84,11.0,12:28,1.0,,4.0,0.0,0.0,0.0,4.0,-2.0,144
84,12.0,19:37,0.0,,10.0,0.0,0.0,1.0,0.0,3.0,155
84,13.0,17:28,0.5,,5.0,2.0,0.0,2.0,2.0,3.0,173
84,14.0,13:11,,,5.0,1.0,1.0,0.0,0.0,-14.0,181
84,15.0,21:45,0.667,,6.0,1.0,0.0,0.0,6.0,26.0,205
84,16.0,27:32,0.667,,9.0,0.0,0.0,0.0,6.0,7.0,218
84,17.0,17:32,1.0,,4.0,0.0,0.0,0.0,6.0,-19.0,248
84,18.0,6:51,1.0,,4.0,0.0,0.0,0.0,2.0,0.0,261
84,19.0,26:14,0.667,,11.0,1.0,1.0,1.0,10.0,13.0,274
84,20.0,17:37,0.667,,5.0,0.0,0.0,0.0,4.0,-20.0,297
84,21.0,16:20,0.0,,3.0,0.0,1.0,0.0,0.0,-7.0,311
84,22.0,13:23,0.0,,3.0,0.0,0.0,0.0,1.0,-12.0,320
84,23.0,19:50,0.75,,9.0,2.0,1.0,0.0,8.0,-5.0,334
84,24.0,17:31,0.0,,4.0,1.0,0.0,1.0,0.0,-17.0,355
84,25.0,4:28,,,0.0,0.0,0.0,0.0,0.0,1.0,359
84,no play,,,,,,,,,,371
84,26.0,6:30,0.0,,4.0,0.0,0.0,0.0,0.0,-7.0,385
84,no play,,,,,,,,,,395
84,no play,,,,,,,,,,412
84,27.0,15:32,0.0,,6.0,0.0,0.0,1.0,2.0,5.0,418
84,28.0,8:49,0.0,,2.0,1.0,0.0,0.0,0.0,-11.0,433
84,no play,,,,,,,,,,449
84,no play,,,,,,,,,,471
84,no play,,,,,,,,,,486
84,no play,,,,,,,,,,500
84,no play,,,,,,,,,,519
84,no play,,,,,,,,,,544
84,no play,,,,,,,,,,558
84,no play,,,,,,,,,,573
84,29.0,5:28,,,1.0,0.0,0.0,0.0,0.0,0.0,592
84,no play,,,,,,,,,,607
84,no play,,,,,,,,,,621
84,no play,,,,,,,,,,636
84,no play,,,,,,,,,,650
84,no play,,,,,,,,,,676
84,30.0,3:51,,,0.0,0.0,0.0,0.0,0.0,-8.0,691
84,no play,,,,,,,,,,705
84,no play,,,,,,,,,,719
84,no play,,,,,,,,,,731
84,no play,,,,,,,,,,741
84,no play,,,,,,,,,,761
84,no play,,,,,,,,,,780
84,no play,,,,,,,,,,795
84,31.0,4:37,,,1.0,0.0,0.0,0.0,0.0,-6.0,810
84,no play,,,,,,,,,,825
84,no play,,,,,,,,,,835
84,no play,,,,,,,,,,846
84,no play,,,,,,,,,,1228
84,no play,,,,,,,,,,1246
84,no play,,,,,,,,,,1256
84,no play,,,,,,,,,,861
84,no play,,,,,,,,,,878
84,no play,,,,,,,,,,894
84,no play,,,,,,,,,,904
84,no play,,,,,,,,,,913
84,no play,,,,,,,,,,936
84,no play,,,,,,,,,,962
84,no play,,,,,,,,,,967
84,no play,,,,,,,,,,984
84,no play,,,,,,,,,,999
84,no play,,,,,,,,,,1014
84,no play,,,,,,,,,,1039
84,no play,,,,,,,,,,1055
84,no play,,,,,,,,,,1062
84,no play,,,,,,,,,,1077
84,no play,,,,,,,,,,1092
84,no play,,,,,,,,,,1107
84,no play,,,,,,,,,,1119
84,no play,,,,,,,,,,1145
84,no play,,,,,,,,,,1156
84,no play,,,,,,,,,,1176
84,no play,,,,,,,,,,1191
