Player_ID,G,MP,FG%,3P%,TRB,AST,STL,BLK,PTS,+/-,Game_ID
303,no play,,,,,,,,,,
303,no play,,,,,,,,,,13
303,no play,,,,,,,,,,29
303,1.0,8:00,,,1.0,2.0,0.0,0.0,0.0,10.0,50
303,no play,,,,,,,,,,59
303,no play,,,,,,,,,,72
303,no play,,,,,,,,,,84
303,no play,,,,,,,,,,99
303,2.0,8:05,,,1.0,1.0,0.0,1.0,1.0,5.0,111
303,no play,,,,,,,,,,124
303,no play,,,,,,,,,,140
303,3.0,8:32,1.0,,1.0,1.0,0.0,0.0,3.0,-3.0,152
303,4.0,5:39,0.5,,1.0,0.0,0.0,0.0,2.0,6.0,167
303,5.0,1:45,,,0.0,0.0,0.0,0.0,0.0,6.0,173
303,6.0,2:43,0.0,0.0,0.0,0.0,0.0,0.0,0.0,2.0,190
303,no play,,,,,,,,,,204
303,7.0,4:01,1.0,1.0,1.0,0.0,0.0,0.0,7.0,8.0,211
303,8.0,0:59,,,0.0,0.0,0.0,0.0,0.0,2.0,248
303,no play,,,,,,,,,,262
303,9.0,2:02,,,1.0,0.0,0.0,0.0,0.0,5.0,285
303,no play,,,,,,,,,,308
303,no play,,,,,,,,,,318
303,no play,,,,,,,,,,1196
303,no play,,,,,,,,,,333
303,no play,,,,,,,,,,348
303,no play,,,,,,,,,,366
303,10.0,4:36,0.5,,0.0,0.0,0.0,0.0,3.0,-2.0,373
303,11.0,1:12,,,0.0,0.0,0.0,0.0,0.0,2.0,386
303,12.0,17:53,1.0,,4.0,0.0,0.0,0.0,5.0,-16.0,405
303,no play,,,,,,,,,,428
303,no play,,,,,,,,,,436
303,13.0,7:38,,,1.0,0.0,0.0,0.0,0.0,-4.0,454
303,no play,,,,,,,,,,474
303,no play,,,,,,,,,,489
303,14.0,6:25,0.5,1.0,1.0,1.0,0.0,0.0,3.0,2.0,504
303,no play,,,,,,,,,,516
303,15.0,9:07,,,0.0,0.0,0.0,0.0,0.0,-9.0,539
303,no play,,,,,,,,,,548
303,no play,,,,,,,,,,571
303,16.0,2:33,,,0.0,1.0,0.0,0.0,0.0,3.0,582
303,17.0,3:41,0.0,,1.0,0.0,1.0,0.0,0.0,-7.0,590
303,18.0,13:22,0.25,0.33299999999999996,1.0,1.0,1.0,0.0,3.0,4.0,603
303,19.0,4:39,1.0,,1.0,1.0,0.0,0.0,2.0,3.0,619
303,20.0,4:10,0.0,0.0,2.0,1.0,0.0,0.0,0.0,-2.0,634
303,no play,,,,,,,,,,646
303,no play,,,,,,,,,,655
303,21.0,15:04,0.5,1.0,1.0,0.0,1.0,1.0,5.0,-12.0,694
303,22.0,13:22,0.5,,2.0,2.0,0.0,0.0,2.0,-3.0,708
303,23.0,0:02,,,0.0,0.0,0.0,0.0,0.0,0.0,723
303,24.0,4:14,1.0,1.0,0.0,0.0,0.0,0.0,5.0,-7.0,734
303,no play,,,,,,,,,,760
303,no play,,,,,,,,,,773
303,no play,,,,,,,,,,787
303,25.0,15:23,0.667,0.5,1.0,2.0,0.0,0.0,5.0,0.0,804
303,26.0,9:45,0.16699999999999998,0.33299999999999996,3.0,1.0,0.0,0.0,3.0,8.0,836
303,27.0,20:25,0.0,0.0,7.0,1.0,1.0,0.0,3.0,5.0,849
303,no play,,,,,,,,,,
303,no play,,,,,,,,,,1254
303,no play,,,,,,,,,,1266
303,28.0,7:57,,,1.0,0.0,0.0,0.0,0.0,-6.0,869
303,29.0,5:49,,,1.0,1.0,0.0,0.0,0.0,4.0,887
303,no play,,,,,,,,,,906
303,no play,,,,,,,,,,923
303,no play,,,,,,,,,,943
303,no play,,,,,,,,,,948
303,30.0,11:59,0.5,1.0,3.0,1.0,0.0,0.0,5.0,2.0,962
303,no play,,,,,,,,,,971
303,31.0,2:31,,,0.0,0.0,0.0,0.0,0.0,-4.0,989
303,no play,,,,,,,,,,1001
303,no play,,,,,,,,,,1017
303,32.0,1:57,,,0.0,0.0,0.0,0.0,0.0,-5.0,1031
303,33.0,2:54,1.0,1.0,0.0,0.0,0.0,0.0,3.0,-7.0,1046
303,34.0,2:52,0.0,,1.0,0.0,0.0,0.0,0.0,-4.0,1056
303,no play,,,,,,,,,,1069
303,no play,,,,,,,,,,1085
303,35.0,2:49,0.5,0.0,0.0,0.0,1.0,0.0,2.0,-2.0,1101
303,no play,,,,,,,,,,1114
303,36.0,3:44,,,2.0,1.0,0.0,0.0,0.0,-1.0,1123
303,no play,,,,,,,,,,1139
303,37.0,7:13,0.5,,2.0,0.0,0.0,0.0,2.0,-1.0,1155
303,38.0,34:49,0.6,0.75,4.0,3.0,1.0,0.0,15.0,8.0,1170
303,39.0,36:06,0.5379999999999999,0.5,7.0,7.0,0.0,0.0,19.0,-8.0,1191
