Player_ID,G,MP,FG%,3P%,TRB,AST,STL,BLK,PTS,+/-,Game_ID
343,1.0,9:00,0.33299999999999996,0.0,0.0,2.0,1.0,1.0,2.0,-3.0,
343,2.0,9:59,1.0,1.0,0.0,0.0,1.0,0.0,3.0,-2.0,21
343,no play,,,,,,,,,,32
343,no play,,,,,,,,,,50
343,no play,,,,,,,,,,65
343,no play,,,,,,,,,,74
343,no play,,,,,,,,,,95
343,3.0,19:46,0.5,1.0,2.0,3.0,0.0,0.0,5.0,6.0,112
343,4.0,14:42,0.5,0.0,1.0,2.0,0.0,1.0,8.0,5.0,115
343,5.0,17:56,0.5,0.667,2.0,0.0,1.0,2.0,6.0,4.0,139
343,6.0,20:30,0.667,0.5,2.0,2.0,1.0,1.0,5.0,-3.0,161
343,7.0,16:05,0.33299999999999996,0.0,1.0,0.0,0.0,0.0,2.0,-14.0,175
343,8.0,17:25,0.25,0.33299999999999996,1.0,1.0,0.0,0.0,3.0,-18.0,187
343,9.0,12:00,0.25,0.25,0.0,0.0,0.0,0.0,5.0,8.0,198
343,10.0,14:51,0.0,,1.0,4.0,0.0,0.0,0.0,22.0,219
343,11.0,11:51,0.5,0.5,1.0,1.0,0.0,0.0,3.0,-11.0,249
343,12.0,13:25,1.0,,2.0,0.0,1.0,0.0,2.0,-4.0,255
343,13.0,3:48,0.0,0.0,0.0,0.0,0.0,0.0,1.0,-2.0,270
343,14.0,9:26,,,1.0,1.0,0.0,0.0,0.0,-11.0,291
343,15.0,7:51,0.5,,0.0,0.0,0.0,1.0,2.0,7.0,309
343,16.0,15:15,0.375,0.5,4.0,5.0,1.0,0.0,9.0,14.0,324
343,17.0,7:44,0.0,0.0,0.0,0.0,0.0,0.0,0.0,-2.0,1201
343,18.0,16:19,0.8,0.667,1.0,0.0,1.0,0.0,10.0,-3.0,335
343,19.0,20:46,0.33299999999999996,0.5,4.0,1.0,0.0,1.0,3.0,-1.0,351
343,20.0,6:41,,,0.0,0.0,1.0,0.0,0.0,-4.0,358
343,21.0,2:26,,,1.0,0.0,1.0,0.0,0.0,2.0,371
343,22.0,14:38,0.25,0.0,1.0,1.0,0.0,0.0,2.0,-2.0,388
343,23.0,15:38,0.0,0.0,2.0,2.0,1.0,0.0,0.0,20.0,405
343,24.0,11:13,0.0,,0.0,1.0,0.0,0.0,0.0,-3.0,427
343,25.0,7:48,0.5,1.0,0.0,0.0,0.0,0.0,3.0,-2.0,438
343,no play,,,,,,,,,,446
343,26.0,0:05,,,0.0,0.0,0.0,0.0,0.0,-1.0,462
343,no play,,,,,,,,,,490
343,no play,,,,,,,,,,506
343,no play,,,,,,,,,,525
343,27.0,1:26,,,1.0,0.0,0.0,0.0,0.0,-3.0,539
343,28.0,2:58,0.0,0.0,0.0,0.0,0.0,0.0,0.0,-2.0,555
343,no play,,,,,,,,,,570
343,29.0,18:30,0.33299999999999996,0.5,3.0,0.0,0.0,0.0,3.0,-11.0,583
343,30.0,3:38,,,0.0,0.0,0.0,0.0,0.0,-4.0,596
343,31.0,4:41,,,1.0,0.0,0.0,0.0,2.0,-3.0,624
343,32.0,3:39,1.0,,1.0,1.0,0.0,0.0,2.0,2.0,639
343,33.0,3:20,1.0,1.0,0.0,0.0,0.0,0.0,8.0,-7.0,651
343,34.0,20:17,0.364,0.4,1.0,1.0,0.0,0.0,10.0,-12.0,666
343,35.0,17:42,0.5,0.5,0.0,0.0,0.0,0.0,3.0,-8.0,673
343,36.0,11:58,0.667,0.0,2.0,0.0,0.0,1.0,4.0,-3.0,692
343,37.0,18:05,0.4,0.25,2.0,1.0,0.0,0.0,5.0,25.0,712
343,38.0,19:50,0.5,0.5,1.0,0.0,0.0,0.0,3.0,9.0,723
343,39.0,18:15,0.2,0.25,1.0,0.0,1.0,1.0,5.0,-13.0,747
343,40.0,28:16,0.429,0.4,1.0,6.0,2.0,0.0,8.0,5.0,751
343,41.0,8:55,0.0,0.0,1.0,1.0,1.0,0.0,0.0,-2.0,770
343,42.0,8:43,0.33299999999999996,0.5,1.0,3.0,1.0,0.0,3.0,9.0,798
343,43.0,8:14,,,0.0,2.0,0.0,0.0,0.0,-4.0,809
343,44.0,1:52,,,0.0,0.0,0.0,0.0,0.0,-6.0,818
343,45.0,35:28,0.615,0.2,1.0,2.0,0.0,0.0,19.0,-22.0,833
343,46.0,17:44,0.25,0.0,2.0,1.0,1.0,1.0,4.0,21.0,853
343,47.0,11:50,0.33299999999999996,,1.0,0.0,0.0,0.0,2.0,-12.0,1230
343,48.0,24:46,0.429,0.2,4.0,1.0,0.0,2.0,9.0,19.0,1249
343,49.0,7:57,,,1.0,0.0,0.0,0.0,2.0,-3.0,1259
343,50.0,23:50,1.0,1.0,2.0,1.0,0.0,0.0,8.0,-3.0,1265
343,51.0,28:38,0.8,1.0,4.0,2.0,2.0,1.0,11.0,-7.0,867
343,52.0,16:00,0.667,,2.0,0.0,1.0,0.0,4.0,13.0,889
343,53.0,26:38,0.5,0.75,7.0,1.0,1.0,0.0,9.0,11.0,898
343,54.0,32:04,0.429,0.0,4.0,3.0,0.0,0.0,6.0,-3.0,919
343,55.0,25:18,0.429,0.0,4.0,1.0,0.0,0.0,6.0,-14.0,928
343,56.0,41:51,0.0,0.0,2.0,1.0,1.0,0.0,2.0,-21.0,940
343,57.0,13:44,0.5,,0.0,2.0,0.0,0.0,2.0,-13.0,963
343,58.0,19:50,0.5,0.0,0.0,3.0,1.0,0.0,2.0,19.0,979
343,59.0,15:25,1.0,,1.0,1.0,0.0,0.0,5.0,2.0,995
343,60.0,20:05,1.0,1.0,5.0,3.0,1.0,0.0,5.0,-5.0,1009
343,61.0,29:52,0.5710000000000001,0.667,3.0,2.0,1.0,0.0,10.0,6.0,1015
343,62.0,16:11,0.667,0.0,2.0,0.0,0.0,1.0,4.0,0.0,1041
343,63.0,12:50,0.0,,1.0,1.0,1.0,0.0,0.0,1.0,1054
343,64.0,11:40,0.33299999999999996,0.5,0.0,3.0,1.0,0.0,3.0,4.0,1068
343,65.0,0:52,,,0.0,0.0,0.0,0.0,0.0,-2.0,1078
343,no play,,,,,,,,,,1096
343,66.0,13:18,0.33299999999999996,0.0,1.0,1.0,0.0,0.0,4.0,11.0,1112
343,67.0,8:49,1.0,,1.0,0.0,1.0,0.0,2.0,-9.0,1124
343,68.0,26:08,0.8,0.5,5.0,4.0,3.0,0.0,9.0,-7.0,1132
343,69.0,20:35,0.0,0.0,0.0,2.0,2.0,0.0,2.0,8.0,1156
343,70.0,27:04,0.444,0.33299999999999996,0.0,0.0,0.0,0.0,9.0,-9.0,1172
343,71.0,28:03,0.41700000000000004,0.2,4.0,1.0,0.0,1.0,13.0,2.0,1190
