Player_ID,G,MP,FG%,3P%,TRB,AST,STL,BLK,PTS,+/-,Game_ID
296,1.0,26:16,0.2,0.0,4.0,1.0,1.0,0.0,3.0,2.0,3
296,2.0,34:10,0.33299999999999996,0.2,6.0,3.0,1.0,0.0,5.0,2.0,14
296,3.0,32:51,0.25,0.0,7.0,3.0,1.0,5.0,3.0,7.0,38
296,4.0,30:14,0.444,0.33299999999999996,3.0,2.0,0.0,0.0,10.0,16.0,51
296,5.0,29:24,0.25,0.0,7.0,1.0,1.0,0.0,4.0,8.0,67
296,6.0,31:04,0.16699999999999998,0.0,9.0,2.0,1.0,2.0,6.0,-10.0,85
296,7.0,33:25,0.455,0.375,3.0,3.0,2.0,0.0,13.0,18.0,108
296,8.0,32:55,0.2,0.28600000000000003,7.0,3.0,0.0,0.0,6.0,11.0,119
296,9.0,27:45,0.375,0.28600000000000003,5.0,2.0,1.0,0.0,10.0,17.0,127
296,10.0,33:32,0.16699999999999998,0.0,6.0,2.0,2.0,0.0,2.0,-14.0,149
296,11.0,24:57,0.28600000000000003,0.33299999999999996,4.0,1.0,0.0,0.0,5.0,-8.0,161
296,12.0,29:54,0.0,0.0,6.0,1.0,0.0,1.0,1.0,4.0,177
296,13.0,26:35,0.5710000000000001,0.5,5.0,1.0,1.0,0.0,11.0,8.0,192
296,14.0,36:13,0.5,0.5,6.0,2.0,2.0,0.0,14.0,-4.0,203
296,15.0,26:42,0.33299999999999996,0.5,5.0,1.0,4.0,0.0,5.0,4.0,215
296,16.0,25:04,0.429,0.5,5.0,3.0,0.0,0.0,11.0,4.0,243
296,17.0,19:43,0.6,0.5,2.0,1.0,2.0,0.0,8.0,21.0,265
296,18.0,30:07,0.5,0.667,13.0,0.0,1.0,0.0,14.0,17.0,278
296,19.0,23:49,0.5,0.33299999999999996,7.0,0.0,0.0,1.0,5.0,19.0,294
296,20.0,20:59,0.75,0.8,4.0,2.0,1.0,0.0,17.0,21.0,303
296,21.0,29:47,0.25,0.429,9.0,0.0,0.0,0.0,12.0,17.0,315
296,22.0,29:58,0.2,0.25,5.0,2.0,0.0,0.0,7.0,13.0,331
296,23.0,30:28,0.28600000000000003,0.25,10.0,4.0,1.0,0.0,5.0,11.0,339
296,24.0,25:20,1.0,1.0,4.0,3.0,0.0,0.0,5.0,18.0,362
296,25.0,27:53,0.5,0.5,5.0,1.0,0.0,0.0,9.0,16.0,374
296,26.0,35:15,0.5,0.5,5.0,2.0,2.0,0.0,10.0,18.0,392
296,27.0,19:56,0.25,0.33299999999999996,4.0,1.0,2.0,0.0,3.0,13.0,410
296,no play,,,,,,,,,,420
296,28.0,33:22,0.5,0.5,4.0,1.0,0.0,1.0,3.0,4.0,452
296,29.0,31:29,0.41700000000000004,0.455,8.0,0.0,0.0,0.0,15.0,12.0,474
296,30.0,33:15,0.222,0.2,5.0,0.0,0.0,1.0,5.0,-8.0,490
296,31.0,8:36,0.0,0.0,0.0,0.0,0.0,0.0,0.0,3.0,495
296,no play,,,,,,,,,,517
296,no play,,,,,,,,,,530
296,no play,,,,,,,,,,542
296,no play,,,,,,,,,,559
296,32.0,22:24,0.6,1.0,7.0,2.0,0.0,0.0,8.0,-6.0,567
296,33.0,20:35,0.0,0.0,2.0,1.0,0.0,1.0,0.0,-3.0,577
296,no play,,,,,,,,,,598
296,no play,,,,,,,,,,612
296,no play,,,,,,,,,,627
296,no play,,,,,,,,,,632
296,no play,,,,,,,,,,647
296,no play,,,,,,,,,,668
296,34.0,21:08,0.833,0.667,5.0,1.0,0.0,0.0,12.0,1.0,679
296,35.0,26:49,0.14300000000000002,0.14300000000000002,3.0,1.0,0.0,0.0,3.0,2.0,690
296,36.0,26:37,0.667,0.5,7.0,2.0,2.0,1.0,10.0,5.0,702
296,37.0,29:18,0.5,0.5,10.0,1.0,0.0,1.0,7.0,11.0,720
296,38.0,34:58,0.5,0.4,8.0,1.0,0.0,1.0,10.0,21.0,731
296,39.0,20:42,0.5,0.25,3.0,0.0,1.0,0.0,10.0,3.0,738
296,40.0,6:43,0.0,0.0,0.0,0.0,0.0,1.0,0.0,-1.0,752
296,no play,,,,,,,,,,771
296,no play,,,,,,,,,,777
296,no play,,,,,,,,,,796
296,no play,,,,,,,,,,824
296,no play,,,,,,,,,,837
296,no play,,,,,,,,,,843
296,41.0,16:34,0.667,0.33299999999999996,2.0,1.0,0.0,0.0,11.0,-8.0,1234
296,42.0,18:45,0.4,0.4,1.0,0.0,1.0,1.0,6.0,1.0,1254
296,43.0,17:43,0.16699999999999998,0.16699999999999998,2.0,1.0,1.0,0.0,3.0,7.0,1258
296,44.0,20:37,0.0,0.0,4.0,0.0,0.0,0.0,0.0,-11.0,857
296,45.0,27:51,0.25,0.4,7.0,2.0,0.0,1.0,8.0,24.0,871
296,46.0,19:12,0.5,0.5,2.0,0.0,0.0,1.0,5.0,-16.0,881
296,47.0,23:50,0.75,0.667,1.0,0.0,0.0,0.0,9.0,3.0,913
296,48.0,18:51,0.33299999999999996,0.0,3.0,0.0,0.0,0.0,2.0,-4.0,929
296,49.0,17:58,0.5,1.0,2.0,0.0,0.0,1.0,5.0,-4.0,939
296,50.0,20:34,0.667,0.6,7.0,1.0,0.0,0.0,11.0,16.0,952
296,51.0,21:48,0.0,0.0,4.0,1.0,2.0,0.0,3.0,-12.0,975
296,52.0,14:09,0.4,0.667,2.0,1.0,0.0,0.0,6.0,-9.0,983
296,53.0,19:04,0.667,0.667,1.0,2.0,1.0,0.0,8.0,17.0,1000
296,54.0,23:15,0.75,,7.0,1.0,0.0,2.0,6.0,12.0,1011
296,55.0,21:30,0.25,0.0,10.0,0.0,0.0,0.0,5.0,16.0,1028
296,56.0,24:04,0.833,1.0,5.0,1.0,0.0,0.0,14.0,2.0,1044
296,57.0,21:05,0.33299999999999996,0.0,4.0,1.0,0.0,1.0,4.0,3.0,1057
296,58.0,22:25,0.5,0.25,1.0,2.0,0.0,0.0,10.0,-8.0,1074
296,59.0,21:00,0.2,0.25,0.0,0.0,2.0,0.0,3.0,9.0,1086
296,60.0,17:10,0.5,0.667,2.0,0.0,0.0,0.0,6.0,3.0,1108
296,61.0,19:41,0.16699999999999998,0.0,2.0,0.0,0.0,0.0,2.0,-1.0,1118
296,62.0,15:52,0.667,0.5,1.0,2.0,1.0,0.0,10.0,-3.0,1127
296,63.0,21:53,0.2,0.33299999999999996,1.0,2.0,0.0,0.0,3.0,2.0,1141
296,64.0,28:39,0.667,0.5,3.0,1.0,1.0,0.0,15.0,6.0,1157
296,65.0,14:51,1.0,1.0,1.0,0.0,2.0,0.0,3.0,2.0,1179
