Player_ID,G,MP,FG%,3P%,TRB,AST,STL,BLK,PTS,+/-,Game_ID
499,1.0,17:51,0.444,0.6,1.0,5.0,4.0,0.0,11.0,34.0,
499,2.0,22:46,0.28600000000000003,0.5,1.0,1.0,0.0,0.0,6.0,20.0,12
499,3.0,24:11,0.667,0.5710000000000001,1.0,5.0,0.0,0.0,18.0,11.0,28
499,4.0,25:07,0.6,0.667,0.0,0.0,0.0,0.0,18.0,8.0,33
499,5.0,14:37,0.5,0.0,1.0,2.0,1.0,0.0,8.0,-3.0,49
499,6.0,29:38,0.545,0.5710000000000001,3.0,3.0,0.0,0.0,16.0,17.0,73
499,7.0,25:10,0.14300000000000002,0.0,3.0,5.0,0.0,0.0,4.0,-25.0,82
499,8.0,33:40,0.375,0.0,3.0,10.0,0.0,0.0,8.0,2.0,110
499,9.0,26:12,0.429,0.25,2.0,4.0,1.0,0.0,10.0,5.0,123
499,10.0,21:19,0.375,0.33299999999999996,4.0,4.0,0.0,0.0,8.0,9.0,130
499,11.0,24:20,0.667,1.0,3.0,3.0,0.0,0.0,10.0,-9.0,146
499,12.0,19:02,0.5,0.33299999999999996,2.0,3.0,0.0,0.0,5.0,-12.0,164
499,13.0,20:15,0.556,0.2,0.0,3.0,0.0,0.0,11.0,-7.0,178
499,14.0,30:07,0.545,0.4,3.0,1.0,2.0,0.0,17.0,14.0,202
499,15.0,19:22,0.5,0.33299999999999996,2.0,4.0,1.0,0.0,8.0,-3.0,209
499,16.0,24:14,0.75,0.667,1.0,1.0,1.0,0.0,19.0,-2.0,236
499,17.0,19:25,0.5710000000000001,0.6,3.0,4.0,0.0,0.0,13.0,13.0,251
499,18.0,19:10,0.4,0.33299999999999996,2.0,2.0,1.0,0.0,7.0,-2.0,275
499,19.0,29:11,0.75,0.833,3.0,4.0,1.0,0.0,23.0,12.0,282
499,20.0,27:40,0.444,0.5,4.0,8.0,0.0,0.0,10.0,11.0,299
499,21.0,20:43,0.0,0.0,1.0,5.0,0.0,0.0,1.0,-2.0,319
499,22.0,26:55,0.462,0.28600000000000003,4.0,5.0,2.0,0.0,15.0,29.0,329
499,23.0,23:43,0.5,0.667,1.0,1.0,2.0,0.0,16.0,7.0,336
499,24.0,16:16,0.545,0.5710000000000001,0.0,4.0,3.0,0.0,16.0,24.0,353
499,25.0,24:06,0.444,0.4,0.0,2.0,1.0,0.0,10.0,8.0,383
499,26.0,18:09,0.222,0.16699999999999998,1.0,3.0,1.0,0.0,5.0,-1.0,387
499,27.0,19:35,0.429,0.5,3.0,7.0,1.0,0.0,11.0,-3.0,412
499,28.0,23:37,0.625,0.6,0.0,1.0,2.0,0.0,13.0,5.0,425
499,29.0,17:27,0.2,0.33299999999999996,2.0,1.0,0.0,0.0,3.0,2.0,441
499,30.0,28:03,0.778,0.7140000000000001,3.0,5.0,2.0,0.0,23.0,19.0,454
499,31.0,17:25,0.33299999999999996,,0.0,5.0,1.0,0.0,2.0,-3.0,463
499,32.0,15:50,0.4,0.0,3.0,2.0,0.0,0.0,6.0,-1.0,487
499,33.0,21:47,0.75,,1.0,4.0,2.0,0.0,6.0,27.0,504
499,34.0,21:14,0.25,0.25,0.0,3.0,0.0,0.0,5.0,-3.0,513
499,35.0,17:49,0.5,0.5,3.0,3.0,1.0,0.0,6.0,7.0,530
499,36.0,18:02,0.33299999999999996,0.33299999999999996,1.0,4.0,1.0,0.0,5.0,7.0,547
499,37.0,19:16,0.429,0.2,2.0,1.0,2.0,0.0,13.0,13.0,563
499,38.0,15:28,0.0,0.0,2.0,5.0,0.0,0.0,0.0,3.0,580
499,39.0,16:44,0.4,0.33299999999999996,1.0,2.0,0.0,0.0,6.0,15.0,594
499,no play,,,,,,,,,,608
499,40.0,19:25,0.4,0.6,0.0,4.0,1.0,0.0,11.0,11.0,630
499,41.0,16:09,0.2,0.33299999999999996,1.0,2.0,0.0,0.0,3.0,-12.0,644
499,42.0,30:42,0.364,0.6,3.0,5.0,1.0,0.0,13.0,2.0,662
499,43.0,20:21,0.5379999999999999,0.667,3.0,2.0,0.0,0.0,20.0,26.0,671
499,44.0,30:06,0.5329999999999999,0.4,0.0,3.0,3.0,0.0,18.0,-4.0,679
499,45.0,22:17,0.16699999999999998,0.25,1.0,2.0,2.0,0.0,3.0,-14.0,705
499,46.0,21:26,0.3,0.0,8.0,2.0,0.0,0.0,6.0,8.0,722
499,47.0,15:47,0.5,1.0,0.0,1.0,1.0,0.0,8.0,11.0,733
499,48.0,17:37,0.556,0.667,2.0,4.0,0.0,0.0,12.0,6.0,750
499,49.0,16:06,0.667,1.0,4.0,1.0,0.0,0.0,10.0,4.0,768
499,50.0,15:16,0.0,0.0,0.0,3.0,1.0,0.0,0.0,4.0,783
499,51.0,17:35,0.4,0.33299999999999996,3.0,2.0,0.0,0.0,5.0,1.0,788
499,52.0,15:52,0.33299999999999996,0.0,1.0,5.0,0.0,0.0,2.0,3.0,807
499,53.0,19:48,0.375,0.4,1.0,2.0,2.0,0.0,8.0,-2.0,823
499,54.0,18:29,0.375,0.5,0.0,2.0,0.0,0.0,9.0,1.0,827
499,55.0,18:07,0.455,0.429,2.0,6.0,2.0,0.0,13.0,13.0,840
499,56.0,20:38,0.5,0.28600000000000003,1.0,1.0,0.0,0.0,14.0,11.0,1241
499,57.0,17:03,0.5,0.25,2.0,7.0,2.0,0.0,9.0,19.0,1250
499,58.0,26:52,0.14300000000000002,0.0,2.0,4.0,0.0,0.0,2.0,-5.0,863
499,59.0,28:52,0.5,0.444,2.0,2.0,2.0,0.0,15.0,9.0,878
499,60.0,32:07,0.111,0.16699999999999998,1.0,0.0,1.0,1.0,3.0,3.0,886
499,61.0,19:02,0.28600000000000003,0.25,2.0,4.0,0.0,0.0,5.0,-13.0,902
499,62.0,26:37,0.667,0.667,1.0,10.0,0.0,0.0,17.0,23.0,917
499,63.0,22:09,0.28600000000000003,0.25,0.0,0.0,1.0,1.0,5.0,0.0,922
499,64.0,21:18,0.615,0.7140000000000001,2.0,4.0,1.0,0.0,21.0,21.0,940
499,65.0,37:06,0.385,0.429,2.0,9.0,2.0,0.0,15.0,0.0,954
499,66.0,37:17,0.5,0.375,3.0,6.0,0.0,0.0,13.0,-5.0,971
499,67.0,21:33,0.25,0.25,2.0,2.0,0.0,0.0,6.0,-10.0,993
499,68.0,18:25,0.28600000000000003,0.28600000000000003,1.0,7.0,3.0,0.0,10.0,12.0,1002
499,69.0,20:37,0.6,0.5,2.0,3.0,0.0,0.0,8.0,12.0,1016
499,70.0,22:35,0.625,0.5,1.0,5.0,1.0,1.0,15.0,-5.0,1030
499,71.0,26:13,0.444,0.4,0.0,7.0,1.0,0.0,10.0,10.0,1045
499,72.0,17:38,0.667,0.33299999999999996,2.0,7.0,1.0,0.0,9.0,18.0,1059
499,73.0,23:08,0.25,0.33299999999999996,2.0,0.0,0.0,0.0,6.0,-7.0,1078
499,74.0,24:36,0.5,0.6,3.0,2.0,0.0,0.0,10.0,21.0,1094
499,no play,,,,,,,,,,1106
499,75.0,25:18,0.429,0.667,4.0,1.0,2.0,0.0,10.0,0.0,1122
499,76.0,18:05,0.25,0.16699999999999998,0.0,4.0,0.0,0.0,5.0,-10.0,1131
499,77.0,17:40,0.14300000000000002,0.0,1.0,5.0,0.0,0.0,2.0,-3.0,1144
499,78.0,24:09,0.16699999999999998,0.33299999999999996,3.0,2.0,1.0,0.0,3.0,-4.0,1154
499,79.0,16:08,0.4,0.5,1.0,2.0,0.0,0.0,5.0,9.0,1170
499,80.0,18:41,0.6,1.0,2.0,5.0,1.0,0.0,8.0,-1.0,1188
