Player_ID,G,MP,FG%,3P%,TRB,AST,STL,BLK,PTS,+/-,Game_ID
492,1.0,18:16,0.25,,4.0,1.0,0.0,0.0,2.0,-12.0,
492,2.0,20:33,0.429,1.0,6.0,1.0,1.0,1.0,7.0,-13.0,12
492,3.0,21:42,0.5,1.0,8.0,5.0,0.0,0.0,9.0,15.0,28
492,4.0,31:08,0.5,0.5,11.0,3.0,0.0,2.0,20.0,-1.0,33
492,5.0,26:33,0.5,0.0,8.0,2.0,0.0,3.0,8.0,1.0,49
492,6.0,23:20,0.444,,6.0,2.0,0.0,2.0,8.0,6.0,73
492,7.0,20:38,0.6,0.5,4.0,1.0,0.0,1.0,11.0,-12.0,82
492,8.0,12:55,0.5,,7.0,1.0,1.0,0.0,2.0,-4.0,110
492,9.0,35:53,0.625,0.33299999999999996,9.0,6.0,1.0,2.0,21.0,1.0,123
492,10.0,32:28,0.5,0.0,7.0,6.0,0.0,2.0,15.0,8.0,130
492,11.0,31:26,0.4,0.0,8.0,2.0,1.0,1.0,12.0,4.0,146
492,12.0,31:23,0.588,0.0,7.0,2.0,0.0,2.0,24.0,25.0,164
492,13.0,28:24,0.462,,5.0,2.0,0.0,2.0,16.0,13.0,178
492,14.0,27:55,0.5379999999999999,1.0,8.0,2.0,0.0,0.0,16.0,-1.0,202
492,15.0,29:41,0.5,0.5,8.0,5.0,3.0,1.0,9.0,10.0,209
492,16.0,17:15,0.0,0.0,5.0,2.0,0.0,1.0,0.0,-9.0,236
492,17.0,29:20,0.5710000000000001,0.0,10.0,2.0,1.0,1.0,8.0,2.0,251
492,18.0,22:02,0.33299999999999996,0.0,6.0,3.0,0.0,0.0,6.0,-9.0,275
492,no play,,,,,,,,,,282
492,19.0,33:42,0.5,0.5,10.0,2.0,1.0,2.0,19.0,-9.0,299
492,20.0,26:59,0.667,1.0,9.0,1.0,0.0,1.0,15.0,-9.0,319
492,21.0,25:37,0.4,0.667,7.0,1.0,0.0,0.0,11.0,-1.0,329
492,22.0,30:31,0.545,0.33299999999999996,10.0,3.0,0.0,1.0,13.0,-4.0,336
492,23.0,24:52,0.462,1.0,5.0,4.0,0.0,1.0,15.0,6.0,353
492,24.0,34:46,0.583,0.5,13.0,6.0,2.0,1.0,17.0,3.0,383
492,25.0,23:43,0.667,0.0,9.0,3.0,0.0,0.0,18.0,1.0,387
492,26.0,23:42,0.429,,14.0,4.0,0.0,2.0,7.0,16.0,412
492,27.0,26:20,0.625,,10.0,2.0,0.0,2.0,10.0,0.0,425
492,28.0,31:48,0.5,0.5,9.0,2.0,0.0,2.0,21.0,1.0,441
492,no play,,,,,,,,,,454
492,29.0,24:03,0.625,1.0,7.0,1.0,0.0,1.0,12.0,12.0,463
492,30.0,29:24,0.5,0.0,10.0,1.0,2.0,1.0,16.0,22.0,487
492,31.0,22:36,0.364,,7.0,3.0,1.0,0.0,10.0,9.0,504
492,32.0,37:50,0.6,1.0,9.0,2.0,1.0,1.0,18.0,7.0,513
492,33.0,19:13,0.16699999999999998,,4.0,3.0,0.0,4.0,5.0,11.0,530
492,34.0,34:54,0.875,1.0,9.0,4.0,0.0,2.0,17.0,27.0,547
492,35.0,20:04,0.28600000000000003,0.5,5.0,3.0,1.0,2.0,5.0,5.0,563
492,36.0,28:01,0.33299999999999996,0.0,11.0,4.0,0.0,0.0,6.0,2.0,580
492,37.0,25:51,1.0,,9.0,6.0,0.0,1.0,22.0,29.0,594
492,38.0,27:28,0.25,,10.0,2.0,0.0,0.0,3.0,0.0,608
492,39.0,17:05,0.5,,5.0,1.0,0.0,0.0,3.0,-6.0,630
492,no play,,,,,,,,,,644
492,no play,,,,,,,,,,662
492,no play,,,,,,,,,,671
492,no play,,,,,,,,,,679
492,no play,,,,,,,,,,705
492,no play,,,,,,,,,,722
492,no play,,,,,,,,,,733
492,no play,,,,,,,,,,750
492,no play,,,,,,,,,,768
492,no play,,,,,,,,,,783
492,no play,,,,,,,,,,788
492,no play,,,,,,,,,,807
492,no play,,,,,,,,,,823
492,no play,,,,,,,,,,827
492,no play,,,,,,,,,,840
492,40.0,26:43,0.7140000000000001,1.0,12.0,2.0,0.0,1.0,17.0,6.0,1241
492,41.0,19:38,0.5,1.0,7.0,0.0,1.0,1.0,15.0,12.0,1250
492,42.0,20:40,0.5710000000000001,0.5,4.0,2.0,0.0,2.0,18.0,6.0,863
492,43.0,35:48,0.4,0.2,9.0,2.0,0.0,0.0,13.0,1.0,878
492,44.0,29:59,0.7,0.5,8.0,3.0,0.0,1.0,17.0,10.0,886
492,45.0,17:08,0.25,0.5,6.0,1.0,0.0,1.0,8.0,-13.0,902
492,46.0,16:06,0.4,,4.0,2.0,0.0,0.0,7.0,4.0,917
492,47.0,23:35,0.5710000000000001,1.0,7.0,1.0,0.0,0.0,18.0,-6.0,922
492,48.0,20:13,0.375,0.0,7.0,3.0,0.0,1.0,10.0,7.0,940
492,49.0,27:18,0.4,0.5,10.0,4.0,0.0,4.0,13.0,10.0,954
492,50.0,18:31,0.5,1.0,5.0,1.0,1.0,1.0,12.0,0.0,971
492,51.0,24:22,0.6,0.0,9.0,1.0,0.0,0.0,8.0,-13.0,993
492,52.0,20:09,0.636,1.0,9.0,0.0,2.0,0.0,22.0,16.0,1002
492,53.0,24:23,0.5710000000000001,0.33299999999999996,7.0,2.0,0.0,1.0,11.0,10.0,1016
492,54.0,26:08,0.4,0.5,4.0,0.0,1.0,1.0,9.0,-7.0,1030
492,55.0,25:53,0.5329999999999999,0.75,10.0,3.0,0.0,2.0,19.0,15.0,1045
492,56.0,21:05,0.625,1.0,4.0,0.0,1.0,0.0,14.0,23.0,1059
492,57.0,25:43,0.455,0.5,8.0,5.0,1.0,1.0,18.0,-10.0,1078
492,58.0,28:20,0.5,1.0,4.0,4.0,0.0,2.0,17.0,14.0,1094
492,59.0,28:18,0.5,0.33299999999999996,12.0,3.0,0.0,1.0,13.0,-6.0,1106
492,60.0,31:21,0.833,1.0,11.0,1.0,0.0,2.0,12.0,-2.0,1122
492,61.0,18:09,0.25,0.33299999999999996,8.0,2.0,0.0,1.0,9.0,-5.0,1131
492,no play,,,,,,,,,,1144
492,62.0,26:39,0.5,0.33299999999999996,7.0,1.0,0.0,1.0,15.0,-7.0,1154
492,63.0,18:20,0.2,1.0,13.0,1.0,0.0,1.0,7.0,15.0,1170
492,64.0,22:53,0.462,0.5,7.0,0.0,1.0,0.0,13.0,1.0,1188
