Player_ID,G,MP,FG%,3P%,TRB,AST,STL,BLK,PTS,+/-,Game_ID
100,no play,,,,,,,,,,11
100,1.0,3:26,,,1.0,0.0,0.0,0.0,0.0,0.0,26
100,2.0,4:25,0.0,,2.0,1.0,1.0,0.0,0.0,-3.0,39
100,no play,,,,,,,,,,57
100,no play,,,,,,,,,,69
100,3.0,7:48,,,1.0,1.0,0.0,0.0,0.0,9.0,79
100,4.0,6:17,0.0,0.0,2.0,1.0,0.0,0.0,0.0,3.0,92
100,no play,,,,,,,,,,107
100,no play,,,,,,,,,,114
100,no play,,,,,,,,,,129
100,5.0,4:12,0.0,0.0,1.0,0.0,0.0,0.0,0.0,-1.0,152
100,no play,,,,,,,,,,169
100,no play,,,,,,,,,,188
100,no play,,,,,,,,,,194
100,no play,,,,,,,,,,206
100,no play,,,,,,,,,,240
100,no play,,,,,,,,,,279
100,no play,,,,,,,,,,296
100,6.0,4:17,0.0,,0.0,0.0,0.0,0.0,0.0,-7.0,306
100,no play,,,,,,,,,,318
100,no play,,,,,,,,,,327
100,no play,,,,,,,,,,336
100,no play,,,,,,,,,,350
100,no play,,,,,,,,,,370
100,no play,,,,,,,,,,384
100,7.0,8:44,0.25,0.0,2.0,0.0,1.0,0.0,3.0,-3.0,393
100,8.0,7:08,0.0,,1.0,1.0,0.0,0.0,0.0,-3.0,414
100,no play,,,,,,,,,,432
100,no play,,,,,,,,,,442
100,9.0,2:23,,,1.0,0.0,0.0,0.0,0.0,-3.0,463
100,no play,,,,,,,,,,470
100,no play,,,,,,,,,,485
100,no play,,,,,,,,,,497
100,no play,,,,,,,,,,508
100,no play,,,,,,,,,,522
100,no play,,,,,,,,,,537
100,no play,,,,,,,,,,559
100,10.0,8:26,0.0,,1.0,0.0,0.0,0.0,0.0,5.0,574
100,no play,,,,,,,,,,576
100,11.0,34:11,0.33299999999999996,0.33299999999999996,5.0,2.0,0.0,0.0,7.0,-16.0,593
100,no play,,,,,,,,,,607
100,12.0,15:04,0.667,0.0,2.0,0.0,0.0,0.0,5.0,-5.0,616
100,13.0,19:20,0.4,0.5,3.0,0.0,0.0,0.0,5.0,6.0,629
100,14.0,15:27,0.429,0.33299999999999996,1.0,0.0,0.0,0.0,10.0,17.0,652
100,15.0,23:06,0.5,0.5,4.0,0.0,0.0,0.0,13.0,11.0,665
100,16.0,19:47,0.25,0.33299999999999996,1.0,0.0,0.0,1.0,5.0,6.0,682
100,17.0,22:42,0.0,0.0,3.0,0.0,0.0,2.0,2.0,-7.0,688
100,18.0,27:26,0.455,0.25,5.0,0.0,1.0,0.0,14.0,-4.0,704
100,19.0,29:25,0.625,0.6,3.0,0.0,0.0,0.0,13.0,20.0,721
100,20.0,23:35,0.4,0.33299999999999996,5.0,2.0,0.0,0.0,7.0,-4.0,746
100,21.0,29:01,0.4,0.16699999999999998,3.0,1.0,2.0,2.0,11.0,0.0,755
100,22.0,23:47,0.0,0.0,2.0,1.0,1.0,0.0,0.0,-14.0,784
100,23.0,10:06,0.0,0.0,3.0,0.0,1.0,0.0,0.0,-11.0,798
100,no play,,,,,,,,,,813
100,no play,,,,,,,,,,822
100,no play,,,,,,,,,,837
100,no play,,,,,,,,,,855
100,no play,,,,,,,,,,1235
100,no play,,,,,,,,,,1247
100,no play,,,,,,,,,,1267
100,24.0,22:46,0.8,0.5,4.0,1.0,1.0,0.0,9.0,5.0,867
100,25.0,17:43,0.667,0.5,2.0,0.0,0.0,0.0,10.0,-13.0,883
100,26.0,31:22,0.5,,4.0,1.0,0.0,1.0,4.0,-2.0,899
100,27.0,13:58,0.25,1.0,2.0,1.0,0.0,0.0,3.0,-7.0,909
100,28.0,19:31,0.33299999999999996,0.33299999999999996,2.0,0.0,1.0,1.0,8.0,-24.0,926
100,29.0,14:53,0.25,0.5,2.0,0.0,0.0,1.0,3.0,2.0,945
100,no play,,,,,,,,,,951
100,30.0,5:44,0.33299999999999996,0.0,3.0,1.0,0.0,0.0,2.0,-3.0,969
100,31.0,27:41,0.364,0.0,7.0,2.0,0.0,0.0,8.0,-10.0,981
100,32.0,29:26,1.0,1.0,4.0,1.0,1.0,2.0,4.0,9.0,992
100,33.0,40:30,0.556,0.4,5.0,4.0,1.0,2.0,12.0,2.0,1011
100,34.0,28:49,0.667,0.5,4.0,2.0,1.0,0.0,15.0,20.0,1021
100,35.0,23:29,0.2,0.0,3.0,1.0,0.0,0.0,2.0,-17.0,1037
100,36.0,28:45,0.429,0.5,5.0,2.0,0.0,1.0,10.0,12.0,1050
100,37.0,22:27,0.25,0.0,0.0,0.0,0.0,0.0,4.0,2.0,1082
100,38.0,26:31,0.6,0.5,2.0,1.0,0.0,2.0,10.0,2.0,1098
100,39.0,31:21,0.4,0.0,4.0,3.0,1.0,1.0,6.0,3.0,1107
100,40.0,17:24,0.0,0.0,2.0,1.0,0.0,0.0,0.0,-15.0,1121
100,41.0,24:06,0.375,0.33299999999999996,3.0,0.0,1.0,0.0,7.0,11.0,1134
100,42.0,12:27,0.0,0.0,1.0,0.0,0.0,0.0,0.0,1.0,1149
100,43.0,26:07,0.375,0.33299999999999996,8.0,3.0,1.0,0.0,7.0,21.0,1167
100,44.0,28:21,0.615,0.7140000000000001,6.0,2.0,0.0,0.0,21.0,20.0,1183
