Player_ID,G,MP,FG%,3P%,TRB,AST,STL,BLK,PTS,+/-,Game_ID
263,1.0,30:48,0.55,0.5,7.0,6.0,0.0,1.0,28.0,21.0,10
263,2.0,27:11,0.429,0.0,4.0,4.0,1.0,0.0,17.0,20.0,22
263,3.0,31:41,0.35700000000000004,0.0,13.0,8.0,3.0,1.0,13.0,12.0,40
263,4.0,35:00,0.3,0.25,7.0,2.0,1.0,0.0,10.0,-3.0,55
263,5.0,32:38,0.35700000000000004,0.33299999999999996,7.0,2.0,4.0,0.0,16.0,-15.0,66
263,6.0,33:52,0.5,0.0,11.0,5.0,5.0,1.0,23.0,9.0,80
263,7.0,35:45,0.43799999999999994,0.5,5.0,1.0,0.0,0.0,21.0,10.0,96
263,8.0,33:56,0.385,0.667,11.0,6.0,1.0,2.0,16.0,10.0,107
263,9.0,26:59,0.3,0.0,4.0,3.0,0.0,0.0,6.0,13.0,128
263,10.0,34:33,0.41200000000000003,0.0,6.0,4.0,2.0,0.0,15.0,10.0,150
263,11.0,38:18,0.727,0.33299999999999996,8.0,3.0,2.0,1.0,21.0,-3.0,159
263,12.0,33:13,0.615,0.5,13.0,1.0,0.0,1.0,22.0,-5.0,170
263,13.0,37:42,0.47100000000000003,0.5,7.0,5.0,2.0,2.0,19.0,-6.0,189
263,14.0,22:54,0.444,0.33299999999999996,8.0,2.0,1.0,1.0,10.0,-15.0,205
263,15.0,36:29,0.444,0.0,11.0,5.0,4.0,3.0,18.0,20.0,212
263,16.0,27:36,0.364,0.5,4.0,0.0,1.0,2.0,11.0,-8.0,242
263,17.0,30:25,0.364,0.25,5.0,3.0,0.0,0.0,9.0,-15.0,263
263,18.0,35:04,0.273,0.4,14.0,3.0,1.0,0.0,14.0,1.0,270
263,no play,,,,,,,,,,284
263,no play,,,,,,,,,,298
263,no play,,,,,,,,,,303
263,19.0,38:58,0.5710000000000001,0.25,5.0,4.0,3.0,0.0,24.0,-3.0,317
263,20.0,32:00,0.667,0.0,9.0,2.0,4.0,3.0,21.0,21.0,1195
263,21.0,38:34,0.5329999999999999,0.25,14.0,6.0,1.0,3.0,23.0,13.0,340
263,22.0,34:22,0.5,0.4,9.0,5.0,2.0,1.0,17.0,-6.0,369
263,23.0,27:55,0.556,0.5,5.0,4.0,1.0,1.0,14.0,-4.0,392
263,24.0,33:53,0.47100000000000003,0.667,5.0,5.0,1.0,0.0,20.0,5.0,401
263,25.0,39:20,0.667,0.6,11.0,1.0,1.0,1.0,30.0,11.0,415
263,26.0,39:14,0.389,0.0,10.0,7.0,2.0,0.0,18.0,1.0,430
263,27.0,37:44,0.33299999999999996,0.4,8.0,3.0,1.0,1.0,20.0,-1.0,451
263,28.0,25:03,0.154,0.0,5.0,0.0,1.0,0.0,7.0,-18.0,473
263,29.0,40:31,0.2,0.16699999999999998,7.0,6.0,1.0,2.0,12.0,7.0,483
263,30.0,37:09,0.45,0.25,6.0,5.0,2.0,0.0,26.0,2.0,503
263,31.0,46:45,0.478,0.5,13.0,3.0,0.0,1.0,32.0,-5.0,513
263,32.0,30:09,0.5,0.5,6.0,4.0,4.0,0.0,16.0,12.0,535
263,33.0,33:27,0.316,0.25,10.0,4.0,2.0,1.0,17.0,7.0,544
263,34.0,38:43,0.3,0.0,9.0,6.0,2.0,0.0,17.0,25.0,562
263,35.0,28:46,0.429,0.0,8.0,4.0,1.0,3.0,14.0,18.0,578
263,36.0,39:34,0.5329999999999999,0.33299999999999996,5.0,6.0,1.0,1.0,23.0,-10.0,602
263,37.0,36:11,0.583,0.6,8.0,5.0,0.0,2.0,18.0,4.0,613
263,38.0,39:09,0.278,0.2,7.0,6.0,3.0,3.0,17.0,5.0,618
263,39.0,27:18,0.41200000000000003,0.2,8.0,4.0,0.0,0.0,21.0,-17.0,638
263,40.0,23:45,0.8,1.0,9.0,2.0,1.0,2.0,14.0,29.0,652
263,41.0,35:50,0.643,0.5,10.0,1.0,1.0,2.0,22.0,21.0,658
263,42.0,38:17,0.313,0.28600000000000003,8.0,7.0,2.0,2.0,19.0,-8.0,672
263,43.0,35:52,0.5710000000000001,0.6,6.0,2.0,0.0,1.0,21.0,3.0,688
263,44.0,23:27,0.14300000000000002,0.0,4.0,1.0,1.0,1.0,4.0,-26.0,706
263,45.0,60:07,0.44799999999999995,0.375,19.0,7.0,1.0,0.0,37.0,-1.0,716
263,46.0,24:04,0.33299999999999996,0.0,7.0,2.0,2.0,0.0,9.0,-15.0,740
263,47.0,29:01,0.5,0.25,4.0,3.0,2.0,0.0,16.0,-19.0,749
263,48.0,28:27,0.5,0.33299999999999996,5.0,4.0,0.0,0.0,21.0,19.0,762
263,49.0,35:44,0.28600000000000003,0.33299999999999996,8.0,3.0,1.0,0.0,14.0,-4.0,778
263,50.0,38:05,0.6,0.4,6.0,5.0,0.0,1.0,23.0,10.0,791
263,51.0,38:05,0.5379999999999999,0.33299999999999996,6.0,3.0,2.0,0.0,25.0,6.0,812
263,52.0,41:08,0.33299999999999996,0.33299999999999996,9.0,5.0,2.0,5.0,21.0,5.0,836
263,53.0,29:39,0.25,0.25,2.0,1.0,2.0,0.0,8.0,-14.0,852
263,54.0,27:50,0.667,,4.0,1.0,1.0,0.0,21.0,-20.0,1239
263,55.0,29:21,0.3,0.25,7.0,2.0,0.0,1.0,11.0,-23.0,1243
263,56.0,31:56,0.389,0.0,10.0,4.0,2.0,0.0,17.0,21.0,1261
263,57.0,37:51,0.5,0.0,8.0,10.0,0.0,1.0,18.0,0.0,858
263,58.0,36:30,0.563,0.25,9.0,1.0,0.0,1.0,27.0,-5.0,873
263,59.0,36:57,0.5,0.0,10.0,2.0,2.0,0.0,23.0,9.0,888
263,60.0,39:29,0.375,0.5,10.0,4.0,0.0,1.0,20.0,-9.0,898
263,61.0,38:58,0.47600000000000003,0.0,4.0,3.0,0.0,2.0,24.0,6.0,910
263,62.0,36:15,0.5379999999999999,0.33299999999999996,6.0,4.0,1.0,1.0,21.0,6.0,929
263,63.0,33:11,0.41700000000000004,0.33299999999999996,11.0,6.0,1.0,1.0,16.0,16.0,941
263,64.0,39:32,0.462,0.0,3.0,5.0,1.0,1.0,16.0,-12.0,954
263,65.0,31:25,0.33299999999999996,0.667,3.0,3.0,1.0,1.0,10.0,-13.0,977
263,no play,,,,,,,,,,989
263,no play,,,,,,,,,,1004
263,no play,,,,,,,,,,1023
263,no play,,,,,,,,,,1038
263,no play,,,,,,,,,,1048
263,no play,,,,,,,,,,1066
263,no play,,,,,,,,,,1071
263,no play,,,,,,,,,,1098
263,66.0,25:43,0.28600000000000003,0.2,4.0,2.0,0.0,0.0,14.0,-3.0,1109
263,67.0,29:27,0.5329999999999999,0.33299999999999996,12.0,4.0,2.0,0.0,26.0,8.0,1138
263,no play,,,,,,,,,,1140
263,68.0,36:25,0.455,0.33299999999999996,9.0,2.0,1.0,0.0,22.0,11.0,1158
263,69.0,21:54,0.5,0.0,7.0,0.0,0.0,0.0,10.0,13.0,1173
263,no play,,,,,,,,,,1187
