Player_ID,G,MP,FG%,3P%,TRB,AST,STL,BLK,PTS,+/-,Game_ID
335,1.0,17:20,0.2,0.0,2.0,2.0,0.0,0.0,2.0,8.0,1262
335,2.0,13:47,0.4,0.5,0.0,3.0,0.0,0.0,6.0,2.0,858
335,3.0,15:27,0.4,0.25,0.0,3.0,0.0,0.0,5.0,2.0,875
335,4.0,13:38,0.5,,1.0,1.0,0.0,0.0,4.0,-10.0,893
335,5.0,16:42,0.667,0.667,0.0,3.0,1.0,0.0,10.0,-13.0,907
335,6.0,1:29,0.0,0.0,0.0,1.0,0.0,0.0,0.0,-4.0,999
335,7.0,0:24,,,0.0,0.0,0.0,0.0,0.0,0.0,1014
335,no play,,,,,,,,,,1039
335,8.0,6:03,0.5,0.5,1.0,1.0,1.0,0.0,3.0,-9.0,1055
335,no play,,,,,,,,,,1062
335,no play,,,,,,,,,,1077
335,9.0,3:16,1.0,1.0,0.0,0.0,0.0,0.0,5.0,-2.0,1092
335,10.0,1:36,,,0.0,0.0,0.0,0.0,0.0,-7.0,1107
335,no play,,,,,,,,,,1119
335,11.0,23:35,0.444,0.0,1.0,4.0,0.0,0.0,8.0,3.0,1145
335,12.0,27:56,0.769,0.667,1.0,3.0,0.0,0.0,22.0,-3.0,1156
335,13.0,26:34,0.14300000000000002,0.33299999999999996,0.0,4.0,0.0,0.0,3.0,-11.0,1176
335,14.0,19:40,0.5710000000000001,1.0,1.0,1.0,2.0,0.0,11.0,4.0,1191
