Player_ID,G,MP,FG%,3P%,TRB,AST,STL,BLK,PTS,+/-,Game_ID
486,1.0,33:16,0.111,0.5,6.0,9.0,2.0,0.0,4.0,3.0,11
486,2.0,25:07,0.4,0.0,3.0,13.0,1.0,0.0,6.0,12.0,26
486,3.0,25:27,0.625,0.0,4.0,4.0,2.0,1.0,10.0,22.0,39
486,4.0,33:48,0.545,0.0,9.0,5.0,1.0,1.0,12.0,-11.0,57
486,5.0,29:35,0.2,0.0,5.0,5.0,1.0,0.0,4.0,-16.0,69
486,6.0,28:37,0.364,0.5,1.0,5.0,1.0,0.0,9.0,-8.0,79
486,7.0,21:44,0.429,,3.0,6.0,1.0,1.0,9.0,1.0,92
486,8.0,33:53,0.2,0.25,5.0,7.0,1.0,0.0,6.0,6.0,107
486,9.0,36:43,0.429,1.0,12.0,6.0,2.0,0.0,16.0,7.0,114
486,10.0,25:15,0.0,,7.0,5.0,0.0,0.0,0.0,-1.0,129
486,no play,,,,,,,,,,152
486,no play,,,,,,,,,,169
486,11.0,35:11,0.5710000000000001,0.33299999999999996,9.0,8.0,2.0,0.0,9.0,-17.0,188
486,12.0,36:04,0.222,0.0,9.0,12.0,1.0,0.0,4.0,15.0,194
486,13.0,33:19,0.545,0.5,11.0,8.0,1.0,1.0,13.0,3.0,206
486,14.0,25:40,0.4,,8.0,10.0,2.0,0.0,6.0,26.0,240
486,15.0,35:32,0.5,0.667,8.0,6.0,2.0,0.0,14.0,6.0,279
486,16.0,36:10,0.583,1.0,10.0,12.0,3.0,1.0,15.0,8.0,296
486,17.0,23:55,0.25,0.0,2.0,2.0,1.0,0.0,2.0,-21.0,306
486,no play,,,,,,,,,,318
486,18.0,37:09,0.4,0.5,3.0,1.0,0.0,1.0,10.0,-10.0,327
486,19.0,35:36,0.5,0.0,10.0,9.0,2.0,0.0,12.0,8.0,336
486,20.0,33:09,0.33299999999999996,0.0,5.0,7.0,2.0,0.0,4.0,7.0,350
486,no play,,,,,,,,,,370
486,21.0,29:27,0.33299999999999996,0.25,6.0,8.0,1.0,0.0,5.0,-3.0,384
486,22.0,26:10,0.33299999999999996,0.33299999999999996,4.0,4.0,1.0,0.0,7.0,-14.0,393
486,23.0,28:03,0.5710000000000001,0.667,8.0,14.0,3.0,0.0,10.0,23.0,414
486,24.0,33:59,0.1,0.5,6.0,10.0,0.0,0.0,3.0,-5.0,432
486,25.0,32:32,0.3,0.33299999999999996,9.0,10.0,2.0,0.0,7.0,-8.0,442
486,26.0,29:51,0.429,0.0,6.0,2.0,2.0,0.0,6.0,-9.0,463
486,27.0,24:02,0.16699999999999998,0.0,9.0,5.0,0.0,0.0,2.0,9.0,470
486,28.0,35:25,0.25,1.0,9.0,12.0,2.0,0.0,5.0,5.0,485
486,29.0,10:50,0.0,0.0,1.0,1.0,0.0,0.0,0.0,-20.0,497
486,no play,,,,,,,,,,508
486,no play,,,,,,,,,,522
486,no play,,,,,,,,,,537
486,no play,,,,,,,,,,559
486,no play,,,,,,,,,,574
486,30.0,27:16,0.462,0.0,4.0,6.0,3.0,0.0,12.0,4.0,576
486,31.0,22:56,0.222,0.0,2.0,8.0,0.0,0.0,4.0,-6.0,593
486,32.0,19:29,0.28600000000000003,0.667,2.0,5.0,1.0,0.0,6.0,-4.0,607
486,33.0,20:51,0.4,0.0,3.0,5.0,0.0,0.0,4.0,1.0,616
486,34.0,22:34,0.0,,3.0,5.0,1.0,0.0,0.0,3.0,629
486,35.0,18:12,0.2,0.0,3.0,3.0,3.0,0.0,2.0,-17.0,652
486,36.0,6:18,,,0.0,4.0,1.0,0.0,0.0,-4.0,665
486,37.0,14:36,0.667,0.0,1.0,3.0,1.0,0.0,4.0,5.0,682
486,38.0,9:46,1.0,,1.0,3.0,0.0,0.0,3.0,-5.0,688
486,39.0,31:43,0.75,1.0,7.0,7.0,3.0,0.0,13.0,8.0,704
486,40.0,21:11,0.222,0.5,5.0,10.0,0.0,1.0,8.0,14.0,721
486,41.0,16:35,0.0,,0.0,6.0,1.0,0.0,0.0,6.0,746
486,42.0,19:55,0.2,0.5,5.0,6.0,2.0,0.0,3.0,-3.0,755
486,43.0,19:31,0.33299999999999996,0.0,2.0,6.0,4.0,0.0,5.0,-21.0,784
486,44.0,23:13,0.545,0.0,6.0,8.0,1.0,0.0,12.0,-11.0,798
486,45.0,22:43,0.25,0.5,3.0,3.0,0.0,0.0,3.0,-17.0,813
486,46.0,23:48,0.556,0.0,3.0,6.0,1.0,0.0,10.0,-20.0,822
486,47.0,24:05,0.625,1.0,3.0,4.0,0.0,0.0,12.0,9.0,837
486,48.0,20:05,0.0,0.0,7.0,8.0,1.0,1.0,0.0,-7.0,855
486,49.0,28:33,0.6,0.0,4.0,9.0,3.0,1.0,6.0,4.0,1235
486,50.0,24:47,0.5,0.0,2.0,5.0,2.0,0.0,15.0,14.0,1247
486,51.0,24:26,0.5329999999999999,0.33299999999999996,4.0,5.0,3.0,0.0,19.0,-15.0,1267
486,52.0,12:49,0.6,0.0,3.0,3.0,0.0,0.0,8.0,2.0,867
486,53.0,29:08,0.28600000000000003,1.0,4.0,9.0,3.0,0.0,5.0,0.0,883
486,no play,,,,,,,,,,899
486,54.0,28:08,0.429,0.667,5.0,6.0,0.0,1.0,8.0,-10.0,909
486,55.0,17:09,0.6,0.5,2.0,2.0,1.0,0.0,8.0,-12.0,926
486,56.0,18:52,0.2,,3.0,6.0,3.0,0.0,2.0,-1.0,945
486,57.0,35:56,0.5329999999999999,0.5,6.0,6.0,1.0,0.0,20.0,7.0,951
486,58.0,34:32,0.43799999999999994,0.75,6.0,8.0,2.0,0.0,17.0,-3.0,969
486,59.0,32:54,0.5,0.0,4.0,10.0,0.0,0.0,6.0,-13.0,981
486,60.0,21:22,0.4,0.5,2.0,5.0,0.0,0.0,5.0,-8.0,992
486,61.0,40:27,0.563,0.5710000000000001,5.0,8.0,4.0,0.0,24.0,-7.0,1011
486,62.0,27:59,0.4,0.5,2.0,9.0,1.0,0.0,5.0,16.0,1021
486,63.0,21:02,0.33299999999999996,0.0,4.0,5.0,4.0,0.0,4.0,-6.0,1037
486,64.0,34:27,0.727,0.5,9.0,9.0,1.0,0.0,18.0,18.0,1050
486,65.0,35:49,0.231,,9.0,15.0,2.0,1.0,7.0,5.0,1082
486,66.0,35:33,0.611,0.5,11.0,6.0,3.0,0.0,25.0,5.0,1098
486,67.0,33:44,0.35700000000000004,0.0,9.0,9.0,3.0,0.0,10.0,-1.0,1107
486,68.0,24:54,0.33299999999999996,0.5,7.0,9.0,0.0,0.0,5.0,-21.0,1121
486,no play,,,,,,,,,,1134
486,no play,,,,,,,,,,1149
486,no play,,,,,,,,,,1167
486,69.0,19:57,0.444,1.0,6.0,5.0,1.0,0.0,10.0,10.0,1183
