Player_ID,G,MP,FG%,3P%,TRB,AST,STL,BLK,PTS,+/-,Game_ID
326,no play,,,,,,,,,,
326,no play,,,,,,,,,,20
326,1.0,4:08,,,1.0,1.0,0.0,0.0,0.0,7.0,31
326,no play,,,,,,,,,,49
326,2.0,1:00,,,0.0,0.0,0.0,0.0,0.0,-1.0,58
326,no play,,,,,,,,,,73
326,no play,,,,,,,,,,83
326,3.0,2:18,0.0,,0.0,1.0,0.0,0.0,0.0,-1.0,89
326,no play,,,,,,,,,,104
326,no play,,,,,,,,,,120
326,no play,,,,,,,,,,132
326,4.0,2:06,0.0,0.0,1.0,0.0,0.0,0.0,0.0,-1.0,147
326,no play,,,,,,,,,,169
326,no play,,,,,,,,,,180
326,5.0,2:55,0.667,1.0,0.0,0.0,0.0,0.0,6.0,6.0,193
326,6.0,2:22,1.0,,0.0,0.0,0.0,0.0,2.0,2.0,217
326,7.0,2:58,1.0,,0.0,0.0,0.0,0.0,2.0,1.0,242
326,no play,,,,,,,,,,269
326,no play,,,,,,,,,,276
326,8.0,7:12,1.0,1.0,0.0,0.0,0.0,0.0,3.0,-12.0,290
326,no play,,,,,,,,,,307
326,no play,,,,,,,,,,323
326,9.0,1:59,0.0,,0.0,0.0,0.0,0.0,0.0,-3.0,330
326,10.0,13:47,0.4,0.5,2.0,1.0,0.0,0.0,5.0,5.0,335
326,11.0,11:07,0.6,1.0,4.0,3.0,1.0,0.0,8.0,11.0,354
326,12.0,1:30,,,0.0,0.0,0.0,0.0,0.0,0.0,382
326,no play,,,,,,,,,,398
326,no play,,,,,,,,,,408
326,13.0,13:12,0.429,0.0,1.0,2.0,2.0,0.0,6.0,-2.0,427
326,14.0,13:55,0.5,0.0,1.0,0.0,1.0,0.0,4.0,-11.0,434
326,15.0,17:24,,,1.0,0.0,0.0,0.0,0.0,4.0,452
326,16.0,13:40,0.4,0.0,2.0,3.0,1.0,0.0,4.0,-2.0,480
326,17.0,0:34,,,0.0,0.0,0.0,0.0,0.0,2.0,494
326,18.0,14:02,0.5,0.0,1.0,1.0,1.0,0.0,8.0,7.0,511
326,19.0,12:56,1.0,,1.0,1.0,2.0,0.0,2.0,12.0,520
326,20.0,13:53,0.5,0.5,2.0,1.0,1.0,0.0,5.0,10.0,527
326,no play,,,,,,,,,,542
326,no play,,,,,,,,,,561
326,no play,,,,,,,,,,568
326,no play,,,,,,,,,,581
326,no play,,,,,,,,,,605
326,21.0,6:50,,,1.0,3.0,0.0,0.0,0.0,6.0,610
326,22.0,10:43,0.4,0.0,1.0,0.0,0.0,0.0,4.0,3.0,625
326,23.0,13:47,0.0,0.0,0.0,3.0,2.0,0.0,0.0,-4.0,653
326,24.0,12:08,0.0,0.0,0.0,0.0,2.0,0.0,0.0,1.0,664
326,no play,,,,,,,,,,678
326,25.0,3:34,0.0,,0.0,0.0,0.0,0.0,0.0,4.0,683
326,no play,,,,,,,,,,698
326,no play,,,,,,,,,,713
326,no play,,,,,,,,,,744
326,no play,,,,,,,,,,766
326,26.0,1:19,,,0.0,0.0,0.0,0.0,0.0,2.0,778
326,27.0,3:18,,,0.0,0.0,0.0,0.0,0.0,-1.0,795
326,no play,,,,,,,,,,803
326,no play,,,,,,,,,,821
326,28.0,5:49,1.0,,0.0,0.0,0.0,0.0,2.0,6.0,834
326,29.0,2:40,1.0,,1.0,0.0,0.0,0.0,3.0,-3.0,849
326,no play,,,,,,,,,,1236
326,no play,,,,,,,,,,1253
326,no play,,,,,,,,,,1269
326,30.0,8:12,,,1.0,1.0,0.0,0.0,1.0,-4.0,864
326,31.0,2:28,,,0.0,0.0,0.0,0.0,0.0,-4.0,876
326,no play,,,,,,,,,,892
326,32.0,14:29,0.33299999999999996,0.0,0.0,0.0,2.0,0.0,2.0,2.0,904
326,33.0,21:15,0.33299999999999996,0.33299999999999996,1.0,2.0,0.0,2.0,5.0,3.0,914
326,34.0,13:05,0.75,,0.0,2.0,2.0,0.0,7.0,8.0,933
326,no play,,,,,,,,,,956
326,35.0,7:03,0.0,,0.0,0.0,0.0,0.0,0.0,-4.0,968
326,no play,,,,,,,,,,974
326,no play,,,,,,,,,,992
326,36.0,6:10,0.0,,0.0,0.0,2.0,1.0,0.0,-7.0,1006
326,37.0,13:34,1.0,1.0,0.0,1.0,0.0,0.0,10.0,2.0,1026
326,38.0,15:33,0.5,,3.0,4.0,1.0,0.0,6.0,16.0,1042
326,39.0,18:12,0.4,0.33299999999999996,3.0,2.0,1.0,0.0,5.0,9.0,1062
326,no play,,,,,,,,,,1080
326,no play,,,,,,,,,,1095
326,no play,,,,,,,,,,1106
326,no play,,,,,,,,,,1123
326,no play,,,,,,,,,,1146
326,40.0,12:46,0.0,0.0,2.0,2.0,0.0,2.0,0.0,14.0,1155
326,no play,,,,,,,,,,1172
326,no play,,,,,,,,,,1188
