Player_ID,G,MP,FG%,3P%,TRB,AST,STL,BLK,PTS,+/-,Game_ID
125,no play,,,,,,,,,,3
125,no play,,,,,,,,,,16
125,no play,,,,,,,,,,34
125,no play,,,,,,,,,,46
125,no play,,,,,,,,,,53
125,no play,,,,,,,,,,78
125,no play,,,,,,,,,,94
125,no play,,,,,,,,,,109
125,no play,,,,,,,,,,123
125,no play,,,,,,,,,,134
125,no play,,,,,,,,,,143
125,no play,,,,,,,,,,158
125,no play,,,,,,,,,,172
125,no play,,,,,,,,,,184
125,no play,,,,,,,,,,199
125,no play,,,,,,,,,,214
125,no play,,,,,,,,,,241
125,no play,,,,,,,,,,253
125,no play,,,,,,,,,,271
125,no play,,,,,,,,,,277
125,no play,,,,,,,,,,298
125,1.0,22:51,0.583,0.667,1.0,4.0,0.0,0.0,18.0,4.0,310
125,2.0,18:17,0.222,1.0,3.0,7.0,2.0,0.0,7.0,-3.0,327
125,3.0,25:38,0.33299999999999996,0.25,3.0,2.0,0.0,1.0,10.0,2.0,1192
125,4.0,28:57,0.33299999999999996,0.667,1.0,4.0,0.0,0.0,16.0,13.0,342
125,5.0,28:28,0.294,0.0,1.0,3.0,2.0,0.0,10.0,-5.0,356
125,6.0,29:57,0.5,0.25,3.0,6.0,0.0,0.0,20.0,1.0,381
125,7.0,24:08,0.4,0.4,1.0,2.0,0.0,0.0,14.0,-22.0,389
125,8.0,29:15,0.4,0.25,3.0,10.0,1.0,0.0,19.0,-8.0,400
125,9.0,23:55,0.4,0.0,1.0,3.0,2.0,0.0,7.0,-29.0,414
125,10.0,25:34,0.5,0.5,1.0,7.0,0.0,0.0,18.0,3.0,431
125,11.0,30:15,0.41200000000000003,0.0,3.0,6.0,1.0,0.0,17.0,-1.0,446
125,12.0,30:20,0.556,0.667,1.0,6.0,1.0,0.0,13.0,9.0,469
125,13.0,33:32,0.4,0.16699999999999998,3.0,6.0,0.0,1.0,14.0,-18.0,484
125,14.0,32:01,0.41200000000000003,0.28600000000000003,4.0,8.0,1.0,0.0,20.0,1.0,503
125,15.0,32:39,0.588,0.4,2.0,4.0,1.0,0.0,27.0,1.0,514
125,16.0,32:04,0.444,0.75,7.0,12.0,2.0,0.0,20.0,-3.0,528
125,17.0,29:30,0.467,0.5,1.0,11.0,0.0,0.0,22.0,1.0,543
125,18.0,46:50,0.5,0.33299999999999996,1.0,3.0,2.0,0.0,31.0,2.0,571
125,19.0,30:39,0.5329999999999999,0.6,2.0,3.0,0.0,0.0,19.0,-10.0,584
125,20.0,24:34,0.455,0.16699999999999998,2.0,3.0,1.0,0.0,14.0,-15.0,596
125,21.0,27:10,0.273,1.0,1.0,2.0,1.0,0.0,7.0,-14.0,605
125,22.0,27:52,0.375,0.5,3.0,5.0,0.0,0.0,16.0,-12.0,617
125,23.0,31:56,0.5,0.5,5.0,4.0,0.0,0.0,26.0,8.0,638
125,24.0,31:40,0.381,0.25,3.0,8.0,1.0,0.0,19.0,2.0,656
125,25.0,34:57,0.5,0.6,3.0,11.0,0.0,0.0,18.0,4.0,674
125,26.0,30:56,0.588,1.0,7.0,3.0,0.0,0.0,24.0,-5.0,710
125,27.0,28:09,0.33299999999999996,0.0,2.0,6.0,2.0,0.0,12.0,-7.0,727
125,28.0,20:43,0.28600000000000003,0.0,0.0,3.0,0.0,0.0,6.0,-16.0,741
125,29.0,26:53,0.308,0.0,3.0,8.0,1.0,0.0,10.0,10.0,754
125,30.0,26:52,0.273,0.33299999999999996,3.0,5.0,0.0,0.0,7.0,-25.0,763
125,31.0,27:53,0.33299999999999996,0.28600000000000003,2.0,6.0,1.0,0.0,14.0,21.0,779
125,32.0,23:27,0.4,0.0,2.0,8.0,0.0,0.0,4.0,12.0,792
125,33.0,29:29,0.385,0.5,1.0,7.0,1.0,0.0,12.0,-13.0,807
125,34.0,16:58,0.2,0.0,0.0,1.0,2.0,0.0,6.0,-25.0,824
125,35.0,31:26,0.429,0.33299999999999996,2.0,9.0,1.0,0.0,9.0,-2.0,830
125,36.0,27:38,0.667,0.75,0.0,4.0,2.0,0.0,22.0,4.0,845
125,37.0,19:58,0.16699999999999998,0.0,1.0,4.0,0.0,0.0,4.0,-14.0,1227
125,38.0,33:38,0.5,0.6,4.0,6.0,1.0,0.0,17.0,-14.0,1255
125,39.0,23:45,0.33299999999999996,0.0,1.0,4.0,0.0,0.0,10.0,-9.0,1266
125,40.0,29:03,0.25,0.0,2.0,4.0,1.0,0.0,8.0,-15.0,861
125,41.0,25:24,0.643,0.75,4.0,2.0,0.0,1.0,21.0,8.0,880
125,42.0,31:09,0.688,0.667,2.0,6.0,0.0,0.0,26.0,10.0,899
125,43.0,22:58,0.125,0.0,2.0,5.0,1.0,0.0,6.0,-11.0,916
125,44.0,31:05,0.5,0.33299999999999996,2.0,5.0,1.0,0.0,21.0,13.0,920
125,45.0,30:15,0.5,0.667,3.0,8.0,1.0,1.0,19.0,12.0,935
125,46.0,20:23,0.231,0.0,1.0,5.0,1.0,0.0,6.0,-11.0,959
125,47.0,20:22,0.364,0.0,2.0,2.0,0.0,0.0,8.0,-19.0,968
125,48.0,27:50,0.429,0.0,0.0,6.0,0.0,0.0,20.0,-9.0,983
125,49.0,24:47,0.33299999999999996,0.5,2.0,4.0,1.0,0.0,14.0,9.0,998
125,50.0,20:10,0.33299999999999996,0.5,2.0,2.0,0.0,0.0,7.0,-12.0,1012
125,51.0,19:49,0.3,0.0,1.0,4.0,0.0,0.0,6.0,-14.0,1021
125,52.0,20:26,0.35700000000000004,0.2,4.0,3.0,0.0,1.0,11.0,-17.0,1034
125,no play,,,,,,,,,,1058
125,no play,,,,,,,,,,1067
125,no play,,,,,,,,,,1081
125,no play,,,,,,,,,,1090
125,no play,,,,,,,,,,1127
125,no play,,,,,,,,,,1143
125,no play,,,,,,,,,,1162
125,no play,,,,,,,,,,1169
125,no play,,,,,,,,,,1178
