Player_ID,G,MP,FG%,3P%,TRB,AST,STL,BLK,PTS,+/-,Game_ID
116,no play,,,,,,,,,,3
116,no play,,,,,,,,,,16
116,no play,,,,,,,,,,34
116,no play,,,,,,,,,,46
116,no play,,,,,,,,,,53
116,no play,,,,,,,,,,78
116,no play,,,,,,,,,,94
116,no play,,,,,,,,,,109
116,no play,,,,,,,,,,123
116,no play,,,,,,,,,,134
116,no play,,,,,,,,,,143
116,no play,,,,,,,,,,158
116,1.0,8:01,0.5,0.33299999999999996,0.0,0.0,0.0,0.0,5.0,4.0,172
116,2.0,20:22,0.4,0.5,3.0,1.0,1.0,2.0,5.0,5.0,184
116,3.0,10:01,0.6,0.0,2.0,0.0,0.0,0.0,6.0,1.0,199
116,4.0,3:17,0.0,0.0,0.0,0.0,0.0,0.0,0.0,-7.0,214
116,no play,,,,,,,,,,241
116,no play,,,,,,,,,,253
116,no play,,,,,,,,,,271
116,no play,,,,,,,,,,277
116,no play,,,,,,,,,,298
116,no play,,,,,,,,,,310
116,no play,,,,,,,,,,327
116,no play,,,,,,,,,,1192
116,no play,,,,,,,,,,342
116,no play,,,,,,,,,,356
116,no play,,,,,,,,,,381
116,no play,,,,,,,,,,389
116,no play,,,,,,,,,,400
116,no play,,,,,,,,,,414
116,no play,,,,,,,,,,431
116,no play,,,,,,,,,,446
116,no play,,,,,,,,,,469
116,no play,,,,,,,,,,484
116,no play,,,,,,,,,,503
116,no play,,,,,,,,,,514
116,no play,,,,,,,,,,528
116,no play,,,,,,,,,,543
116,no play,,,,,,,,,,571
116,no play,,,,,,,,,,584
116,no play,,,,,,,,,,596
116,5.0,26:15,0.5,0.0,2.0,3.0,2.0,0.0,7.0,-26.0,605
116,6.0,28:35,0.33299999999999996,0.0,1.0,1.0,0.0,1.0,4.0,-11.0,617
116,7.0,36:08,0.545,0.4,6.0,4.0,1.0,0.0,15.0,24.0,638
116,8.0,35:13,0.375,0.375,5.0,1.0,0.0,0.0,9.0,-12.0,656
116,9.0,11:21,0.5,0.25,4.0,1.0,0.0,0.0,7.0,-9.0,674
116,10.0,6:17,0.25,0.0,1.0,0.0,1.0,0.0,2.0,-2.0,710
116,11.0,7:20,0.0,,0.0,0.0,0.0,0.0,0.0,-8.0,727
116,12.0,5:15,0.5,0.0,1.0,0.0,0.0,0.0,2.0,5.0,741
116,no play,,,,,,,,,,754
116,13.0,9:16,0.667,0.667,2.0,0.0,0.0,0.0,6.0,-3.0,763
116,no play,,,,,,,,,,779
116,14.0,9:15,0.0,,0.0,1.0,1.0,0.0,0.0,-9.0,792
116,no play,,,,,,,,,,807
116,no play,,,,,,,,,,824
116,no play,,,,,,,,,,830
116,no play,,,,,,,,,,845
116,15.0,7:06,1.0,,2.0,0.0,0.0,0.0,2.0,11.0,1227
116,no play,,,,,,,,,,1255
116,no play,,,,,,,,,,1266
116,16.0,2:39,,,0.0,0.0,0.0,0.0,0.0,-6.0,861
116,17.0,10:40,,,1.0,3.0,0.0,0.0,2.0,-1.0,880
116,no play,,,,,,,,,,899
116,18.0,6:41,0.0,0.0,0.0,1.0,0.0,0.0,0.0,5.0,916
116,19.0,14:27,0.33299999999999996,0.5,4.0,1.0,1.0,0.0,3.0,14.0,920
116,20.0,7:02,0.0,0.0,0.0,0.0,2.0,0.0,0.0,0.0,935
116,21.0,21:23,0.33299999999999996,0.25,2.0,1.0,1.0,0.0,6.0,-3.0,959
116,22.0,9:24,0.0,0.0,3.0,1.0,0.0,0.0,0.0,5.0,968
116,no play,,,,,,,,,,983
116,23.0,7:49,0.0,0.0,4.0,0.0,0.0,0.0,0.0,8.0,998
116,24.0,12:31,0.33299999999999996,0.0,1.0,0.0,1.0,0.0,2.0,-1.0,1012
116,25.0,14:36,0.25,0.33299999999999996,2.0,0.0,0.0,0.0,3.0,2.0,1021
116,26.0,17:12,0.0,0.0,3.0,0.0,1.0,0.0,0.0,-1.0,1034
116,no play,,,,,,,,,,1058
116,no play,,,,,,,,,,1067
116,no play,,,,,,,,,,1081
116,no play,,,,,,,,,,1090
116,27.0,22:31,0.6,0.5,2.0,1.0,1.0,0.0,7.0,8.0,1127
116,28.0,25:01,0.33299999999999996,0.667,3.0,4.0,1.0,0.0,6.0,20.0,1143
116,29.0,22:34,0.625,0.5710000000000001,4.0,0.0,1.0,0.0,14.0,17.0,1162
116,30.0,19:35,0.667,0.6,4.0,2.0,1.0,0.0,11.0,7.0,1169
116,31.0,29:01,0.667,0.833,2.0,3.0,2.0,0.0,17.0,17.0,1178
