Player_ID,G,MP,FG%,3P%,TRB,AST,STL,BLK,PTS,+/-,Game_ID
329,1.0,33:27,0.2,0.0,4.0,8.0,0.0,0.0,4.0,-1.0,5
329,2.0,28:15,0.5,0.0,1.0,5.0,3.0,0.0,5.0,-10.0,30
329,no play,,,,,,,,,,48
329,no play,,,,,,,,,,63
329,no play,,,,,,,,,,75
329,no play,,,,,,,,,,97
329,no play,,,,,,,,,,105
329,3.0,24:23,0.4,0.5,6.0,6.0,1.0,0.0,7.0,-14.0,131
329,4.0,34:28,0.667,0.33299999999999996,4.0,10.0,3.0,0.0,10.0,26.0,138
329,5.0,34:31,0.4,0.667,8.0,8.0,2.0,0.0,11.0,-19.0,151
329,6.0,24:57,0.2,0.0,4.0,5.0,0.0,0.0,4.0,21.0,168
329,7.0,34:19,0.0,0.0,4.0,7.0,0.0,0.0,2.0,-9.0,186
329,8.0,38:13,0.14300000000000002,0.25,8.0,9.0,1.0,0.0,7.0,-8.0,201
329,9.0,22:08,0.0,,1.0,5.0,2.0,0.0,0.0,-31.0,218
329,10.0,24:40,0.5710000000000001,0.5,1.0,4.0,5.0,0.0,11.0,-4.0,247
329,11.0,28:59,0.4,0.0,2.0,7.0,0.0,0.0,6.0,-11.0,255
329,12.0,25:06,0.8,0.5,2.0,3.0,2.0,0.0,11.0,3.0,269
329,13.0,37:43,0.4,0.0,2.0,6.0,3.0,0.0,8.0,9.0,281
329,14.0,30:03,0.25,0.0,3.0,6.0,1.0,0.0,3.0,-6.0,295
329,15.0,36:43,0.28600000000000003,0.5,7.0,12.0,1.0,1.0,9.0,-3.0,302
329,16.0,31:23,0.222,0.0,5.0,7.0,1.0,1.0,4.0,-5.0,329
329,17.0,29:23,0.28600000000000003,0.33299999999999996,3.0,3.0,0.0,0.0,7.0,-13.0,331
329,18.0,28:08,0.8,,3.0,6.0,0.0,0.0,10.0,-4.0,342
329,19.0,32:28,0.3,0.0,5.0,6.0,1.0,0.0,8.0,3.0,358
329,20.0,34:32,0.5,1.0,5.0,10.0,1.0,0.0,11.0,11.0,370
329,21.0,41:06,0.28600000000000003,0.5,8.0,7.0,4.0,0.0,7.0,-11.0,403
329,22.0,36:42,0.2,0.0,3.0,12.0,2.0,0.0,8.0,7.0,416
329,23.0,33:11,0.6,0.667,5.0,8.0,2.0,0.0,10.0,1.0,430
329,24.0,33:33,0.4,0.5,6.0,8.0,3.0,0.0,13.0,2.0,450
329,25.0,30:27,0.25,,6.0,10.0,2.0,0.0,3.0,-14.0,464
329,26.0,24:09,0.25,0.33299999999999996,1.0,10.0,1.0,0.0,3.0,17.0,473
329,27.0,33:58,0.35700000000000004,0.14300000000000002,8.0,7.0,4.0,0.0,18.0,-1.0,488
329,28.0,35:16,0.5,0.33299999999999996,1.0,9.0,4.0,0.0,5.0,27.0,502
329,29.0,26:45,0.0,0.0,0.0,6.0,2.0,0.0,1.0,-18.0,516
329,30.0,30:16,0.667,0.5,3.0,5.0,2.0,0.0,5.0,-2.0,526
329,31.0,34:48,0.667,,5.0,7.0,1.0,0.0,4.0,-3.0,549
329,32.0,33:58,0.7140000000000001,0.0,3.0,7.0,1.0,0.0,12.0,0.0,561
329,33.0,30:28,0.33299999999999996,0.0,5.0,15.0,5.0,0.0,13.0,9.0,575
329,34.0,35:03,0.2,0.0,3.0,17.0,1.0,0.0,10.0,12.0,587
329,35.0,36:16,0.5,0.0,4.0,14.0,4.0,0.0,14.0,11.0,601
329,36.0,35:30,0.222,0.0,5.0,10.0,2.0,0.0,8.0,6.0,611
329,37.0,39:12,0.444,0.0,2.0,15.0,2.0,0.0,21.0,-4.0,630
329,38.0,16:35,0.0,0.0,4.0,4.0,0.0,0.0,0.0,-2.0,645
329,no play,,,,,,,,,,669
329,39.0,33:42,0.5,1.0,4.0,10.0,1.0,0.0,14.0,-2.0,684
329,40.0,32:35,0.33299999999999996,0.0,2.0,12.0,4.0,0.0,4.0,-5.0,696
329,41.0,22:08,0.556,0.0,3.0,6.0,1.0,0.0,14.0,8.0,715
329,42.0,35:53,0.43799999999999994,0.667,8.0,8.0,0.0,2.0,22.0,-7.0,726
329,43.0,37:40,0.455,0.33299999999999996,2.0,13.0,0.0,1.0,14.0,-15.0,737
329,44.0,34:00,0.4,0.5,2.0,7.0,2.0,0.0,16.0,-5.0,754
329,45.0,38:14,0.33299999999999996,0.33299999999999996,1.0,6.0,0.0,0.0,14.0,-16.0,769
329,46.0,35:45,0.5,0.0,3.0,13.0,2.0,0.0,14.0,-8.0,781
329,47.0,20:51,0.28600000000000003,1.0,1.0,7.0,1.0,0.0,5.0,4.0,796
329,48.0,39:18,0.5,0.33299999999999996,1.0,12.0,4.0,0.0,15.0,-14.0,810
329,49.0,32:57,0.5,0.33299999999999996,6.0,11.0,2.0,0.0,17.0,26.0,822
329,50.0,38:49,0.25,0.0,8.0,16.0,2.0,0.0,5.0,0.0,838
329,51.0,34:00,0.2,0.0,3.0,5.0,3.0,0.0,6.0,8.0,848
329,52.0,34:38,0.462,0.0,5.0,14.0,3.0,0.0,13.0,15.0,1238
329,53.0,31:44,0.375,0.4,3.0,11.0,1.0,0.0,14.0,-9.0,1248
329,54.0,31:52,0.375,1.0,5.0,10.0,2.0,1.0,9.0,7.0,1264
329,55.0,28:36,0.5710000000000001,,6.0,9.0,2.0,0.0,11.0,29.0,864
329,56.0,43:00,0.33299999999999996,0.5,13.0,10.0,3.0,0.0,11.0,0.0,886
329,57.0,33:24,0.41700000000000004,0.2,6.0,12.0,2.0,0.0,15.0,14.0,915
329,58.0,35:53,0.3,0.0,4.0,13.0,1.0,0.0,17.0,5.0,928
329,59.0,27:36,0.643,0.667,0.0,8.0,0.0,0.0,22.0,-5.0,938
329,60.0,39:02,0.5329999999999999,0.4,5.0,19.0,3.0,0.0,22.0,20.0,955
329,61.0,32:03,0.5710000000000001,0.6,3.0,7.0,1.0,0.0,23.0,-10.0,966
329,62.0,32:59,0.5710000000000001,,0.0,6.0,2.0,1.0,20.0,-7.0,985
329,63.0,34:47,0.364,0.33299999999999996,3.0,14.0,1.0,0.0,10.0,-15.0,999
329,64.0,30:04,0.3,0.5,6.0,7.0,2.0,0.0,9.0,-17.0,1016
329,65.0,43:21,0.385,0.2,3.0,15.0,3.0,1.0,19.0,3.0,1040
329,66.0,25:08,0.5,1.0,4.0,4.0,1.0,0.0,16.0,-11.0,1046
329,67.0,38:19,0.33299999999999996,0.0,5.0,11.0,0.0,0.0,21.0,4.0,1064
329,68.0,38:18,0.6,0.8,5.0,10.0,2.0,0.0,33.0,20.0,1083
329,69.0,37:14,0.1,0.0,6.0,13.0,2.0,0.0,11.0,11.0,1100
329,70.0,39:23,0.28600000000000003,,7.0,16.0,0.0,1.0,11.0,7.0,1114
329,71.0,30:08,0.353,0.0,5.0,5.0,1.0,0.0,15.0,-17.0,1124
329,72.0,38:45,0.42100000000000004,0.33299999999999996,7.0,5.0,1.0,1.0,19.0,7.0,1139
329,73.0,37:05,0.5,0.33299999999999996,3.0,12.0,0.0,0.0,26.0,-15.0,1146
329,74.0,33:18,0.1,0.0,3.0,11.0,3.0,0.0,2.0,10.0,1163
329,75.0,35:41,0.308,0.33299999999999996,4.0,10.0,1.0,0.0,14.0,-1.0,1174
329,no play,,,,,,,,,,1185
