Player_ID,G,MP,FG%,3P%,TRB,AST,STL,BLK,PTS,+/-,Game_ID
34,1.0,6:44,0.667,1.0,1.0,0.0,0.0,0.0,5.0,-5.0,
34,no play,,,,,,,,,,24
34,no play,,,,,,,,,,46
34,2.0,15:50,0.2,0.33299999999999996,1.0,2.0,1.0,0.0,4.0,-2.0,54
34,no play,,,,,,,,,,69
34,no play,,,,,,,,,,83
34,no play,,,,,,,,,,102
34,3.0,7:50,0.33299999999999996,0.0,0.0,0.0,1.0,1.0,2.0,-7.0,121
34,no play,,,,,,,,,,127
34,4.0,3:08,0.0,0.0,0.0,0.0,1.0,0.0,0.0,-3.0,142
34,no play,,,,,,,,,,158
34,no play,,,,,,,,,,165
34,no play,,,,,,,,,,189
34,no play,,,,,,,,,,204
34,no play,,,,,,,,,,239
34,no play,,,,,,,,,,252
34,no play,,,,,,,,,,266
34,no play,,,,,,,,,,281
34,no play,,,,,,,,,,295
34,no play,,,,,,,,,,312
34,5.0,0:39,,,0.0,0.0,0.0,0.0,0.0,-2.0,326
34,6.0,10:10,0.28600000000000003,0.25,1.0,1.0,0.0,0.0,6.0,-1.0,1198
34,no play,,,,,,,,,,345
34,no play,,,,,,,,,,360
34,7.0,14:44,0.0,0.0,1.0,2.0,1.0,0.0,0.0,8.0,372
34,8.0,22:55,0.857,0.5,2.0,3.0,0.0,0.0,13.0,8.0,388
34,9.0,11:36,0.28600000000000003,0.0,5.0,1.0,0.0,0.0,4.0,1.0,404
34,no play,,,,,,,,,,421
34,10.0,1:09,0.0,,1.0,0.0,0.0,0.0,0.0,0.0,439
34,no play,,,,,,,,,,461
34,no play,,,,,,,,,,483
34,no play,,,,,,,,,,500
34,no play,,,,,,,,,,510
34,11.0,1:50,,,0.0,1.0,0.0,0.0,2.0,5.0,521
34,no play,,,,,,,,,,536
34,12.0,12:00,0.33299999999999996,0.0,2.0,4.0,0.0,0.0,6.0,18.0,553
34,13.0,12:00,0.0,0.0,2.0,2.0,1.0,0.0,1.0,12.0,557
34,14.0,25:11,0.6,,7.0,4.0,1.0,0.0,6.0,-2.0,573
34,no play,,,,,,,,,,585
34,15.0,0:05,,,0.0,0.0,0.0,0.0,0.0,-2.0,593
34,16.0,15:45,0.667,0.5,3.0,1.0,0.0,2.0,5.0,19.0,612
34,17.0,21:49,0.444,0.5710000000000001,3.0,1.0,2.0,0.0,12.0,-2.0,618
34,18.0,11:09,,,1.0,0.0,0.0,0.0,0.0,-9.0,635
34,19.0,20:07,0.25,0.0,2.0,0.0,2.0,0.0,2.0,-5.0,643
34,20.0,19:11,0.25,1.0,3.0,0.0,2.0,0.0,3.0,-8.0,659
34,no play,,,,,,,,,,677
34,21.0,4:14,0.0,0.0,1.0,1.0,0.0,0.0,0.0,-2.0,693
34,no play,,,,,,,,,,703
34,22.0,16:11,0.75,0.667,1.0,2.0,0.0,0.0,8.0,1.0,716
34,23.0,27:51,0.33299999999999996,0.0,2.0,2.0,1.0,0.0,5.0,-12.0,730
34,24.0,5:20,0.0,0.0,0.0,0.0,1.0,0.0,1.0,-2.0,739
34,25.0,1:55,,,0.0,0.0,1.0,0.0,0.0,-4.0,765
34,26.0,0:55,,,0.0,0.0,0.0,0.0,0.0,0.0,774
34,no play,,,,,,,,,,797
34,27.0,19:50,0.25,0.0,1.0,4.0,1.0,0.0,2.0,2.0,806
34,no play,,,,,,,,,,823
34,28.0,17:32,0.5,0.5,1.0,2.0,0.0,0.0,6.0,0.0,851
34,29.0,1:54,,,1.0,1.0,0.0,0.0,1.0,2.0,1229
34,no play,,,,,,,,,,1244
34,30.0,19:00,0.5,0.5,5.0,2.0,0.0,0.0,5.0,-8.0,1258
34,31.0,16:42,0.0,0.0,1.0,4.0,1.0,0.0,0.0,-4.0,856
34,32.0,13:39,0.33299999999999996,0.0,3.0,2.0,1.0,0.0,2.0,-11.0,870
34,33.0,22:55,0.429,0.33299999999999996,5.0,1.0,1.0,1.0,9.0,10.0,889
34,34.0,17:24,0.0,0.0,0.0,3.0,0.0,0.0,0.0,-1.0,896
34,35.0,9:17,0.4,0.33299999999999996,1.0,1.0,0.0,0.0,5.0,-15.0,912
34,36.0,1:50,,,0.0,0.0,0.0,0.0,0.0,-2.0,935
34,37.0,16:30,0.667,0.0,2.0,3.0,1.0,0.0,7.0,-5.0,946
34,38.0,21:47,1.0,,1.0,3.0,2.0,0.0,2.0,6.0,961
34,39.0,24:50,0.2,0.0,1.0,3.0,1.0,1.0,6.0,-6.0,976
34,40.0,20:26,0.6,1.0,3.0,2.0,2.0,0.0,8.0,11.0,1010
34,41.0,21:17,0.4,1.0,2.0,2.0,0.0,0.0,7.0,-4.0,1026
34,42.0,24:23,0.25,0.0,1.0,4.0,2.0,1.0,4.0,1.0,1031
34,43.0,13:09,0.5,,3.0,2.0,0.0,0.0,2.0,-6.0,1045
34,44.0,15:22,0.25,0.0,1.0,2.0,2.0,0.0,2.0,1.0,1058
34,45.0,40:17,0.16699999999999998,0.0,5.0,3.0,0.0,0.0,6.0,-11.0,1075
34,46.0,37:46,0.5710000000000001,0.5,3.0,6.0,1.0,1.0,10.0,-2.0,1093
34,47.0,28:32,0.4,,3.0,3.0,2.0,0.0,4.0,-8.0,1102
34,48.0,37:18,0.5710000000000001,0.5,3.0,6.0,1.0,1.0,9.0,2.0,1121
34,49.0,27:10,0.556,0.0,2.0,2.0,0.0,0.0,12.0,-9.0,1137
34,50.0,30:30,0.14300000000000002,0.0,2.0,7.0,0.0,0.0,2.0,6.0,1142
34,51.0,38:06,0.41700000000000004,0.2,8.0,8.0,1.0,0.0,11.0,-4.0,1157
34,52.0,29:21,0.5,0.33299999999999996,1.0,4.0,0.0,0.0,8.0,-4.0,1181
