Player_ID,G,MP,FG%,3P%,TRB,AST,STL,BLK,PTS,+/-,Game_ID
321,1.0,40:57,0.5710000000000001,,14.0,2.0,0.0,2.0,12.0,7.0,
321,2.0,31:52,0.444,,13.0,1.0,0.0,4.0,13.0,11.0,20
321,3.0,26:07,0.75,,9.0,3.0,0.0,2.0,8.0,-17.0,31
321,4.0,33:22,0.25,,12.0,1.0,0.0,0.0,6.0,10.0,49
321,5.0,22:50,0.6,,12.0,1.0,2.0,3.0,12.0,22.0,58
321,6.0,29:29,1.0,,8.0,1.0,0.0,0.0,5.0,-12.0,73
321,7.0,33:23,0.833,,8.0,1.0,1.0,3.0,13.0,9.0,83
321,8.0,20:10,0.75,,6.0,0.0,1.0,3.0,8.0,19.0,89
321,9.0,30:17,0.5,,11.0,1.0,1.0,3.0,7.0,-7.0,104
321,10.0,34:20,0.667,,13.0,1.0,1.0,3.0,13.0,21.0,120
321,11.0,33:04,0.5,,12.0,0.0,2.0,2.0,12.0,22.0,132
321,12.0,21:53,0.667,,5.0,2.0,1.0,1.0,6.0,9.0,147
321,13.0,40:31,0.778,,13.0,1.0,0.0,3.0,16.0,2.0,169
321,14.0,35:21,0.7140000000000001,,14.0,1.0,2.0,4.0,12.0,-5.0,180
321,15.0,26:08,0.429,,7.0,1.0,0.0,2.0,6.0,-18.0,193
321,16.0,32:05,0.75,,13.0,0.0,0.0,2.0,19.0,17.0,217
321,17.0,29:10,1.0,,10.0,1.0,0.0,5.0,10.0,25.0,242
321,18.0,34:28,0.5,,17.0,1.0,0.0,3.0,16.0,12.0,269
321,19.0,33:20,0.7140000000000001,,14.0,0.0,0.0,3.0,16.0,9.0,276
321,20.0,35:23,0.75,,10.0,1.0,0.0,3.0,6.0,4.0,290
321,21.0,36:48,0.75,,11.0,1.0,1.0,2.0,7.0,-1.0,307
321,22.0,38:52,0.5710000000000001,,17.0,1.0,1.0,5.0,14.0,10.0,323
321,23.0,38:16,0.75,,10.0,0.0,0.0,4.0,22.0,20.0,330
321,24.0,35:23,1.0,,17.0,1.0,0.0,1.0,20.0,-10.0,335
321,25.0,35:37,0.833,,15.0,0.0,0.0,6.0,17.0,10.0,354
321,26.0,29:34,1.0,,12.0,0.0,2.0,3.0,12.0,11.0,382
321,27.0,34:30,0.5710000000000001,,10.0,1.0,1.0,1.0,16.0,8.0,398
321,28.0,38:24,1.0,,12.0,0.0,1.0,3.0,21.0,15.0,408
321,29.0,31:07,0.833,,17.0,1.0,0.0,2.0,11.0,-23.0,427
321,30.0,35:11,0.667,,14.0,1.0,1.0,3.0,17.0,6.0,434
321,31.0,35:17,0.7140000000000001,,14.0,1.0,1.0,0.0,13.0,-8.0,452
321,32.0,37:15,0.667,0.0,11.0,1.0,1.0,2.0,12.0,9.0,480
321,33.0,33:25,0.6,,13.0,2.0,2.0,2.0,9.0,12.0,494
321,34.0,37:24,0.875,,13.0,0.0,0.0,3.0,18.0,8.0,511
321,35.0,37:38,0.5,,16.0,2.0,1.0,3.0,15.0,17.0,520
321,36.0,34:19,0.375,,13.0,0.0,0.0,1.0,8.0,-18.0,527
321,37.0,35:48,0.3,,16.0,0.0,0.0,3.0,15.0,-8.0,542
321,38.0,31:15,0.5,,13.0,1.0,1.0,4.0,12.0,5.0,561
321,39.0,36:16,0.33299999999999996,,12.0,2.0,3.0,1.0,5.0,3.0,568
321,40.0,36:26,0.7140000000000001,,14.0,1.0,3.0,1.0,11.0,6.0,581
321,41.0,30:59,0.75,,10.0,1.0,1.0,3.0,6.0,11.0,605
321,42.0,36:02,0.778,,19.0,2.0,0.0,2.0,19.0,-6.0,610
321,43.0,36:27,0.667,,17.0,1.0,1.0,4.0,18.0,8.0,625
321,44.0,41:29,0.667,,25.0,1.0,1.0,2.0,27.0,5.0,653
321,45.0,33:26,0.8,,11.0,0.0,0.0,1.0,19.0,3.0,664
321,46.0,36:01,0.556,,10.0,1.0,0.0,4.0,12.0,-9.0,678
321,47.0,24:47,0.5,,9.0,1.0,0.0,1.0,11.0,-3.0,683
321,48.0,37:31,0.5,,13.0,0.0,0.0,6.0,9.0,9.0,698
321,49.0,38:14,0.6,,10.0,2.0,1.0,1.0,15.0,3.0,713
321,50.0,34:07,0.6920000000000001,,14.0,1.0,1.0,1.0,26.0,22.0,744
321,51.0,37:47,0.4,,15.0,2.0,2.0,3.0,8.0,0.0,766
321,52.0,33:45,1.0,,6.0,3.0,1.0,3.0,14.0,16.0,778
321,53.0,29:54,0.4,,16.0,3.0,0.0,2.0,10.0,29.0,795
321,54.0,35:59,0.556,,15.0,3.0,0.0,2.0,15.0,20.0,803
321,55.0,33:45,0.5,,13.0,0.0,1.0,2.0,14.0,4.0,821
321,56.0,24:52,0.41700000000000004,,14.0,1.0,0.0,1.0,10.0,-19.0,834
321,57.0,32:20,0.8,,12.0,0.0,0.0,3.0,13.0,29.0,849
321,58.0,33:18,0.7140000000000001,,16.0,2.0,0.0,3.0,15.0,6.0,1236
321,59.0,36:11,0.5,,19.0,3.0,1.0,4.0,15.0,12.0,1253
321,60.0,31:58,0.667,,10.0,0.0,0.0,3.0,13.0,-3.0,1269
321,61.0,21:11,0.5710000000000001,,8.0,0.0,0.0,2.0,9.0,-11.0,864
321,62.0,33:00,1.0,,7.0,0.0,0.0,2.0,11.0,23.0,876
321,63.0,41:27,0.727,,23.0,3.0,1.0,3.0,16.0,11.0,892
321,64.0,35:59,0.6,,16.0,3.0,2.0,2.0,15.0,10.0,904
321,65.0,36:01,0.875,,10.0,1.0,1.0,1.0,23.0,2.0,914
321,no play,,,,,,,,,,933
321,66.0,37:08,0.833,,10.0,3.0,0.0,1.0,11.0,2.0,956
321,67.0,35:53,0.833,,9.0,5.0,0.0,4.0,12.0,25.0,968
321,68.0,36:50,0.769,,19.0,1.0,2.0,2.0,20.0,-2.0,974
321,69.0,35:23,0.455,,13.0,2.0,0.0,5.0,13.0,-6.0,992
321,70.0,37:10,0.583,,14.0,3.0,0.0,8.0,16.0,-7.0,1006
321,71.0,38:05,0.867,,15.0,1.0,1.0,4.0,35.0,13.0,1026
321,72.0,36:03,0.769,,14.0,1.0,0.0,2.0,26.0,-13.0,1042
321,73.0,39:31,0.727,,19.0,1.0,0.0,5.0,20.0,4.0,1062
321,74.0,34:13,0.625,,15.0,0.0,0.0,0.0,16.0,10.0,1080
321,75.0,37:59,0.667,,10.0,1.0,0.0,3.0,16.0,10.0,1095
321,76.0,40:32,0.6,,14.0,5.0,0.0,6.0,19.0,4.0,1106
321,77.0,35:17,1.0,,11.0,2.0,1.0,3.0,20.0,9.0,1123
321,78.0,27:20,0.778,,5.0,1.0,1.0,2.0,16.0,0.0,1146
321,79.0,30:46,0.833,,11.0,1.0,0.0,4.0,13.0,-1.0,1155
321,80.0,33:15,0.583,,18.0,0.0,0.0,2.0,17.0,2.0,1172
321,81.0,28:58,0.556,,9.0,0.0,0.0,1.0,13.0,1.0,1188
