Player_ID,G,MP,FG%,3P%,TRB,AST,STL,BLK,PTS,+/-,Game_ID
428,no play,,,,,,,,,,1
428,1.0,1:26,1.0,,0.0,0.0,0.0,0.0,2.0,6.0,19
428,2.0,16:44,1.0,,7.0,0.0,0.0,2.0,6.0,-12.0,36
428,3.0,5:22,,,1.0,0.0,0.0,1.0,0.0,3.0,58
428,4.0,12:52,1.0,,6.0,0.0,0.0,0.0,8.0,1.0,72
428,5.0,13:02,0.5,,6.0,1.0,1.0,1.0,4.0,3.0,86
428,no play,,,,,,,,,,100
428,6.0,14:24,1.0,,5.0,0.0,0.0,0.0,5.0,-12.0,112
428,7.0,10:38,,,0.0,0.0,0.0,2.0,2.0,-3.0,142
428,no play,,,,,,,,,,157
428,8.0,11:21,0.0,,3.0,0.0,0.0,1.0,0.0,0.0,176
428,9.0,1:39,,,0.0,0.0,0.0,0.0,0.0,-4.0,183
428,10.0,32:01,0.8,,11.0,1.0,4.0,1.0,8.0,-2.0,202
428,11.0,4:56,0.0,,3.0,1.0,1.0,0.0,1.0,3.0,216
428,12.0,6:11,0.0,,1.0,1.0,0.0,2.0,0.0,-14.0,238
428,no play,,,,,,,,,,261
428,13.0,5:47,,,1.0,0.0,0.0,0.0,0.0,-5.0,282
428,14.0,27:20,0.25,,11.0,0.0,1.0,1.0,3.0,-13.0,286
428,15.0,2:36,0.0,0.0,2.0,0.0,0.0,0.0,0.0,5.0,306
428,16.0,7:53,,,1.0,1.0,0.0,0.0,0.0,-1.0,322
428,17.0,11:15,0.33299999999999996,,7.0,0.0,0.0,0.0,2.0,-6.0,1199
428,18.0,26:56,0.75,,5.0,0.0,4.0,1.0,6.0,16.0,343
428,19.0,11:30,0.0,,3.0,0.0,1.0,1.0,0.0,-15.0,352
428,20.0,22:09,1.0,,8.0,1.0,1.0,4.0,7.0,15.0,365
428,21.0,26:52,0.5,,8.0,0.0,2.0,3.0,4.0,6.0,381
428,22.0,21:13,1.0,,5.0,1.0,0.0,0.0,7.0,3.0,398
428,23.0,23:15,,,7.0,0.0,0.0,3.0,0.0,5.0,407
428,24.0,13:12,1.0,,2.0,0.0,0.0,0.0,2.0,-12.0,417
428,25.0,24:15,1.0,,6.0,1.0,1.0,3.0,2.0,7.0,436
428,26.0,21:11,1.0,,8.0,1.0,0.0,1.0,5.0,-11.0,455
428,27.0,15:55,,,5.0,0.0,1.0,0.0,0.0,5.0,471
428,28.0,5:08,,,4.0,0.0,0.0,1.0,0.0,-5.0,479
428,29.0,12:00,1.0,,6.0,0.0,0.0,1.0,4.0,1.0,496
428,30.0,3:03,,,2.0,0.0,0.0,0.0,0.0,-6.0,506
428,31.0,3:52,,,1.0,0.0,0.0,0.0,0.0,-2.0,529
428,no play,,,,,,,,,,546
428,32.0,2:20,,,1.0,0.0,0.0,0.0,0.0,-2.0,562
428,33.0,10:08,0.5,,3.0,0.0,0.0,0.0,2.0,0.0,575
428,34.0,16:13,1.0,,7.0,0.0,2.0,2.0,4.0,2.0,595
428,35.0,18:26,0.667,,8.0,0.0,0.0,1.0,4.0,2.0,611
428,36.0,18:39,0.5,,5.0,1.0,0.0,0.0,3.0,1.0,629
428,37.0,19:20,1.0,,3.0,0.0,1.0,1.0,4.0,-3.0,642
428,38.0,11:53,0.0,,2.0,0.0,1.0,1.0,0.0,0.0,653
428,39.0,15:02,0.0,,5.0,0.0,0.0,2.0,2.0,5.0,667
428,no play,,,,,,,,,,693
428,40.0,16:44,0.5,,6.0,0.0,0.0,0.0,3.0,-10.0,695
428,41.0,7:41,,,0.0,0.0,0.0,0.0,0.0,-2.0,722
428,42.0,1:48,,,0.0,0.0,0.0,0.0,0.0,-6.0,728
428,43.0,21:03,0.778,,17.0,0.0,1.0,1.0,16.0,18.0,742
428,44.0,17:35,,,5.0,0.0,0.0,3.0,4.0,-4.0,760
428,45.0,6:50,1.0,,1.0,0.0,0.0,0.0,2.0,-4.0,782
428,46.0,15:09,1.0,,5.0,0.0,0.0,3.0,6.0,0.0,787
428,47.0,14:51,0.75,,2.0,0.0,1.0,3.0,6.0,2.0,803
428,48.0,19:26,0.667,,15.0,1.0,1.0,2.0,4.0,21.0,819
428,49.0,13:32,0.5,,10.0,0.0,1.0,1.0,2.0,0.0,832
428,50.0,4:42,,,0.0,0.0,0.0,0.0,0.0,-11.0,845
428,51.0,19:22,0.5,,7.0,0.0,1.0,2.0,5.0,-1.0,1238
428,52.0,5:35,,,0.0,0.0,0.0,0.0,0.0,5.0,1246
428,53.0,2:33,0.0,,4.0,1.0,0.0,0.0,0.0,7.0,1262
428,54.0,12:47,,,3.0,0.0,3.0,2.0,1.0,9.0,858
428,55.0,10:14,1.0,,3.0,0.0,0.0,1.0,4.0,-1.0,875
428,56.0,10:25,0.5,,2.0,0.0,0.0,2.0,2.0,5.0,893
428,57.0,3:23,,,1.0,0.0,0.0,0.0,0.0,6.0,907
428,58.0,14:09,1.0,,9.0,0.0,1.0,0.0,3.0,10.0,931
428,59.0,15:45,0.0,,7.0,0.0,0.0,2.0,2.0,-3.0,942
428,60.0,6:53,1.0,,1.0,0.0,0.0,0.0,2.0,-6.0,952
428,61.0,5:34,0.0,,3.0,0.0,0.0,0.0,1.0,3.0,964
428,62.0,12:26,0.667,,2.0,0.0,0.0,0.0,4.0,-10.0,980
428,no play,,,,,,,,,,996
428,63.0,8:28,0.0,,2.0,0.0,0.0,0.0,0.0,-11.0,1015
428,64.0,1:35,0.0,,1.0,0.0,0.0,1.0,0.0,-3.0,1029
428,65.0,14:51,0.5,,5.0,1.0,0.0,0.0,2.0,-4.0,1044
428,66.0,17:12,0.75,,5.0,1.0,0.0,0.0,8.0,17.0,1060
428,no play,,,,,,,,,,1077
428,67.0,12:22,0.75,,4.0,0.0,0.0,1.0,8.0,-3.0,1091
428,68.0,7:39,1.0,,2.0,0.0,0.0,0.0,2.0,-4.0,1105
428,no play,,,,,,,,,,1125
428,69.0,19:54,0.667,,9.0,0.0,2.0,1.0,10.0,5.0,1133
428,70.0,7:47,0.5,,1.0,0.0,0.0,0.0,6.0,5.0,1144
428,71.0,9:11,1.0,,3.0,0.0,0.0,0.0,5.0,2.0,1160
428,72.0,7:58,0.5,,2.0,0.0,0.0,0.0,2.0,-15.0,1175
428,73.0,11:44,1.0,1.0,2.0,0.0,0.0,0.0,6.0,5.0,1184
