Player_ID,G,MP,FG%,3P%,TRB,AST,STL,BLK,PTS,+/-,Game_ID
91,1.0,22:14,0.385,0.16699999999999998,4.0,2.0,0.0,0.0,13.0,-7.0,2
91,2.0,25:22,0.636,1.0,5.0,1.0,1.0,0.0,18.0,25.0,15
91,3.0,23:49,0.556,0.5,0.0,1.0,1.0,0.0,15.0,5.0,27
91,4.0,25:09,0.231,0.0,2.0,0.0,1.0,0.0,13.0,-4.0,39
91,5.0,28:11,0.667,1.0,10.0,3.0,2.0,0.0,24.0,8.0,53
91,6.0,32:30,0.33299999999999996,0.28600000000000003,4.0,4.0,2.0,0.0,19.0,1.0,68
91,7.0,27:49,0.5710000000000001,0.0,5.0,3.0,1.0,0.0,14.0,1.0,97
91,8.0,28:17,0.222,0.25,4.0,5.0,0.0,0.0,7.0,-11.0,102
91,9.0,31:40,0.43799999999999994,0.375,9.0,4.0,1.0,0.0,19.0,15.0,135
91,10.0,18:13,0.294,0.28600000000000003,5.0,1.0,1.0,0.0,14.0,-32.0,148
91,11.0,19:29,0.429,0.0,4.0,1.0,0.0,0.0,6.0,-5.0,153
91,12.0,19:33,0.33299999999999996,0.0,2.0,2.0,1.0,0.0,10.0,2.0,174
91,13.0,20:03,0.111,0.0,4.0,1.0,0.0,0.0,3.0,-16.0,190
91,14.0,32:25,0.47100000000000003,0.25,2.0,3.0,0.0,3.0,23.0,-10.0,213
91,15.0,26:31,0.5,0.4,2.0,7.0,0.0,0.0,16.0,-11.0,245
91,16.0,29:39,0.615,0.6,5.0,3.0,2.0,0.0,22.0,1.0,258
91,17.0,46:53,0.41200000000000003,0.33299999999999996,14.0,2.0,0.0,0.0,38.0,8.0,272
91,18.0,29:59,0.5,0.33299999999999996,6.0,4.0,1.0,0.0,14.0,-23.0,287
91,19.0,29:12,0.231,0.2,1.0,3.0,0.0,0.0,19.0,-12.0,301
91,20.0,32:35,0.667,0.5,6.0,4.0,1.0,0.0,21.0,-2.0,316
91,21.0,31:50,0.6,0.667,6.0,3.0,1.0,0.0,22.0,15.0,1194
91,22.0,23:39,0.28600000000000003,0.0,1.0,1.0,0.0,0.0,6.0,-19.0,353
91,23.0,31:49,0.75,1.0,3.0,2.0,0.0,0.0,17.0,3.0,364
91,24.0,31:21,0.385,0.5,4.0,5.0,1.0,0.0,22.0,15.0,378
91,25.0,27:00,0.444,0.4,6.0,1.0,1.0,0.0,13.0,-13.0,390
91,26.0,26:19,0.4,0.0,4.0,3.0,1.0,0.0,7.0,6.0,409
91,27.0,23:24,0.3,0.0,1.0,0.0,3.0,0.0,8.0,-14.0,420
91,28.0,32:12,0.364,0.2,4.0,2.0,0.0,0.0,14.0,-13.0,438
91,29.0,20:47,0.4,0.4,5.0,4.0,1.0,0.0,12.0,-30.0,444
91,30.0,31:42,0.6,0.5710000000000001,5.0,4.0,0.0,0.0,23.0,-4.0,468
91,31.0,34:01,0.429,0.444,3.0,6.0,1.0,0.0,18.0,6.0,485
91,32.0,23:15,0.33299999999999996,0.0,2.0,0.0,1.0,0.0,7.0,-11.0,498
91,33.0,28:15,0.28600000000000003,0.33299999999999996,4.0,1.0,0.0,0.0,8.0,-7.0,520
91,34.0,24:39,0.33299999999999996,0.25,8.0,5.0,1.0,1.0,13.0,5.0,541
91,35.0,19:24,0.222,0.0,2.0,0.0,0.0,0.0,4.0,-18.0,552
91,36.0,25:21,0.444,0.5,3.0,3.0,1.0,0.0,10.0,-13.0,564
91,37.0,24:41,0.429,0.33299999999999996,5.0,0.0,1.0,0.0,14.0,-14.0,578
91,38.0,26:36,0.5,0.5,7.0,1.0,1.0,0.0,18.0,-9.0,592
91,39.0,21:45,0.4,0.0,2.0,0.0,0.0,0.0,6.0,-10.0,598
91,40.0,23:15,0.182,0.14300000000000002,3.0,4.0,1.0,0.0,5.0,-4.0,614
91,41.0,26:26,0.14300000000000002,0.33299999999999996,1.0,3.0,0.0,0.0,7.0,-10.0,627
91,no play,,,,,,,,,,650
91,42.0,27:14,0.35700000000000004,0.429,4.0,5.0,2.0,0.0,13.0,-4.0,657
91,43.0,30:49,0.43799999999999994,0.16699999999999998,10.0,1.0,0.0,0.0,17.0,-32.0,671
91,44.0,15:24,0.5,0.667,1.0,0.0,0.0,0.0,8.0,2.0,687
91,45.0,33:43,0.41200000000000003,0.6,2.0,3.0,2.0,0.0,18.0,6.0,700
91,46.0,25:06,0.6,0.0,1.0,1.0,0.0,0.0,14.0,-3.0,715
91,47.0,16:47,0.5,0.0,3.0,1.0,1.0,0.0,8.0,7.0,725
91,48.0,19:19,0.25,0.0,3.0,1.0,0.0,1.0,4.0,-11.0,739
91,49.0,26:02,0.545,0.5,5.0,4.0,0.0,0.0,18.0,8.0,753
91,50.0,31:44,0.5,0.556,5.0,0.0,1.0,0.0,18.0,-9.0,771
91,51.0,18:20,0.25,0.25,0.0,2.0,0.0,0.0,3.0,5.0,785
91,52.0,18:06,0.429,0.667,4.0,2.0,0.0,0.0,10.0,-2.0,790
91,53.0,15:35,0.25,0.33299999999999996,4.0,1.0,0.0,0.0,5.0,-12.0,805
91,54.0,25:23,0.4,0.33299999999999996,6.0,3.0,1.0,0.0,15.0,-3.0,828
91,55.0,18:36,0.33299999999999996,0.2,1.0,2.0,0.0,0.0,7.0,-1.0,844
91,56.0,18:11,0.14300000000000002,0.0,0.0,0.0,0.0,0.0,5.0,-10.0,1240
91,57.0,29:06,0.375,0.2,10.0,2.0,2.0,0.0,15.0,-3.0,1249
91,58.0,20:31,0.2,0.0,3.0,0.0,1.0,0.0,4.0,-10.0,866
91,59.0,22:56,0.4,0.0,2.0,1.0,0.0,0.0,10.0,-2.0,876
91,60.0,26:59,0.5,0.857,2.0,5.0,0.0,0.0,20.0,6.0,887
91,61.0,27:52,0.5,1.0,5.0,3.0,1.0,1.0,23.0,21.0,900
91,62.0,29:41,0.5710000000000001,0.429,4.0,1.0,1.0,0.0,27.0,-8.0,910
91,63.0,23:31,0.273,0.125,2.0,5.0,2.0,0.0,9.0,-18.0,931
91,64.0,24:42,0.111,0.0,8.0,2.0,0.0,0.0,8.0,16.0,946
91,65.0,6:34,0.5,,1.0,1.0,0.0,0.0,2.0,-3.0,960
91,no play,,,,,,,,,,976
91,no play,,,,,,,,,,982
91,no play,,,,,,,,,,996
91,no play,,,,,,,,,,1012
91,no play,,,,,,,,,,1027
91,no play,,,,,,,,,,1032
91,no play,,,,,,,,,,1048
91,66.0,11:30,0.5710000000000001,0.33299999999999996,0.0,0.0,0.0,0.0,9.0,2.0,1065
91,67.0,23:13,0.5,0.25,2.0,1.0,0.0,0.0,15.0,2.0,1081
91,68.0,22:23,0.5,0.25,5.0,4.0,0.0,0.0,15.0,5.0,1099
91,69.0,25:09,0.125,0.0,11.0,1.0,0.0,0.0,4.0,14.0,1109
91,70.0,11:53,0.8,0.75,3.0,3.0,1.0,0.0,13.0,17.0,1115
91,no play,,,,,,,,,,1135
91,no play,,,,,,,,,,1149
91,no play,,,,,,,,,,1165
91,no play,,,,,,,,,,1183
