Player_ID,G,MP,FG%,3P%,TRB,AST,STL,BLK,PTS,+/-,Game_ID
70,1.0,36:16,0.353,0.5,8.0,0.0,0.0,1.0,14.0,-16.0,0
70,2.0,19:19,0.33299999999999996,,3.0,0.0,0.0,1.0,4.0,-25.0,16
70,3.0,30:43,0.583,,7.0,1.0,1.0,0.0,19.0,-6.0,25
70,4.0,32:13,0.667,0.5,4.0,0.0,0.0,2.0,21.0,8.0,44
70,5.0,32:37,0.462,0.16699999999999998,3.0,0.0,0.0,1.0,17.0,7.0,61
70,6.0,20:57,0.385,0.5,7.0,0.0,0.0,0.0,11.0,-15.0,77
70,7.0,25:31,0.5,0.5,7.0,3.0,1.0,1.0,7.0,-9.0,92
70,8.0,26:53,0.5,1.0,2.0,0.0,0.0,2.0,11.0,-3.0,105
70,9.0,30:41,0.25,0.5,8.0,0.0,0.0,1.0,8.0,-16.0,120
70,10.0,36:47,0.684,1.0,9.0,0.0,0.0,4.0,31.0,-6.0,137
70,11.0,28:03,0.231,0.0,13.0,2.0,0.0,0.0,6.0,-3.0,141
70,12.0,29:33,0.5379999999999999,0.5,8.0,1.0,0.0,0.0,16.0,1.0,155
70,13.0,31:14,0.5,0.667,9.0,1.0,1.0,3.0,15.0,8.0,183
70,14.0,37:16,0.545,0.75,9.0,1.0,2.0,3.0,21.0,12.0,200
70,15.0,31:53,0.222,0.33299999999999996,4.0,0.0,0.0,3.0,5.0,-4.0,210
70,16.0,31:24,0.615,0.5,8.0,2.0,1.0,4.0,19.0,-8.0,237
70,17.0,32:43,0.47100000000000003,0.25,6.0,1.0,0.0,2.0,19.0,-5.0,259
70,18.0,33:38,0.636,0.5,7.0,2.0,2.0,1.0,18.0,13.0,275
70,19.0,31:47,0.4,0.0,8.0,0.0,0.0,3.0,11.0,-5.0,288
70,20.0,25:04,0.5,0.2,4.0,1.0,1.0,1.0,16.0,17.0,292
70,21.0,34:17,0.818,0.5,7.0,4.0,3.0,4.0,21.0,4.0,310
70,22.0,31:21,0.33299999999999996,0.0,5.0,1.0,0.0,4.0,10.0,5.0,325
70,23.0,25:06,0.3,0.5,8.0,0.0,1.0,1.0,8.0,-22.0,1193
70,24.0,29:02,0.33299999999999996,0.5,6.0,3.0,0.0,1.0,12.0,-19.0,337
70,25.0,35:30,0.529,0.667,4.0,0.0,1.0,4.0,22.0,-3.0,347
70,26.0,32:18,0.611,0.5,3.0,2.0,1.0,0.0,29.0,3.0,369
70,27.0,30:33,0.3,0.2,8.0,2.0,0.0,0.0,8.0,4.0,376
70,28.0,31:37,0.615,0.5,11.0,1.0,0.0,5.0,18.0,8.0,390
70,29.0,21:59,0.556,0.0,4.0,0.0,0.0,0.0,10.0,-8.0,410
70,30.0,40:16,0.5329999999999999,0.8,9.0,2.0,1.0,1.0,20.0,8.0,422
70,31.0,31:36,0.556,0.429,10.0,1.0,0.0,1.0,23.0,3.0,439
70,32.0,29:49,0.5329999999999999,0.25,11.0,3.0,2.0,5.0,19.0,20.0,443
70,33.0,24:29,0.545,0.33299999999999996,6.0,3.0,0.0,0.0,16.0,17.0,467
70,34.0,29:43,0.643,0.4,7.0,3.0,0.0,3.0,20.0,-26.0,482
70,35.0,31:37,0.47100000000000003,0.0,6.0,1.0,1.0,2.0,17.0,-21.0,515
70,36.0,31:14,0.5,0.4,6.0,0.0,0.0,0.0,22.0,10.0,521
70,37.0,32:59,0.308,0.0,11.0,0.0,1.0,1.0,9.0,-16.0,535
70,38.0,33:20,0.47100000000000003,0.0,12.0,1.0,0.0,0.0,16.0,6.0,550
70,39.0,37:53,0.47100000000000003,0.33299999999999996,10.0,0.0,1.0,1.0,19.0,-12.0,572
70,no play,,,,,,,,,,589
70,40.0,28:32,0.4,0.5,10.0,1.0,0.0,1.0,13.0,16.0,603
70,41.0,32:34,0.5,0.28600000000000003,5.0,2.0,0.0,0.0,13.0,5.0,610
70,42.0,30:22,0.5,0.429,4.0,0.0,1.0,0.0,15.0,-24.0,622
70,43.0,24:49,0.5,0.25,7.0,2.0,0.0,5.0,11.0,-7.0,636
70,44.0,22:08,0.5710000000000001,0.667,4.0,1.0,2.0,0.0,13.0,-5.0,648
70,45.0,20:42,0.444,0.5,3.0,1.0,1.0,1.0,10.0,-16.0,666
70,46.0,35:25,0.462,0.6,8.0,0.0,3.0,2.0,16.0,-4.0,682
70,47.0,21:28,0.25,0.0,0.0,1.0,1.0,0.0,4.0,-18.0,701
70,48.0,33:08,0.5,0.0,7.0,1.0,0.0,1.0,12.0,-1.0,720
70,49.0,38:18,0.43799999999999994,0.429,10.0,2.0,1.0,2.0,17.0,2.0,726
70,50.0,35:39,0.375,0.28600000000000003,9.0,1.0,2.0,2.0,20.0,-5.0,736
70,51.0,34:40,0.667,0.667,12.0,1.0,0.0,3.0,20.0,20.0,752
70,52.0,23:55,0.222,0.25,2.0,2.0,0.0,0.0,5.0,-27.0,762
70,53.0,40:43,0.65,0.5,8.0,0.0,0.0,1.0,28.0,-5.0,786
70,54.0,34:55,0.429,0.5,3.0,1.0,0.0,4.0,16.0,0.0,801
70,55.0,25:27,0.4,0.0,4.0,2.0,1.0,2.0,8.0,-25.0,819
70,56.0,28:11,0.778,1.0,8.0,0.0,1.0,1.0,17.0,1.0,829
70,no play,,,,,,,,,,843
70,57.0,36:01,0.583,0.33299999999999996,7.0,0.0,1.0,1.0,15.0,17.0,1234
70,58.0,34:28,0.5329999999999999,0.4,10.0,2.0,2.0,1.0,18.0,2.0,1254
70,59.0,35:32,0.35700000000000004,0.33299999999999996,4.0,0.0,0.0,1.0,15.0,-2.0,1258
70,60.0,36:18,0.47100000000000003,0.667,13.0,0.0,1.0,2.0,22.0,4.0,857
70,61.0,32:44,0.4,0.28600000000000003,8.0,1.0,0.0,2.0,14.0,-7.0,871
70,62.0,36:24,0.636,1.0,5.0,0.0,0.0,2.0,19.0,-6.0,881
70,63.0,30:16,0.385,0.5,5.0,1.0,1.0,4.0,12.0,10.0,913
70,64.0,30:13,0.5,0.4,3.0,2.0,0.0,1.0,18.0,-10.0,929
70,65.0,28:00,0.273,0.25,4.0,0.0,0.0,3.0,9.0,-16.0,939
70,66.0,32:05,0.0,0.0,9.0,0.0,0.0,2.0,0.0,18.0,952
70,67.0,26:51,0.455,0.0,3.0,1.0,0.0,1.0,10.0,-27.0,975
70,68.0,34:18,0.429,0.375,9.0,1.0,0.0,0.0,17.0,14.0,983
70,69.0,24:09,0.636,0.667,5.0,0.0,0.0,2.0,16.0,6.0,1000
70,70.0,25:47,0.5379999999999999,0.667,6.0,1.0,0.0,0.0,16.0,-11.0,1011
70,no play,,,,,,,,,,1028
70,71.0,31:53,0.5,1.0,8.0,1.0,0.0,0.0,18.0,9.0,1044
70,72.0,31:40,0.5,1.0,7.0,1.0,1.0,0.0,16.0,18.0,1057
70,73.0,27:45,0.33299999999999996,0.444,2.0,2.0,0.0,1.0,15.0,1.0,1074
70,74.0,29:35,0.6,0.75,12.0,2.0,0.0,2.0,15.0,6.0,1086
70,75.0,28:03,0.647,0.0,6.0,0.0,1.0,6.0,24.0,11.0,1108
70,76.0,30:38,0.231,0.0,10.0,0.0,0.0,0.0,8.0,-13.0,1118
70,77.0,31:47,0.222,0.16699999999999998,7.0,0.0,0.0,1.0,7.0,9.0,1127
70,78.0,30:29,0.444,0.6,9.0,0.0,0.0,1.0,11.0,8.0,1141
70,79.0,27:06,0.5,0.25,4.0,0.0,0.0,0.0,12.0,5.0,1157
70,no play,,,,,,,,,,1179
