Player_ID,G,MP,FG%,3P%,TRB,AST,STL,BLK,PTS,+/-,Game_ID
159,1.0,13:31,0.16699999999999998,0.0,2.0,0.0,0.0,0.0,2.0,1.0,5
159,2.0,11:09,1.0,,1.0,1.0,0.0,0.0,9.0,4.0,30
159,3.0,18:46,0.33299999999999996,,4.0,1.0,0.0,0.0,8.0,-2.0,48
159,4.0,13:15,0.4,1.0,1.0,0.0,1.0,0.0,5.0,-5.0,63
159,5.0,21:13,0.667,,4.0,0.0,0.0,1.0,15.0,7.0,75
159,6.0,24:22,0.25,0.25,4.0,0.0,0.0,0.0,7.0,-3.0,97
159,7.0,19:11,0.667,1.0,1.0,0.0,1.0,0.0,13.0,11.0,105
159,8.0,15:25,0.5,,1.0,0.0,0.0,0.0,4.0,0.0,131
159,no play,,,,,,,,,,138
159,no play,,,,,,,,,,151
159,no play,,,,,,,,,,168
159,9.0,17:31,1.0,,2.0,1.0,1.0,0.0,4.0,-7.0,186
159,10.0,16:26,0.25,0.0,2.0,1.0,0.0,0.0,2.0,7.0,201
159,11.0,17:03,0.667,0.0,2.0,0.0,1.0,0.0,11.0,2.0,218
159,12.0,7:15,0.0,0.0,4.0,0.0,0.0,0.0,0.0,-6.0,247
159,13.0,8:52,0.0,0.0,1.0,1.0,0.0,0.0,4.0,2.0,255
159,14.0,17:24,0.5,0.0,1.0,0.0,0.0,0.0,10.0,-12.0,269
159,15.0,7:44,0.25,,1.0,0.0,0.0,0.0,3.0,-13.0,281
159,16.0,20:40,0.6,0.4,2.0,1.0,0.0,0.0,14.0,13.0,295
159,17.0,25:24,0.5,0.0,6.0,1.0,0.0,0.0,12.0,10.0,302
159,18.0,19:41,0.16699999999999998,0.0,3.0,0.0,0.0,0.0,2.0,-10.0,329
159,19.0,19:39,0.33299999999999996,,2.0,0.0,0.0,0.0,3.0,8.0,331
159,20.0,17:21,0.0,0.0,3.0,0.0,0.0,0.0,1.0,-18.0,342
159,21.0,14:48,0.2,0.33299999999999996,5.0,2.0,0.0,0.0,6.0,-1.0,358
159,22.0,13:29,0.4,,2.0,0.0,0.0,0.0,5.0,-5.0,370
159,23.0,17:27,0.429,0.0,6.0,1.0,0.0,1.0,8.0,0.0,403
159,24.0,20:39,0.375,0.0,2.0,2.0,0.0,0.0,8.0,-3.0,416
159,25.0,18:59,0.3,0.33299999999999996,5.0,0.0,1.0,0.0,7.0,8.0,430
159,26.0,17:11,1.0,1.0,1.0,0.0,0.0,0.0,6.0,3.0,450
159,27.0,25:06,0.625,0.0,1.0,0.0,1.0,1.0,15.0,0.0,464
159,28.0,29:02,0.308,0.33299999999999996,3.0,0.0,1.0,0.0,12.0,-4.0,473
159,29.0,19:25,0.5,1.0,2.0,0.0,0.0,0.0,5.0,-4.0,488
159,30.0,17:42,0.615,0.8,1.0,0.0,0.0,0.0,22.0,8.0,502
159,31.0,22:42,0.455,0.5,6.0,0.0,1.0,0.0,12.0,6.0,516
159,32.0,18:41,0.5,1.0,5.0,0.0,1.0,0.0,10.0,-9.0,526
159,no play,,,,,,,,,,549
159,33.0,17:43,0.667,0.5,3.0,0.0,0.0,0.0,5.0,1.0,561
159,34.0,20:18,0.556,0.5,2.0,0.0,0.0,0.0,11.0,17.0,575
159,35.0,29:50,0.636,0.667,7.0,1.0,0.0,0.0,20.0,13.0,587
159,36.0,22:38,0.5,0.5,1.0,0.0,0.0,0.0,7.0,5.0,601
159,37.0,12:20,0.0,0.0,1.0,0.0,0.0,0.0,0.0,-20.0,611
159,38.0,22:31,0.667,0.667,4.0,0.0,0.0,0.0,15.0,-9.0,630
159,39.0,18:27,0.4,1.0,4.0,0.0,0.0,0.0,7.0,3.0,645
159,40.0,33:27,0.643,0.4,5.0,1.0,1.0,0.0,20.0,8.0,669
159,41.0,26:35,0.667,0.667,3.0,1.0,0.0,0.0,16.0,-7.0,684
159,42.0,19:58,0.4,,2.0,0.0,1.0,0.0,8.0,-12.0,696
159,43.0,28:16,0.545,0.667,7.0,1.0,0.0,1.0,18.0,16.0,715
159,44.0,22:10,0.4,0.4,5.0,1.0,0.0,0.0,10.0,9.0,726
159,45.0,30:49,0.43799999999999994,0.667,6.0,2.0,1.0,0.0,16.0,-24.0,737
159,46.0,23:13,0.545,0.75,0.0,0.0,1.0,0.0,15.0,-1.0,754
159,47.0,25:40,0.455,0.33299999999999996,3.0,0.0,0.0,0.0,11.0,4.0,769
159,48.0,21:23,0.364,,3.0,1.0,0.0,0.0,12.0,0.0,781
159,49.0,25:36,0.615,0.4,2.0,2.0,0.0,0.0,22.0,1.0,796
159,50.0,21:44,0.25,0.0,2.0,0.0,0.0,0.0,5.0,-14.0,810
159,51.0,18:40,0.7140000000000001,0.0,2.0,0.0,1.0,0.0,12.0,17.0,822
159,52.0,15:01,0.4,0.0,1.0,1.0,1.0,0.0,7.0,-14.0,838
159,53.0,16:39,0.7140000000000001,0.0,3.0,2.0,0.0,0.0,15.0,6.0,848
159,54.0,15:43,0.33299999999999996,0.0,2.0,0.0,0.0,0.0,5.0,-1.0,1238
159,55.0,13:26,0.5,0.5,3.0,0.0,0.0,0.0,11.0,-8.0,1248
159,56.0,15:11,0.5710000000000001,0.5,0.0,1.0,1.0,0.0,10.0,11.0,1264
159,57.0,23:54,0.583,0.0,3.0,1.0,0.0,0.0,18.0,10.0,864
159,58.0,16:17,0.5,0.0,2.0,0.0,0.0,0.0,4.0,5.0,886
159,59.0,25:49,0.5379999999999999,0.0,6.0,0.0,1.0,0.0,17.0,19.0,915
159,60.0,27:44,0.556,0.0,7.0,0.0,0.0,0.0,11.0,-6.0,928
159,61.0,16:23,0.28600000000000003,0.0,2.0,1.0,0.0,0.0,4.0,-2.0,938
159,62.0,15:28,0.16699999999999998,0.0,2.0,0.0,0.0,0.0,2.0,-10.0,955
159,63.0,31:28,0.5,0.0,3.0,1.0,0.0,1.0,21.0,-9.0,966
159,64.0,27:59,0.7,0.0,1.0,2.0,0.0,0.0,15.0,-13.0,985
159,65.0,23:30,0.615,0.33299999999999996,6.0,1.0,1.0,0.0,20.0,-2.0,999
159,66.0,23:33,0.5329999999999999,0.667,4.0,0.0,1.0,0.0,18.0,7.0,1016
159,67.0,11:43,0.0,,0.0,0.0,0.0,0.0,0.0,-20.0,1040
159,68.0,20:06,0.667,0.0,2.0,0.0,0.0,0.0,13.0,2.0,1046
159,69.0,9:24,0.33299999999999996,0.0,2.0,0.0,0.0,0.0,2.0,-1.0,1064
159,70.0,9:50,1.0,,1.0,0.0,0.0,0.0,2.0,-8.0,1083
159,71.0,16:02,0.33299999999999996,,2.0,0.0,0.0,0.0,6.0,-15.0,1100
159,72.0,13:16,0.5710000000000001,,1.0,0.0,0.0,0.0,11.0,-2.0,1114
159,73.0,32:21,0.444,0.5,11.0,1.0,0.0,0.0,24.0,-6.0,1124
159,74.0,12:27,0.429,0.5,0.0,0.0,0.0,0.0,7.0,-12.0,1139
159,75.0,19:52,0.556,,3.0,0.0,1.0,0.0,11.0,2.0,1146
159,76.0,17:35,0.5,0.0,2.0,0.0,0.0,0.0,12.0,-9.0,1163
159,77.0,14:39,0.5,0.0,1.0,1.0,0.0,1.0,9.0,-4.0,1174
159,78.0,21:52,0.5,0.16699999999999998,2.0,1.0,2.0,0.0,22.0,10.0,1185
