Player_ID,G,MP,FG%,3P%,TRB,AST,STL,BLK,PTS,+/-,Game_ID
341,1.0,12:54,0.33299999999999996,0.0,2.0,0.0,1.0,0.0,2.0,-15.0,
341,2.0,15:14,0.667,,1.0,1.0,0.0,0.0,4.0,-2.0,21
341,3.0,13:36,0.667,,1.0,1.0,0.0,0.0,4.0,2.0,32
341,4.0,18:09,0.667,,1.0,5.0,2.0,0.0,6.0,-5.0,50
341,5.0,17:21,0.75,,2.0,1.0,0.0,0.0,6.0,15.0,65
341,6.0,20:11,1.0,,1.0,4.0,0.0,0.0,11.0,-11.0,74
341,7.0,17:05,0.5,,3.0,0.0,0.0,0.0,4.0,9.0,95
341,8.0,20:30,0.0,,0.0,1.0,0.0,0.0,1.0,5.0,112
341,9.0,18:03,0.75,,2.0,0.0,1.0,0.0,6.0,-6.0,115
341,10.0,19:36,0.6,,4.0,3.0,0.0,0.0,6.0,4.0,139
341,11.0,18:21,1.0,,3.0,4.0,1.0,0.0,3.0,17.0,161
341,12.0,17:52,0.5,,2.0,2.0,1.0,2.0,3.0,-12.0,175
341,13.0,15:26,0.2,,3.0,2.0,0.0,0.0,3.0,5.0,187
341,14.0,15:54,0.5,,3.0,3.0,0.0,0.0,4.0,-2.0,198
341,15.0,17:17,0.75,,2.0,2.0,0.0,0.0,6.0,13.0,219
341,16.0,14:56,0.25,,2.0,1.0,0.0,0.0,2.0,8.0,249
341,17.0,23:18,0.28600000000000003,,3.0,1.0,0.0,0.0,4.0,6.0,255
341,18.0,15:39,0.6,,2.0,1.0,1.0,0.0,6.0,-1.0,270
341,19.0,19:45,0.5,,3.0,3.0,1.0,0.0,4.0,-10.0,291
341,20.0,17:32,0.667,,4.0,1.0,0.0,0.0,4.0,16.0,309
341,21.0,13:44,1.0,,2.0,2.0,0.0,0.0,4.0,16.0,324
341,22.0,17:29,1.0,,1.0,2.0,1.0,0.0,5.0,-1.0,1201
341,no play,,,,,,,,,,335
341,23.0,18:27,0.75,,0.0,1.0,0.0,1.0,6.0,-2.0,351
341,24.0,18:52,0.8,,4.0,1.0,1.0,0.0,9.0,13.0,358
341,25.0,17:04,0.4,,2.0,1.0,0.0,0.0,4.0,0.0,371
341,26.0,18:47,0.625,,1.0,3.0,0.0,1.0,10.0,-6.0,388
341,27.0,16:22,0.6,,2.0,1.0,1.0,0.0,8.0,12.0,405
341,28.0,18:24,0.25,,2.0,4.0,0.0,0.0,2.0,5.0,427
341,29.0,17:47,0.5,,2.0,0.0,2.0,0.0,4.0,-3.0,438
341,30.0,15:14,0.4,,1.0,2.0,2.0,0.0,4.0,-5.0,446
341,31.0,17:35,0.0,,3.0,3.0,0.0,1.0,2.0,-2.0,462
341,32.0,12:11,1.0,,0.0,1.0,0.0,0.0,2.0,-20.0,490
341,33.0,17:52,0.6,,2.0,0.0,0.0,2.0,6.0,-5.0,506
341,34.0,18:18,0.5,,3.0,4.0,1.0,0.0,6.0,9.0,525
341,35.0,17:37,0.667,,4.0,1.0,0.0,0.0,9.0,1.0,539
341,36.0,15:33,0.75,,2.0,2.0,1.0,0.0,7.0,-10.0,555
341,37.0,18:32,0.75,,2.0,0.0,1.0,0.0,6.0,-2.0,570
341,38.0,17:33,0.6,,0.0,1.0,0.0,0.0,8.0,0.0,583
341,39.0,20:31,0.7140000000000001,,1.0,2.0,0.0,0.0,10.0,-10.0,596
341,40.0,15:26,0.857,,2.0,1.0,0.0,0.0,13.0,13.0,624
341,41.0,19:49,0.5,,1.0,1.0,0.0,0.0,8.0,4.0,639
341,42.0,18:11,0.667,,2.0,0.0,0.0,1.0,4.0,4.0,651
341,no play,,,,,,,,,,666
341,43.0,20:47,0.5,,5.0,5.0,1.0,1.0,4.0,1.0,673
341,44.0,18:00,0.14300000000000002,,1.0,3.0,1.0,0.0,2.0,14.0,692
341,45.0,15:37,0.667,,2.0,1.0,1.0,1.0,8.0,3.0,712
341,46.0,23:11,0.5,,1.0,3.0,1.0,0.0,6.0,-10.0,723
341,no play,,,,,,,,,,747
341,no play,,,,,,,,,,751
341,47.0,17:05,0.75,,2.0,0.0,0.0,1.0,8.0,-7.0,770
341,48.0,16:17,0.5,,1.0,2.0,1.0,0.0,2.0,1.0,798
341,49.0,11:45,0.0,,1.0,2.0,0.0,0.0,2.0,3.0,809
341,50.0,16:08,1.0,,2.0,2.0,1.0,0.0,6.0,8.0,818
341,no play,,,,,,,,,,833
341,51.0,15:29,0.0,,1.0,1.0,0.0,0.0,0.0,7.0,853
341,52.0,17:23,0.5710000000000001,,1.0,1.0,0.0,1.0,8.0,-6.0,1230
341,53.0,16:33,0.5,,2.0,1.0,0.0,0.0,6.0,-7.0,1249
341,54.0,15:19,0.5,,2.0,1.0,1.0,0.0,3.0,-2.0,1259
341,55.0,23:54,0.625,0.0,3.0,2.0,1.0,1.0,14.0,4.0,1265
341,56.0,19:13,0.0,,3.0,1.0,1.0,1.0,0.0,3.0,867
341,57.0,13:41,0.0,,0.0,1.0,0.0,0.0,0.0,-11.0,889
341,58.0,16:44,0.16699999999999998,,3.0,3.0,0.0,0.0,2.0,6.0,898
341,59.0,14:27,0.5,,0.0,1.0,1.0,2.0,2.0,-15.0,919
341,no play,,,,,,,,,,928
341,60.0,27:28,0.14300000000000002,,3.0,2.0,1.0,0.0,2.0,-17.0,940
341,61.0,11:58,1.0,,2.0,0.0,1.0,0.0,4.0,9.0,963
341,62.0,18:47,,,0.0,1.0,1.0,0.0,0.0,15.0,979
341,63.0,17:36,0.25,,2.0,3.0,1.0,0.0,2.0,13.0,995
341,64.0,17:04,0.2,,1.0,1.0,0.0,0.0,4.0,-9.0,1009
341,65.0,19:42,0.75,,2.0,3.0,1.0,0.0,6.0,21.0,1015
341,66.0,18:48,1.0,,0.0,1.0,1.0,0.0,8.0,16.0,1041
341,67.0,15:55,1.0,,1.0,4.0,0.0,0.0,2.0,-4.0,1054
341,68.0,16:33,1.0,,6.0,4.0,1.0,1.0,6.0,4.0,1068
341,69.0,12:11,0.5,,0.0,3.0,0.0,1.0,5.0,19.0,1078
341,70.0,21:17,0.75,,3.0,2.0,0.0,0.0,7.0,3.0,1096
341,71.0,20:46,0.8,,7.0,0.0,0.0,1.0,17.0,11.0,1112
341,72.0,18:52,,,2.0,2.0,0.0,1.0,4.0,5.0,1124
341,73.0,25:18,0.667,1.0,1.0,2.0,1.0,0.0,5.0,14.0,1132
341,74.0,24:09,0.7,,1.0,6.0,0.0,0.0,14.0,21.0,1156
341,75.0,19:22,0.5,,3.0,4.0,0.0,0.0,4.0,-7.0,1172
341,76.0,17:29,0.0,,4.0,2.0,2.0,0.0,0.0,-3.0,1190
