Player_ID,G,MP,FG%,3P%,TRB,AST,STL,BLK,PTS,+/-,Game_ID
410,no play,,,,,,,,,,8
410,no play,,,,,,,,,,12
410,no play,,,,,,,,,,30
410,no play,,,,,,,,,,40
410,no play,,,,,,,,,,45
410,no play,,,,,,,,,,61
410,1.0,15:23,0.6,,3.0,0.0,0.0,0.0,8.0,4.0,81
410,no play,,,,,,,,,,85
410,no play,,,,,,,,,,101
410,no play,,,,,,,,,,116
410,no play,,,,,,,,,,124
410,no play,,,,,,,,,,164
410,no play,,,,,,,,,,179
410,no play,,,,,,,,,,192
410,no play,,,,,,,,,,220
410,no play,,,,,,,,,,250
410,no play,,,,,,,,,,258
410,no play,,,,,,,,,,264
410,no play,,,,,,,,,,293
410,no play,,,,,,,,,,312
410,no play,,,,,,,,,,1199
410,no play,,,,,,,,,,345
410,no play,,,,,,,,,,354
410,no play,,,,,,,,,,367
410,2.0,6:33,0.5,,1.0,0.0,0.0,0.0,2.0,0.0,380
410,no play,,,,,,,,,,394
410,3.0,2:11,,,0.0,0.0,0.0,0.0,0.0,-3.0,407
410,no play,,,,,,,,,,428
410,no play,,,,,,,,,,434
410,no play,,,,,,,,,,450
410,no play,,,,,,,,,,476
410,no play,,,,,,,,,,489
410,4.0,3:16,1.0,,2.0,0.0,0.0,0.0,2.0,4.0,507
410,no play,,,,,,,,,,531
410,no play,,,,,,,,,,540
410,no play,,,,,,,,,,556
410,no play,,,,,,,,,,570
410,no play,,,,,,,,,,584
410,no play,,,,,,,,,,604
410,no play,,,,,,,,,,615
410,no play,,,,,,,,,,640
410,5.0,5:52,1.0,,3.0,0.0,1.0,0.0,3.0,4.0,649
410,no play,,,,,,,,,,665
410,no play,,,,,,,,,,674
410,no play,,,,,,,,,,685
410,no play,,,,,,,,,,699
410,no play,,,,,,,,,,709
410,no play,,,,,,,,,,724
410,6.0,8:28,0.0,,3.0,0.0,1.0,0.0,3.0,2.0,732
410,no play,,,,,,,,,,759
410,no play,,,,,,,,,,770
410,no play,,,,,,,,,,784
410,7.0,1:03,,,0.0,0.0,0.0,0.0,2.0,0.0,799
410,no play,,,,,,,,,,812
410,no play,,,,,,,,,,825
410,no play,,,,,,,,,,839
410,8.0,9:34,0.0,,0.0,1.0,0.0,0.0,0.0,6.0,853
410,9.0,13:58,0.7140000000000001,,3.0,2.0,1.0,0.0,12.0,16.0,1231
410,10.0,22:45,0.4,0.0,13.0,1.0,1.0,0.0,8.0,0.0,1242
410,11.0,13:53,0.5,,6.0,0.0,0.0,1.0,4.0,2.0,1264
410,12.0,15:14,0.8,,5.0,0.0,1.0,1.0,10.0,-17.0,866
410,13.0,1:55,,,0.0,0.0,0.0,0.0,0.0,0.0,892
410,14.0,19:53,0.5,,7.0,0.0,0.0,0.0,10.0,5.0,903
410,15.0,14:31,0.7,,6.0,1.0,0.0,1.0,15.0,-4.0,917
410,16.0,14:04,0.667,,5.0,0.0,1.0,0.0,8.0,2.0,932
410,17.0,19:34,0.429,,5.0,1.0,0.0,0.0,7.0,-7.0,944
410,18.0,20:10,0.556,,7.0,0.0,0.0,4.0,11.0,-4.0,957
410,19.0,29:40,0.733,1.0,11.0,0.0,2.0,0.0,32.0,8.0,972
410,20.0,18:23,0.5,0.0,4.0,1.0,0.0,0.0,13.0,-13.0,988
410,21.0,23:26,0.778,,7.0,1.0,0.0,0.0,14.0,-4.0,1002
410,22.0,31:02,0.5,0.0,8.0,1.0,2.0,0.0,8.0,-6.0,1025
410,23.0,27:29,0.455,0.0,10.0,8.0,0.0,1.0,10.0,-5.0,1041
410,24.0,18:58,0.14300000000000002,,4.0,1.0,0.0,0.0,2.0,-18.0,1049
410,25.0,9:22,0.5,,2.0,0.0,0.0,0.0,3.0,-7.0,1061
410,26.0,32:40,0.5,,7.0,2.0,1.0,1.0,9.0,-14.0,1080
410,27.0,36:10,0.294,,8.0,0.0,0.0,1.0,13.0,-21.0,1092
410,28.0,19:48,0.5,,6.0,0.0,0.0,0.0,6.0,-7.0,1100
410,29.0,33:57,0.429,1.0,8.0,1.0,2.0,0.0,11.0,1.0,1125
410,30.0,32:30,0.615,1.0,3.0,0.0,1.0,2.0,19.0,1.0,1148
410,31.0,31:05,0.833,,6.0,3.0,2.0,1.0,25.0,12.0,1161
410,32.0,26:19,0.429,,6.0,2.0,0.0,0.0,12.0,27.0,1177
410,33.0,32:32,0.429,0.0,3.0,1.0,0.0,0.0,7.0,-8.0,1189
