Player_ID,G,MP,FG%,3P%,TRB,AST,STL,BLK,PTS,+/-,Game_ID
478,1.0,27:03,0.14300000000000002,0.0,1.0,1.0,1.0,0.0,2.0,1.0,6
478,2.0,24:04,0.25,0.0,1.0,4.0,2.0,0.0,3.0,-4.0,21
478,3.0,26:51,0.28600000000000003,0.33299999999999996,4.0,0.0,2.0,0.0,5.0,-8.0,28
478,4.0,35:41,0.556,0.75,6.0,4.0,2.0,0.0,18.0,8.0,47
478,5.0,10:33,0.0,0.0,2.0,0.0,1.0,0.0,0.0,-7.0,56
478,6.0,29:42,0.4,0.5,5.0,3.0,1.0,2.0,7.0,-21.0,71
478,7.0,32:00,0.0,0.0,5.0,4.0,3.0,0.0,2.0,3.0,95
478,8.0,25:48,0.25,0.5,5.0,1.0,0.0,0.0,5.0,-7.0,101
478,9.0,30:49,0.667,0.0,6.0,5.0,2.0,1.0,8.0,3.0,113
478,10.0,17:40,0.0,,0.0,3.0,1.0,1.0,0.0,-7.0,125
478,11.0,31:49,0.4,0.25,7.0,1.0,1.0,0.0,9.0,8.0,144
478,12.0,20:23,0.0,,1.0,3.0,0.0,1.0,2.0,-10.0,155
478,13.0,18:13,0.0,0.0,3.0,2.0,1.0,0.0,0.0,0.0,173
478,14.0,25:03,0.0,,2.0,1.0,0.0,2.0,4.0,7.0,181
478,15.0,26:01,0.667,0.75,3.0,0.0,0.0,0.0,11.0,6.0,205
478,16.0,18:07,0.25,0.0,5.0,2.0,2.0,1.0,2.0,14.0,218
478,17.0,26:50,0.5,1.0,6.0,0.0,1.0,1.0,5.0,-9.0,248
478,18.0,41:48,0.667,0.33299999999999996,4.0,0.0,2.0,1.0,9.0,-10.0,261
478,19.0,27:41,0.0,0.0,7.0,1.0,1.0,0.0,3.0,18.0,274
478,20.0,24:51,0.667,0.667,2.0,0.0,0.0,1.0,6.0,-19.0,297
478,21.0,33:13,0.14300000000000002,0.16699999999999998,3.0,2.0,0.0,1.0,5.0,-15.0,311
478,22.0,46:36,0.33299999999999996,0.0,7.0,5.0,1.0,0.0,9.0,-7.0,320
478,23.0,37:37,0.429,0.33299999999999996,4.0,3.0,0.0,0.0,8.0,-13.0,334
478,24.0,30:17,0.625,1.0,3.0,4.0,0.0,0.0,13.0,-11.0,355
478,25.0,17:44,0.33299999999999996,0.25,2.0,2.0,1.0,0.0,5.0,-18.0,359
478,26.0,29:49,0.5,0.5,6.0,1.0,0.0,0.0,12.0,-4.0,371
478,27.0,31:11,0.33299999999999996,0.33299999999999996,2.0,1.0,1.0,0.0,5.0,11.0,385
478,no play,,,,,,,,,,395
478,no play,,,,,,,,,,412
478,28.0,32:55,0.5,0.0,3.0,2.0,1.0,0.0,2.0,15.0,418
478,29.0,25:39,0.5,1.0,3.0,0.0,0.0,0.0,5.0,2.0,433
478,30.0,24:07,0.16699999999999998,0.33299999999999996,3.0,0.0,1.0,0.0,3.0,3.0,449
478,31.0,30:58,0.4,0.4,7.0,2.0,1.0,0.0,10.0,10.0,471
478,32.0,23:50,0.25,0.33299999999999996,4.0,2.0,1.0,0.0,5.0,9.0,486
478,33.0,28:13,0.667,0.5,0.0,0.0,0.0,0.0,10.0,3.0,500
478,34.0,27:05,0.25,0.28600000000000003,2.0,0.0,0.0,1.0,6.0,-7.0,519
478,35.0,21:49,0.25,0.33299999999999996,3.0,1.0,0.0,0.0,3.0,-6.0,544
478,36.0,16:34,0.5,0.0,2.0,1.0,1.0,1.0,4.0,1.0,558
478,37.0,23:04,0.2,0.0,2.0,1.0,2.0,1.0,2.0,12.0,573
478,38.0,33:28,0.5,0.5,9.0,3.0,2.0,0.0,14.0,16.0,592
478,39.0,36:22,0.375,0.33299999999999996,6.0,2.0,0.0,0.0,10.0,-9.0,607
478,40.0,30:16,0.33299999999999996,0.0,4.0,1.0,0.0,0.0,4.0,-5.0,621
478,41.0,31:38,0.28600000000000003,0.33299999999999996,5.0,2.0,2.0,0.0,5.0,4.0,636
478,42.0,22:44,0.667,,0.0,1.0,0.0,1.0,8.0,3.0,650
478,43.0,27:49,0.0,0.0,2.0,4.0,0.0,2.0,1.0,-2.0,676
478,44.0,27:37,0.6,0.5,8.0,2.0,0.0,2.0,14.0,8.0,691
478,45.0,33:44,0.5,0.7140000000000001,6.0,2.0,1.0,0.0,16.0,16.0,705
478,46.0,39:26,0.222,0.28600000000000003,3.0,2.0,3.0,1.0,7.0,-5.0,719
478,47.0,22:45,0.33299999999999996,0.33299999999999996,2.0,1.0,2.0,0.0,4.0,-15.0,731
478,48.0,34:57,0.375,0.5,4.0,1.0,0.0,0.0,9.0,-7.0,741
478,49.0,26:46,0.5,0.33299999999999996,5.0,1.0,1.0,1.0,7.0,1.0,761
478,50.0,30:59,0.375,0.0,2.0,2.0,1.0,1.0,9.0,17.0,780
478,51.0,25:20,0.33299999999999996,0.33299999999999996,0.0,1.0,1.0,0.0,3.0,-24.0,795
478,52.0,37:09,0.25,0.16699999999999998,6.0,7.0,1.0,1.0,7.0,4.0,810
478,53.0,34:22,0.6,0.6,2.0,0.0,0.0,0.0,9.0,-2.0,825
478,54.0,31:17,0.4,0.25,4.0,0.0,0.0,0.0,12.0,-7.0,835
478,55.0,36:59,0.727,0.667,5.0,1.0,2.0,0.0,23.0,9.0,846
478,56.0,27:26,0.25,0.25,3.0,5.0,0.0,0.0,3.0,-14.0,1228
478,57.0,36:22,0.25,0.0,4.0,1.0,1.0,0.0,2.0,-1.0,1246
478,58.0,31:29,0.33299999999999996,0.33299999999999996,4.0,0.0,2.0,0.0,7.0,1.0,1256
478,59.0,27:21,0.2,0.0,4.0,2.0,1.0,0.0,4.0,16.0,861
478,60.0,39:38,0.2,0.33299999999999996,1.0,1.0,0.0,0.0,3.0,-6.0,878
478,61.0,33:41,0.25,0.16699999999999998,6.0,3.0,0.0,0.0,5.0,20.0,894
478,62.0,20:19,0.0,0.0,5.0,0.0,2.0,0.0,0.0,-24.0,904
478,63.0,24:04,0.2,0.25,5.0,2.0,0.0,0.0,3.0,-7.0,913
478,64.0,43:21,0.636,0.4,3.0,0.0,1.0,0.0,16.0,8.0,936
478,65.0,30:37,0.8,0.667,3.0,0.0,0.0,2.0,12.0,21.0,962
478,66.0,25:43,0.14300000000000002,0.0,4.0,2.0,0.0,1.0,4.0,-5.0,967
478,67.0,37:51,0.615,0.667,6.0,7.0,1.0,0.0,30.0,13.0,984
478,68.0,34:38,0.444,0.5,5.0,5.0,2.0,1.0,13.0,22.0,999
478,69.0,33:42,0.14300000000000002,0.0,5.0,2.0,1.0,0.0,5.0,15.0,1014
478,70.0,36:00,0.375,0.429,3.0,4.0,1.0,0.0,9.0,-3.0,1039
478,71.0,21:18,0.2,0.33299999999999996,5.0,1.0,0.0,0.0,5.0,7.0,1055
478,72.0,37:21,0.667,0.667,8.0,0.0,0.0,1.0,11.0,-6.0,1062
478,73.0,36:20,0.28600000000000003,0.4,4.0,1.0,0.0,0.0,7.0,-3.0,1077
478,74.0,29:30,0.429,0.25,1.0,3.0,2.0,1.0,7.0,18.0,1092
478,75.0,36:09,0.28600000000000003,0.0,4.0,2.0,1.0,0.0,4.0,3.0,1107
478,76.0,41:28,0.455,0.7140000000000001,4.0,0.0,1.0,1.0,15.0,0.0,1119
478,77.0,41:06,0.25,0.0,5.0,2.0,3.0,0.0,5.0,-13.0,1145
478,78.0,26:00,0.0,0.0,3.0,3.0,2.0,0.0,2.0,-6.0,1156
478,79.0,27:29,0.375,0.33299999999999996,5.0,0.0,1.0,0.0,8.0,2.0,1176
478,80.0,30:09,0.5,0.25,3.0,0.0,1.0,1.0,13.0,-9.0,1191
