Player_ID,G,MP,FG%,3P%,TRB,AST,STL,BLK,PTS,+/-,Game_ID
22,1.0,9:54,0.667,,1.0,2.0,2.0,0.0,4.0,9.0,353
22,2.0,3:29,0.0,,0.0,2.0,0.0,1.0,0.0,2.0,364
22,3.0,13:22,0.0,0.0,1.0,1.0,1.0,0.0,0.0,-16.0,378
22,4.0,4:50,,,0.0,0.0,0.0,0.0,0.0,-2.0,390
22,no play,,,,,,,,,,409
22,5.0,22:03,0.444,0.0,4.0,1.0,0.0,1.0,14.0,4.0,420
22,6.0,11:20,0.33299999999999996,,0.0,0.0,0.0,0.0,2.0,2.0,438
22,7.0,21:06,0.857,1.0,3.0,3.0,1.0,0.0,13.0,14.0,444
22,no play,,,,,,,,,,468
22,8.0,14:51,0.0,,1.0,0.0,2.0,0.0,2.0,-7.0,485
22,9.0,22:37,1.0,,0.0,3.0,0.0,0.0,4.0,-6.0,498
22,10.0,12:55,0.5,0.0,1.0,4.0,1.0,0.0,7.0,-1.0,520
22,11.0,32:24,0.5710000000000001,1.0,3.0,3.0,1.0,2.0,13.0,2.0,541
22,12.0,17:46,0.667,,5.0,2.0,0.0,0.0,7.0,-5.0,552
22,13.0,25:24,0.6,,3.0,3.0,0.0,2.0,9.0,-18.0,564
22,14.0,22:02,0.2,,7.0,5.0,1.0,0.0,4.0,-16.0,578
22,15.0,24:33,0.0,0.0,7.0,4.0,1.0,1.0,0.0,5.0,592
22,16.0,27:47,0.429,0.75,5.0,3.0,1.0,0.0,10.0,-14.0,598
22,17.0,24:17,0.0,0.0,2.0,8.0,0.0,0.0,0.0,-13.0,614
22,18.0,23:48,0.33299999999999996,,1.0,3.0,0.0,1.0,5.0,-5.0,627
22,19.0,27:45,0.5,1.0,2.0,4.0,0.0,0.0,10.0,-5.0,650
22,20.0,23:29,0.0,0.0,5.0,2.0,0.0,0.0,0.0,0.0,657
22,21.0,31:39,0.667,0.5,2.0,2.0,0.0,2.0,13.0,-4.0,671
22,22.0,32:50,0.5,0.33299999999999996,5.0,4.0,0.0,0.0,10.0,5.0,687
22,23.0,26:22,0.6,1.0,1.0,1.0,0.0,0.0,10.0,-21.0,700
22,24.0,23:44,0.429,0.0,4.0,5.0,1.0,0.0,13.0,-12.0,715
22,25.0,24:21,0.429,,5.0,2.0,0.0,0.0,10.0,-15.0,725
22,26.0,18:55,0.16699999999999998,0.0,2.0,2.0,0.0,0.0,3.0,-11.0,739
22,27.0,27:26,0.444,0.75,4.0,1.0,0.0,1.0,13.0,4.0,753
22,28.0,21:24,0.5,1.0,0.0,3.0,1.0,1.0,7.0,-2.0,771
22,29.0,22:30,0.4,0.33299999999999996,0.0,4.0,1.0,0.0,7.0,-9.0,785
22,30.0,15:47,0.25,0.0,2.0,1.0,0.0,0.0,2.0,4.0,790
22,31.0,19:09,0.0,0.0,3.0,8.0,2.0,0.0,0.0,4.0,805
22,32.0,28:36,0.625,0.8,3.0,1.0,0.0,0.0,17.0,-2.0,828
22,33.0,26:37,0.583,0.33299999999999996,5.0,8.0,2.0,0.0,19.0,-1.0,844
22,34.0,23:05,0.429,0.0,4.0,5.0,2.0,0.0,8.0,-1.0,1240
22,35.0,28:48,0.667,0.667,5.0,5.0,0.0,0.0,13.0,3.0,1249
22,36.0,26:48,0.2,,4.0,3.0,0.0,0.0,6.0,-5.0,866
22,37.0,21:19,0.4,0.0,3.0,3.0,0.0,0.0,5.0,4.0,876
22,38.0,27:23,0.5710000000000001,0.0,3.0,3.0,0.0,1.0,14.0,-10.0,887
22,39.0,23:39,0.2,0.33299999999999996,3.0,3.0,2.0,0.0,3.0,1.0,900
22,40.0,23:24,0.0,,2.0,4.0,0.0,0.0,1.0,-1.0,910
22,41.0,21:36,0.5,0.0,0.0,3.0,2.0,1.0,2.0,0.0,931
22,42.0,27:49,0.6,1.0,2.0,6.0,1.0,1.0,9.0,10.0,946
22,43.0,24:30,0.0,0.0,0.0,2.0,0.0,0.0,3.0,-18.0,960
22,44.0,21:23,0.5,1.0,3.0,3.0,1.0,0.0,6.0,-6.0,976
22,45.0,29:10,0.2,0.0,3.0,4.0,1.0,0.0,4.0,-6.0,982
22,46.0,30:25,0.556,0.33299999999999996,2.0,7.0,1.0,0.0,18.0,8.0,996
22,47.0,30:06,0.33299999999999996,0.0,9.0,4.0,0.0,2.0,10.0,3.0,1012
22,48.0,23:07,0.5,0.0,4.0,2.0,2.0,1.0,6.0,26.0,1027
22,49.0,20:50,0.0,0.0,1.0,3.0,0.0,0.0,1.0,-17.0,1032
22,50.0,21:26,0.6,0.667,2.0,4.0,2.0,1.0,10.0,20.0,1048
22,51.0,18:01,0.33299999999999996,0.5,4.0,5.0,1.0,0.0,10.0,-6.0,1065
22,52.0,20:14,0.5710000000000001,0.33299999999999996,3.0,2.0,0.0,1.0,11.0,-8.0,1081
22,53.0,19:49,0.6,0.0,3.0,1.0,2.0,1.0,7.0,20.0,1099
22,54.0,21:50,0.25,0.5,2.0,0.0,2.0,1.0,7.0,3.0,1109
22,55.0,24:56,0.8,0.5,2.0,7.0,2.0,0.0,13.0,2.0,1115
22,56.0,24:23,0.667,1.0,3.0,3.0,2.0,1.0,11.0,5.0,1135
22,57.0,26:28,0.667,0.33299999999999996,3.0,4.0,2.0,0.0,19.0,-14.0,1149
22,58.0,17:08,0.0,0.0,3.0,2.0,0.0,0.0,2.0,-5.0,1165
22,59.0,31:05,0.2,0.2,4.0,2.0,1.0,0.0,5.0,-14.0,1183
