Player_ID,G,MP,FG%,3P%,TRB,AST,STL,BLK,PTS,+/-,Game_ID
126,1.0,13:42,0.25,0.0,3.0,1.0,0.0,0.0,2.0,0.0,3
126,2.0,28:02,0.25,0.5,1.0,2.0,0.0,1.0,3.0,14.0,16
126,3.0,15:37,,,4.0,2.0,1.0,0.0,0.0,8.0,34
126,4.0,16:31,0.0,,5.0,1.0,1.0,1.0,1.0,2.0,46
126,5.0,16:53,0.0,0.0,3.0,1.0,0.0,0.0,0.0,-8.0,53
126,6.0,18:37,0.7140000000000001,0.33299999999999996,1.0,0.0,1.0,0.0,12.0,-2.0,78
126,7.0,24:57,0.5710000000000001,0.667,4.0,3.0,1.0,0.0,11.0,-2.0,94
126,8.0,6:21,0.667,,0.0,0.0,0.0,0.0,6.0,-9.0,109
126,9.0,14:59,0.16699999999999998,0.25,2.0,0.0,0.0,0.0,6.0,1.0,123
126,10.0,13:50,0.4,0.0,4.0,1.0,0.0,0.0,5.0,-10.0,134
126,11.0,14:28,0.33299999999999996,0.5,1.0,1.0,0.0,3.0,3.0,5.0,143
126,12.0,10:37,0.5,,1.0,0.0,1.0,0.0,2.0,-8.0,158
126,13.0,16:13,0.667,0.0,3.0,1.0,2.0,1.0,5.0,6.0,172
126,no play,,,,,,,,,,184
126,14.0,9:44,0.33299999999999996,0.0,1.0,0.0,0.0,0.0,2.0,-17.0,199
126,15.0,20:07,0.75,0.5,4.0,1.0,0.0,1.0,8.0,-3.0,214
126,no play,,,,,,,,,,241
126,16.0,2:09,,,2.0,0.0,0.0,0.0,0.0,3.0,253
126,17.0,10:00,1.0,,0.0,0.0,0.0,0.0,2.0,-10.0,271
126,no play,,,,,,,,,,277
126,18.0,3:49,0.0,,2.0,2.0,0.0,0.0,0.0,5.0,298
126,19.0,1:30,0.0,,1.0,0.0,1.0,0.0,0.0,-2.0,310
126,20.0,6:10,0.0,,1.0,0.0,0.0,0.0,0.0,-6.0,327
126,no play,,,,,,,,,,1192
126,21.0,4:02,1.0,,3.0,0.0,0.0,0.0,2.0,-3.0,342
126,22.0,26:03,0.25,0.33299999999999996,2.0,4.0,5.0,1.0,6.0,-7.0,356
126,23.0,14:41,0.25,0.5,2.0,1.0,0.0,0.0,7.0,11.0,381
126,24.0,16:52,0.8,0.0,1.0,1.0,0.0,0.0,8.0,-2.0,389
126,25.0,20:04,0.16699999999999998,0.0,1.0,0.0,0.0,0.0,3.0,-8.0,400
126,26.0,23:56,0.33299999999999996,0.25,4.0,3.0,2.0,0.0,7.0,3.0,414
126,27.0,16:46,0.0,,2.0,0.0,0.0,1.0,0.0,7.0,431
126,28.0,17:52,0.25,0.5,3.0,2.0,3.0,0.0,5.0,-8.0,446
126,29.0,11:51,0.25,0.5,1.0,0.0,1.0,0.0,3.0,5.0,469
126,30.0,16:15,0.2,0.0,2.0,2.0,0.0,0.0,2.0,-10.0,484
126,31.0,21:21,0.5,0.0,2.0,5.0,1.0,4.0,4.0,-6.0,503
126,32.0,12:46,0.0,0.0,3.0,1.0,0.0,0.0,0.0,4.0,514
126,33.0,15:08,0.25,0.33299999999999996,1.0,0.0,0.0,0.0,3.0,-1.0,528
126,34.0,8:17,0.0,0.0,2.0,0.0,0.0,1.0,0.0,-6.0,543
126,35.0,25:21,0.667,0.5,5.0,2.0,1.0,0.0,5.0,-11.0,571
126,36.0,22:35,0.16699999999999998,0.0,1.0,3.0,3.0,0.0,2.0,5.0,584
126,37.0,37:32,0.6,0.667,2.0,3.0,0.0,1.0,8.0,-32.0,596
126,38.0,25:49,0.8,0.667,0.0,0.0,1.0,0.0,10.0,-11.0,605
126,39.0,34:23,0.444,0.33299999999999996,4.0,6.0,1.0,1.0,9.0,17.0,617
126,40.0,31:50,0.6,1.0,4.0,3.0,3.0,0.0,7.0,9.0,638
126,41.0,15:52,1.0,1.0,0.0,1.0,1.0,1.0,9.0,4.0,656
126,42.0,3:06,1.0,,0.0,0.0,0.0,0.0,2.0,-10.0,674
126,43.0,15:42,0.75,1.0,1.0,0.0,0.0,1.0,7.0,-6.0,710
126,44.0,17:32,0.28600000000000003,0.0,6.0,1.0,0.0,0.0,5.0,-12.0,727
126,45.0,24:40,0.28600000000000003,,5.0,6.0,1.0,0.0,4.0,36.0,741
126,46.0,11:41,0.0,0.0,2.0,2.0,0.0,0.0,0.0,8.0,754
126,47.0,19:14,0.4,,4.0,1.0,0.0,0.0,5.0,10.0,763
126,48.0,23:49,0.33299999999999996,0.0,8.0,1.0,1.0,0.0,8.0,-7.0,779
126,49.0,17:43,0.667,0.0,2.0,3.0,0.0,1.0,7.0,7.0,792
126,50.0,14:15,0.2,0.33299999999999996,0.0,1.0,1.0,0.0,3.0,1.0,807
126,51.0,23:37,0.444,0.6,2.0,0.0,1.0,0.0,11.0,8.0,824
126,52.0,15:04,0.33299999999999996,0.0,1.0,0.0,0.0,0.0,2.0,-10.0,830
126,53.0,16:35,0.0,0.0,1.0,2.0,0.0,0.0,0.0,7.0,845
126,54.0,15:48,0.6,0.33299999999999996,2.0,1.0,2.0,0.0,7.0,6.0,1227
126,55.0,11:48,1.0,1.0,2.0,1.0,2.0,0.0,7.0,13.0,1255
126,56.0,27:59,0.33299999999999996,0.667,7.0,1.0,2.0,0.0,6.0,16.0,1266
126,57.0,22:25,0.14300000000000002,0.0,3.0,1.0,0.0,0.0,2.0,-4.0,861
126,58.0,17:58,0.16699999999999998,0.0,2.0,1.0,1.0,0.0,2.0,-9.0,880
126,59.0,15:56,0.16699999999999998,0.0,4.0,3.0,2.0,0.0,3.0,16.0,899
126,60.0,28:23,0.583,0.5,5.0,2.0,1.0,1.0,17.0,-3.0,916
126,61.0,17:56,0.5,0.0,5.0,1.0,1.0,0.0,8.0,1.0,920
126,62.0,18:31,0.28600000000000003,0.0,5.0,3.0,2.0,0.0,4.0,8.0,935
126,63.0,23:40,0.1,0.25,1.0,3.0,1.0,0.0,5.0,-18.0,959
126,64.0,12:14,0.25,0.0,1.0,1.0,1.0,1.0,2.0,-2.0,968
126,65.0,12:10,0.0,,1.0,1.0,1.0,0.0,1.0,7.0,983
126,66.0,6:54,0.0,0.0,0.0,0.0,0.0,0.0,0.0,-17.0,998
126,no play,,,,,,,,,,1012
126,67.0,16:29,0.5,0.5,3.0,0.0,0.0,0.0,12.0,-1.0,1021
126,68.0,22:16,0.14300000000000002,0.0,2.0,1.0,0.0,0.0,2.0,-13.0,1034
126,69.0,17:49,0.28600000000000003,0.25,0.0,0.0,0.0,1.0,5.0,-4.0,1058
126,70.0,32:31,0.4,0.33299999999999996,7.0,1.0,1.0,0.0,5.0,7.0,1067
126,71.0,14:09,0.0,0.0,5.0,0.0,1.0,0.0,0.0,2.0,1081
126,72.0,18:21,0.0,0.0,2.0,2.0,1.0,1.0,0.0,12.0,1090
126,73.0,29:08,0.2,0.25,3.0,3.0,1.0,1.0,3.0,6.0,1127
126,74.0,31:55,0.444,0.6,4.0,4.0,0.0,0.0,13.0,20.0,1143
126,75.0,26:53,0.25,0.5,4.0,3.0,1.0,0.0,5.0,3.0,1162
126,76.0,22:27,0.33299999999999996,0.667,0.0,2.0,1.0,0.0,8.0,8.0,1169
126,77.0,20:25,0.0,0.0,1.0,0.0,0.0,0.0,0.0,-8.0,1178
