Player_ID,G,MP,FG%,3P%,TRB,AST,STL,BLK,PTS,+/-,Game_ID
284,1.0,35:33,0.43799999999999994,,5.0,1.0,3.0,0.0,16.0,13.0,7
284,2.0,39:42,0.375,,10.0,0.0,1.0,0.0,9.0,-4.0,17
284,3.0,29:34,0.5,,12.0,2.0,3.0,2.0,14.0,13.0,35
284,4.0,31:16,0.33299999999999996,,11.0,1.0,1.0,0.0,2.0,10.0,60
284,5.0,23:48,0.7140000000000001,,4.0,1.0,2.0,2.0,11.0,7.0,65
284,6.0,28:22,0.857,,8.0,2.0,2.0,2.0,14.0,22.0,75
284,7.0,29:16,0.6,,6.0,0.0,3.0,2.0,6.0,19.0,93
284,8.0,35:26,0.6,,12.0,1.0,2.0,1.0,14.0,-8.0,108
284,9.0,32:11,0.4,,5.0,1.0,0.0,0.0,6.0,-4.0,122
284,10.0,34:44,0.462,,10.0,0.0,1.0,1.0,13.0,4.0,137
284,11.0,29:11,0.33299999999999996,,11.0,0.0,1.0,1.0,4.0,2.0,143
284,12.0,33:29,0.429,,6.0,1.0,0.0,3.0,6.0,6.0,160
284,13.0,31:58,0.667,,7.0,0.0,0.0,2.0,15.0,13.0,174
284,14.0,33:43,0.429,,8.0,0.0,2.0,0.0,8.0,-13.0,191
284,15.0,31:18,0.6920000000000001,,6.0,2.0,1.0,1.0,20.0,6.0,207
284,16.0,28:23,0.5710000000000001,,4.0,0.0,0.0,2.0,11.0,-19.0,220
284,17.0,30:24,0.429,,6.0,1.0,3.0,0.0,7.0,5.0,246
284,18.0,29:25,0.778,,9.0,0.0,1.0,0.0,16.0,10.0,253
284,19.0,31:41,0.636,,10.0,0.0,0.0,0.0,14.0,7.0,266
284,20.0,27:49,0.5,,6.0,0.0,0.0,0.0,12.0,-5.0,280
284,21.0,8:43,1.0,,3.0,0.0,1.0,0.0,7.0,6.0,311
284,22.0,27:53,0.5,,10.0,0.0,1.0,0.0,12.0,6.0,317
284,23.0,28:55,0.889,,10.0,1.0,1.0,0.0,24.0,-12.0,341
284,24.0,32:07,0.875,,8.0,2.0,1.0,1.0,16.0,2.0,357
284,25.0,26:13,0.6,0.0,4.0,1.0,4.0,0.0,14.0,-8.0,373
284,26.0,27:37,0.5710000000000001,,5.0,1.0,1.0,2.0,10.0,-10.0,382
284,27.0,29:03,0.615,,7.0,2.0,2.0,0.0,19.0,11.0,399
284,28.0,30:41,0.5,,9.0,0.0,3.0,1.0,6.0,0.0,415
284,29.0,23:24,0.545,,4.0,3.0,0.0,1.0,12.0,-8.0,433
284,30.0,29:10,0.667,,11.0,3.0,2.0,1.0,8.0,11.0,445
284,31.0,28:35,0.75,,6.0,1.0,2.0,0.0,22.0,13.0,464
284,32.0,22:38,0.7,,9.0,1.0,0.0,2.0,15.0,15.0,478
284,33.0,27:04,0.111,,14.0,2.0,0.0,2.0,6.0,-17.0,492
284,34.0,29:07,0.8,,5.0,2.0,1.0,0.0,11.0,29.0,512
284,35.0,34:09,0.818,,8.0,2.0,1.0,3.0,20.0,5.0,518
284,36.0,36:29,0.8,,12.0,3.0,1.0,1.0,18.0,-8.0,534
284,37.0,29:09,0.33299999999999996,,8.0,3.0,2.0,2.0,8.0,-7.0,545
284,38.0,30:55,0.7,,5.0,2.0,1.0,4.0,16.0,23.0,560
284,39.0,36:19,0.7859999999999999,,5.0,2.0,0.0,1.0,22.0,13.0,574
284,40.0,38:57,0.462,,8.0,1.0,1.0,2.0,12.0,9.0,586
284,41.0,32:04,0.4,,5.0,1.0,2.0,0.0,4.0,-12.0,601
284,42.0,19:36,0.5,,4.0,1.0,1.0,0.0,6.0,1.0,615
284,no play,,,,,,,,,,626
284,no play,,,,,,,,,,639
284,43.0,37:18,0.4,,6.0,1.0,0.0,4.0,9.0,7.0,678
284,44.0,31:40,0.6,,11.0,3.0,1.0,4.0,20.0,6.0,691
284,45.0,36:41,0.7140000000000001,,7.0,0.0,0.0,0.0,15.0,27.0,695
284,46.0,27:08,0.75,,10.0,1.0,0.0,1.0,7.0,-17.0,717
284,47.0,33:44,0.5379999999999999,,11.0,2.0,1.0,1.0,16.0,8.0,733
284,48.0,29:19,0.429,,6.0,0.0,0.0,0.0,8.0,-30.0,746
284,49.0,44:06,0.5379999999999999,,12.0,2.0,1.0,2.0,16.0,16.0,756
284,50.0,37:51,0.273,,13.0,1.0,2.0,0.0,7.0,3.0,773
284,51.0,36:59,0.462,,9.0,2.0,0.0,1.0,15.0,4.0,776
284,52.0,39:13,0.643,,13.0,1.0,1.0,2.0,20.0,6.0,802
284,53.0,35:09,0.667,,3.0,0.0,1.0,1.0,13.0,-16.0,818
284,54.0,18:55,0.28600000000000003,,11.0,0.0,1.0,1.0,9.0,-25.0,831
284,55.0,31:24,0.444,,7.0,1.0,0.0,1.0,11.0,12.0,851
284,56.0,31:15,0.5379999999999999,,10.0,4.0,3.0,2.0,15.0,23.0,1237
284,57.0,29:19,0.6,,10.0,0.0,0.0,0.0,13.0,-6.0,1256
284,58.0,26:53,0.16699999999999998,,6.0,2.0,1.0,2.0,2.0,5.0,1269
284,59.0,23:49,0.25,,6.0,0.0,1.0,0.0,2.0,-23.0,869
284,60.0,29:57,0.75,,10.0,1.0,1.0,1.0,9.0,3.0,877
284,61.0,25:09,0.8,,5.0,1.0,1.0,1.0,19.0,-8.0,893
284,62.0,28:31,1.0,,3.0,0.0,0.0,0.0,4.0,2.0,906
284,63.0,29:01,0.625,,6.0,0.0,1.0,0.0,11.0,3.0,922
284,64.0,31:55,0.625,,9.0,0.0,2.0,1.0,11.0,9.0,933
284,65.0,29:01,0.667,,6.0,1.0,2.0,0.0,11.0,4.0,960
284,66.0,24:31,0.625,,5.0,2.0,1.0,1.0,10.0,29.0,975
284,67.0,34:44,0.857,,13.0,3.0,2.0,1.0,16.0,12.0,988
284,68.0,22:24,0.8,,1.0,0.0,0.0,0.0,9.0,-23.0,1009
284,69.0,24:46,0.429,,5.0,0.0,1.0,1.0,6.0,18.0,1022
284,70.0,24:29,0.5,,4.0,2.0,1.0,0.0,11.0,-8.0,1051
284,71.0,29:09,0.667,,6.0,1.0,2.0,2.0,8.0,9.0,1060
284,72.0,29:03,0.6,,9.0,0.0,0.0,2.0,7.0,-2.0,1072
284,73.0,34:39,0.625,,8.0,1.0,1.0,0.0,13.0,-2.0,1094
284,74.0,26:05,0.2,,7.0,0.0,2.0,1.0,2.0,-8.0,1103
284,75.0,23:36,0.5710000000000001,,5.0,1.0,0.0,0.0,9.0,21.0,1120
284,76.0,33:01,0.25,,10.0,1.0,0.0,1.0,5.0,4.0,1128
284,77.0,32:46,0.4,,11.0,2.0,0.0,0.0,12.0,-13.0,1147
284,78.0,26:36,0.444,,10.0,2.0,1.0,0.0,10.0,8.0,1159
284,79.0,29:45,0.833,,9.0,1.0,2.0,2.0,10.0,-2.0,1174
284,80.0,13:32,0.5710000000000001,,4.0,0.0,2.0,0.0,8.0,-7.0,1186
