Player_ID,G,MP,FG%,3P%,TRB,AST,STL,BLK,PTS,+/-,Game_ID
436,1.0,11:32,0.5,,4.0,0.0,1.0,0.0,4.0,1.0,9
436,2.0,10:08,0.667,,7.0,0.0,0.0,0.0,8.0,5.0,20
436,3.0,11:02,0.5,,4.0,0.0,0.0,0.0,2.0,1.0,35
436,4.0,18:37,0.5,,8.0,1.0,0.0,1.0,6.0,-4.0,43
436,5.0,16:02,0.5,,3.0,0.0,0.0,1.0,4.0,-10.0,55
436,6.0,15:15,0.667,,5.0,0.0,0.0,0.0,8.0,11.0,74
436,7.0,16:48,0.33299999999999996,,7.0,1.0,0.0,2.0,4.0,6.0,88
436,8.0,15:26,0.5,,3.0,2.0,0.0,0.0,2.0,0.0,100
436,9.0,10:49,0.75,,4.0,1.0,0.0,0.0,7.0,10.0,116
436,10.0,17:56,0.6,,5.0,2.0,0.0,1.0,6.0,13.0,125
436,11.0,12:02,0.0,,2.0,0.0,0.0,2.0,2.0,7.0,138
436,12.0,13:26,0.667,,9.0,1.0,0.0,0.0,12.0,-8.0,153
436,13.0,11:49,0.5,,6.0,0.0,0.0,0.0,5.0,-5.0,178
436,14.0,16:29,0.33299999999999996,,6.0,1.0,1.0,1.0,4.0,0.0,194
436,15.0,15:38,0.667,,6.0,0.0,0.0,2.0,5.0,9.0,207
436,16.0,15:28,0.222,0.0,5.0,0.0,1.0,0.0,9.0,-27.0,219
436,17.0,16:43,0.5,,5.0,1.0,1.0,0.0,8.0,-3.0,249
436,18.0,27:54,0.429,,8.0,1.0,2.0,2.0,7.0,27.0,263
436,19.0,23:43,0.667,,5.0,1.0,0.0,1.0,9.0,-2.0,274
436,20.0,11:48,1.0,,1.0,0.0,0.0,1.0,6.0,-5.0,279
436,21.0,19:39,0.25,,6.0,2.0,0.0,0.0,6.0,-20.0,294
436,22.0,15:00,0.4,,6.0,0.0,0.0,0.0,4.0,3.0,305
436,23.0,11:38,0.6,,5.0,0.0,2.0,0.0,7.0,0.0,323
436,no play,,,,,,,,,,1197
436,no play,,,,,,,,,,344
436,no play,,,,,,,,,,360
436,no play,,,,,,,,,,367
436,no play,,,,,,,,,,378
436,24.0,3:25,,,1.0,0.0,0.0,0.0,0.0,-2.0,396
436,no play,,,,,,,,,,402
436,no play,,,,,,,,,,419
436,no play,,,,,,,,,,440
436,no play,,,,,,,,,,443
436,no play,,,,,,,,,,465
436,no play,,,,,,,,,,480
436,no play,,,,,,,,,,496
436,25.0,14:24,0.33299999999999996,,9.0,0.0,0.0,0.0,9.0,-7.0,517
436,26.0,9:55,0.25,,3.0,0.0,1.0,0.0,6.0,-7.0,533
436,27.0,14:49,0.5,,5.0,1.0,0.0,2.0,2.0,9.0,548
436,28.0,25:07,0.6,,11.0,2.0,0.0,1.0,10.0,17.0,554
436,29.0,11:50,0.6,,3.0,0.0,1.0,0.0,7.0,1.0,572
436,30.0,16:52,,,4.0,1.0,0.0,0.0,2.0,-5.0,582
436,31.0,18:27,0.667,,3.0,0.0,1.0,0.0,5.0,-6.0,594
436,32.0,21:02,0.75,,6.0,0.0,0.0,1.0,8.0,-8.0,606
436,33.0,11:29,1.0,,2.0,0.0,0.0,0.0,6.0,-8.0,617
436,34.0,19:47,0.5379999999999999,,8.0,0.0,0.0,1.0,14.0,-8.0,631
436,35.0,28:16,0.667,,13.0,3.0,2.0,0.0,8.0,16.0,654
436,36.0,10:08,0.0,,0.0,0.0,0.0,0.0,0.0,-10.0,667
436,37.0,8:08,0.667,,6.0,0.0,0.0,0.0,4.0,-5.0,694
436,38.0,30:29,0.33299999999999996,,2.0,2.0,1.0,1.0,4.0,-7.0,698
436,39.0,17:59,0.6,,8.0,0.0,1.0,1.0,6.0,4.0,735
436,40.0,25:49,0.833,,11.0,1.0,1.0,0.0,13.0,2.0,748
436,41.0,17:33,0.33299999999999996,,6.0,1.0,0.0,0.0,4.0,2.0,757
436,42.0,20:14,0.5,,10.0,0.0,1.0,0.0,9.0,34.0,774
436,43.0,19:23,0.444,,10.0,3.0,0.0,1.0,8.0,0.0,792
436,44.0,19:35,0.6,,4.0,3.0,1.0,2.0,7.0,12.0,808
436,45.0,20:53,0.6,1.0,3.0,1.0,1.0,0.0,7.0,3.0,839
436,46.0,8:57,0.0,,2.0,0.0,0.0,0.0,2.0,-16.0,850
436,47.0,13:21,0.0,,1.0,0.0,0.0,2.0,0.0,-14.0,1237
436,48.0,15:46,,,4.0,2.0,0.0,0.0,2.0,-5.0,1250
436,49.0,14:09,0.7140000000000001,,4.0,0.0,0.0,2.0,11.0,4.0,1270
436,50.0,18:16,0.25,,4.0,1.0,0.0,2.0,5.0,-16.0,879
436,51.0,16:44,0.25,,6.0,0.0,0.0,0.0,5.0,-15.0,894
436,52.0,13:29,0.0,,4.0,0.0,0.0,1.0,1.0,-26.0,907
436,53.0,14:23,1.0,,6.0,0.0,1.0,0.0,9.0,3.0,924
436,54.0,17:39,0.6,,4.0,1.0,1.0,0.0,6.0,6.0,950
436,55.0,13:57,0.4,,3.0,0.0,0.0,0.0,5.0,-18.0,958
436,56.0,8:46,0.0,,6.0,0.0,2.0,0.0,0.0,-6.0,970
436,no play,,,,,,,,,,987
436,no play,,,,,,,,,,1003
436,57.0,8:15,0.0,,3.0,0.0,0.0,0.0,0.0,-13.0,1018
436,58.0,3:27,0.0,,0.0,0.0,0.0,0.0,0.0,-2.0,1040
436,59.0,13:51,0.0,,5.0,0.0,0.0,0.0,0.0,3.0,1056
436,60.0,22:35,0.833,,2.0,0.0,0.0,2.0,10.0,-1.0,1070
436,61.0,22:40,0.875,,9.0,0.0,0.0,2.0,15.0,-1.0,1083
436,62.0,25:07,1.0,,5.0,1.0,1.0,1.0,8.0,9.0,1097
436,no play,,,,,,,,,,1104
436,63.0,27:25,0.5,,8.0,2.0,0.0,1.0,5.0,16.0,1131
436,64.0,19:58,0.429,,5.0,0.0,2.0,1.0,6.0,2.0,1148
436,65.0,17:06,0.667,,2.0,0.0,2.0,3.0,7.0,3.0,1163
436,66.0,20:50,0.33299999999999996,,9.0,0.0,1.0,3.0,6.0,11.0,1176
436,67.0,13:48,1.0,,3.0,0.0,0.0,0.0,6.0,-8.0,1190
