Player_ID,G,MP,FG%,3P%,TRB,AST,STL,BLK,PTS,+/-,Game_ID
230,1.0,18:34,0.5,0.0,4.0,3.0,2.0,0.0,4.0,-3.0,3
230,2.0,14:15,0.0,0.0,2.0,0.0,2.0,0.0,0.0,0.0,14
230,3.0,14:57,0.4,0.33299999999999996,2.0,0.0,1.0,0.0,7.0,3.0,38
230,4.0,17:37,0.75,0.667,2.0,2.0,2.0,0.0,15.0,9.0,51
230,5.0,20:46,0.5329999999999999,0.429,4.0,0.0,1.0,0.0,20.0,7.0,67
230,6.0,19:23,0.33299999999999996,0.28600000000000003,2.0,0.0,2.0,0.0,8.0,-3.0,85
230,no play,,,,,,,,,,108
230,7.0,19:54,0.75,0.0,0.0,1.0,1.0,0.0,8.0,3.0,119
230,8.0,17:43,0.375,0.5,0.0,0.0,1.0,0.0,11.0,0.0,127
230,9.0,25:19,0.583,0.5710000000000001,3.0,0.0,2.0,0.0,18.0,8.0,149
230,10.0,21:38,0.25,0.5,3.0,0.0,1.0,1.0,11.0,-1.0,161
230,11.0,30:15,0.545,0.8,2.0,2.0,1.0,0.0,16.0,5.0,177
230,12.0,15:02,0.4,0.0,1.0,0.0,0.0,0.0,4.0,8.0,192
230,13.0,26:20,0.667,,3.0,0.0,1.0,0.0,8.0,2.0,203
230,14.0,20:14,0.5,0.667,3.0,1.0,1.0,1.0,14.0,3.0,215
230,15.0,20:04,0.429,0.4,1.0,1.0,1.0,0.0,8.0,-5.0,243
230,16.0,23:02,0.727,0.6,3.0,0.0,0.0,0.0,22.0,20.0,265
230,17.0,17:04,0.16699999999999998,0.2,1.0,0.0,0.0,0.0,3.0,0.0,278
230,18.0,19:32,0.33299999999999996,0.4,1.0,1.0,0.0,0.0,6.0,11.0,294
230,19.0,18:12,0.75,0.75,1.0,2.0,0.0,0.0,15.0,32.0,303
230,20.0,22:29,0.444,0.5710000000000001,1.0,1.0,0.0,4.0,14.0,11.0,315
230,21.0,16:16,0.429,0.2,0.0,1.0,2.0,0.0,9.0,0.0,331
230,22.0,16:55,0.4,0.0,2.0,0.0,0.0,1.0,4.0,3.0,339
230,23.0,20:56,0.588,0.667,5.0,0.0,2.0,0.0,25.0,17.0,362
230,24.0,18:38,0.375,0.2,2.0,0.0,1.0,0.0,13.0,5.0,374
230,25.0,21:32,0.5710000000000001,0.25,1.0,0.0,0.0,0.0,10.0,-5.0,392
230,26.0,23:03,0.308,0.375,2.0,0.0,1.0,1.0,11.0,25.0,410
230,27.0,22:32,0.28600000000000003,0.0,4.0,1.0,1.0,1.0,4.0,-3.0,420
230,28.0,20:22,0.5710000000000001,0.5,1.0,1.0,0.0,0.0,10.0,4.0,452
230,29.0,14:56,0.25,0.0,2.0,0.0,4.0,1.0,4.0,2.0,474
230,30.0,33:42,0.435,0.444,7.0,1.0,2.0,0.0,24.0,8.0,490
230,31.0,30:18,0.273,0.14300000000000002,4.0,1.0,4.0,1.0,7.0,5.0,495
230,32.0,23:46,0.444,0.5,5.0,0.0,0.0,0.0,11.0,12.0,517
230,33.0,24:36,0.636,0.5,5.0,0.0,1.0,0.0,17.0,-4.0,530
230,34.0,30:13,0.41700000000000004,0.25,0.0,1.0,0.0,2.0,12.0,8.0,542
230,35.0,25:02,0.3,0.14300000000000002,3.0,1.0,2.0,0.0,7.0,-6.0,559
230,36.0,24:54,0.33299999999999996,0.0,2.0,1.0,1.0,0.0,8.0,-24.0,567
230,37.0,21:11,0.25,0.0,0.0,1.0,3.0,0.0,2.0,-12.0,577
230,38.0,30:48,0.455,0.33299999999999996,2.0,1.0,0.0,0.0,12.0,25.0,598
230,39.0,22:35,0.5710000000000001,0.667,2.0,1.0,0.0,0.0,12.0,1.0,612
230,40.0,30:22,0.545,0.429,4.0,2.0,1.0,2.0,15.0,2.0,627
230,41.0,31:24,0.3,0.28600000000000003,6.0,0.0,0.0,0.0,8.0,5.0,632
230,42.0,27:09,0.222,0.25,4.0,1.0,2.0,0.0,5.0,-16.0,647
230,43.0,24:46,0.222,0.16699999999999998,2.0,2.0,0.0,1.0,7.0,-9.0,668
230,44.0,30:15,0.6,0.429,0.0,0.0,0.0,2.0,21.0,4.0,679
230,45.0,20:30,0.222,0.28600000000000003,1.0,1.0,0.0,0.0,6.0,-10.0,690
230,46.0,18:28,0.14300000000000002,0.2,6.0,2.0,1.0,0.0,4.0,-7.0,702
230,47.0,28:25,0.6,0.5710000000000001,1.0,1.0,3.0,0.0,17.0,15.0,720
230,48.0,21:52,0.222,0.28600000000000003,5.0,0.0,0.0,0.0,6.0,-20.0,731
230,49.0,22:45,0.3,0.0,6.0,3.0,1.0,0.0,6.0,0.0,738
230,50.0,28:06,0.4,0.667,4.0,1.0,0.0,1.0,12.0,7.0,752
230,51.0,26:14,0.636,0.75,3.0,2.0,0.0,1.0,17.0,7.0,771
230,52.0,19:24,0.25,0.25,3.0,2.0,1.0,0.0,3.0,23.0,777
230,53.0,13:59,0.556,0.25,2.0,1.0,1.0,0.0,11.0,0.0,796
230,54.0,18:23,0.5,0.5,3.0,2.0,0.0,0.0,7.0,-6.0,824
230,no play,,,,,,,,,,840
230,55.0,32:59,0.235,0.25,5.0,1.0,3.0,0.0,13.0,-16.0,
230,56.0,35:18,0.667,0.5710000000000001,4.0,2.0,2.0,1.0,24.0,25.0,1243
230,57.0,36:45,0.3,0.0,5.0,2.0,1.0,0.0,6.0,-12.0,856
230,58.0,35:22,0.556,0.0,4.0,5.0,2.0,2.0,10.0,18.0,872
230,59.0,32:03,0.444,0.4,4.0,1.0,2.0,2.0,20.0,-4.0,891
230,60.0,35:05,0.2,0.16699999999999998,4.0,1.0,1.0,1.0,5.0,5.0,896
230,61.0,31:11,0.41700000000000004,0.5,3.0,1.0,0.0,0.0,14.0,11.0,909
230,62.0,27:54,0.0,0.0,1.0,0.0,2.0,0.0,0.0,-13.0,925
230,63.0,32:02,0.364,0.0,4.0,1.0,1.0,0.0,11.0,-12.0,937
230,64.0,29:21,0.429,0.4,2.0,4.0,0.0,0.0,8.0,-5.0,957
230,65.0,25:04,0.5,0.5,1.0,0.0,0.0,1.0,8.0,-28.0,979
230,66.0,30:33,0.6,0.667,1.0,2.0,0.0,0.0,14.0,0.0,986
230,67.0,34:42,0.267,0.222,5.0,2.0,1.0,1.0,15.0,0.0,1005
230,68.0,31:03,0.5329999999999999,0.33299999999999996,2.0,1.0,2.0,0.0,19.0,2.0,1019
230,69.0,20:34,0.667,0.833,4.0,2.0,1.0,1.0,18.0,18.0,1034
230,70.0,28:46,0.5710000000000001,0.0,2.0,0.0,4.0,0.0,17.0,-8.0,1057
230,71.0,45:29,0.529,0.455,1.0,2.0,1.0,1.0,23.0,-4.0,1072
230,72.0,37:35,0.385,0.444,3.0,1.0,2.0,1.0,17.0,6.0,1089
230,73.0,33:09,0.3,0.0,2.0,2.0,1.0,0.0,6.0,-2.0,1099
230,74.0,32:36,0.35700000000000004,0.25,1.0,3.0,2.0,0.0,12.0,-15.0,1117
230,75.0,24:46,0.33299999999999996,0.25,2.0,4.0,2.0,0.0,5.0,10.0,1135
230,76.0,36:28,0.588,0.545,4.0,2.0,2.0,0.0,29.0,-6.0,1151
230,77.0,17:01,0.2,0.0,1.0,1.0,0.0,1.0,3.0,-15.0,1167
230,78.0,22:21,0.5,0.0,3.0,3.0,2.0,1.0,2.0,10.0,1178
