Player_ID,G,MP,FG%,3P%,TRB,AST,STL,BLK,PTS,+/-,Game_ID
12,1.0,27:51,0.4,0.5,3.0,3.0,2.0,0.0,5.0,2.0,2
12,2.0,22:39,0.429,0.4,4.0,4.0,2.0,0.0,8.0,0.0,11
12,3.0,21:16,0.5,0.0,3.0,2.0,0.0,0.0,5.0,-10.0,23
12,4.0,12:54,0.5,0.5,2.0,0.0,0.0,0.0,7.0,-2.0,57
12,5.0,15:58,0.6,0.5,3.0,2.0,0.0,0.0,7.0,6.0,64
12,6.0,16:15,0.33299999999999996,0.33299999999999996,2.0,1.0,0.0,0.0,5.0,-4.0,87
12,7.0,14:03,0.0,0.0,1.0,3.0,0.0,0.0,0.0,-15.0,103
12,8.0,26:49,0.125,1.0,5.0,1.0,2.0,0.0,10.0,28.0,121
12,9.0,21:49,0.5710000000000001,0.5,6.0,1.0,1.0,1.0,11.0,14.0,126
12,10.0,12:39,0.429,0.25,2.0,0.0,0.0,0.0,7.0,-8.0,144
12,11.0,21:31,0.5,1.0,3.0,0.0,0.0,2.0,5.0,-7.0,157
12,12.0,25:32,0.6,0.667,7.0,5.0,0.0,0.0,11.0,2.0,175
12,13.0,14:26,0.33299999999999996,0.5,5.0,1.0,0.0,0.0,5.0,0.0,184
12,14.0,16:07,0.625,0.5,4.0,2.0,1.0,0.0,12.0,10.0,201
12,15.0,22:41,0.75,0.0,6.0,1.0,2.0,0.0,6.0,6.0,213
12,16.0,19:47,0.33299999999999996,0.0,2.0,1.0,2.0,0.0,3.0,-13.0,236
12,17.0,13:26,0.5,0.33299999999999996,3.0,1.0,0.0,0.0,5.0,5.0,267
12,18.0,14:41,0.2,0.0,2.0,6.0,1.0,0.0,3.0,-2.0,277
12,19.0,15:44,0.14300000000000002,0.0,3.0,2.0,2.0,1.0,2.0,7.0,293
12,20.0,10:10,0.0,0.0,3.0,0.0,0.0,0.0,0.0,-6.0,304
12,21.0,13:54,0.33299999999999996,0.0,3.0,5.0,1.0,0.0,4.0,3.0,321
12,22.0,26:00,0.462,0.25,5.0,2.0,1.0,0.0,16.0,13.0,1193
12,23.0,24:50,0.33299999999999996,0.2,3.0,3.0,0.0,1.0,12.0,-12.0,339
12,24.0,28:33,0.25,0.0,5.0,3.0,0.0,0.0,6.0,-11.0,357
12,25.0,24:41,0.385,0.4,3.0,2.0,1.0,1.0,12.0,11.0,383
12,26.0,15:58,0.33299999999999996,,5.0,1.0,0.0,0.0,2.0,9.0,391
12,27.0,18:14,0.667,,1.0,1.0,0.0,0.0,5.0,10.0,411
12,28.0,6:45,0.0,0.0,1.0,1.0,0.0,0.0,0.0,-9.0,424
12,29.0,6:36,0.0,0.0,0.0,0.0,1.0,0.0,0.0,-12.0,437
12,30.0,8:09,0.5,1.0,2.0,2.0,0.0,0.0,3.0,1.0,445
12,no play,,,,,,,,,,461
12,no play,,,,,,,,,,477
12,no play,,,,,,,,,,493
12,31.0,21:02,1.0,,5.0,2.0,1.0,0.0,2.0,-2.0,499
12,no play,,,,,,,,,,527
12,32.0,11:15,0.0,,3.0,0.0,0.0,1.0,0.0,5.0,551
12,33.0,12:39,0.667,,3.0,2.0,1.0,0.0,4.0,1.0,558
12,34.0,3:00,0.0,0.0,0.0,1.0,0.0,0.0,0.0,2.0,577
12,35.0,25:02,0.667,0.667,4.0,1.0,1.0,0.0,11.0,19.0,588
12,36.0,23:29,0.6,0.0,4.0,0.0,1.0,1.0,7.0,-19.0,602
12,no play,,,,,,,,,,623
12,37.0,24:13,0.125,0.25,1.0,2.0,1.0,0.0,5.0,-22.0,635
12,38.0,22:04,0.462,0.5,3.0,3.0,0.0,0.0,15.0,5.0,655
12,39.0,18:13,0.16699999999999998,0.0,1.0,2.0,3.0,0.0,4.0,-9.0,681
12,40.0,18:38,0.28600000000000003,0.33299999999999996,3.0,1.0,2.0,0.0,5.0,9.0,686
12,41.0,20:09,0.4,0.0,2.0,2.0,1.0,0.0,6.0,6.0,701
12,42.0,16:55,0.0,0.0,1.0,0.0,1.0,0.0,0.0,-1.0,711
12,43.0,10:30,0.667,0.5,1.0,0.0,1.0,0.0,5.0,-5.0,727
12,44.0,22:34,0.28600000000000003,0.5,7.0,1.0,0.0,0.0,5.0,5.0,738
12,45.0,17:37,1.0,1.0,4.0,2.0,0.0,0.0,10.0,7.0,757
12,46.0,12:20,0.5,0.5,3.0,1.0,0.0,0.0,3.0,-4.0,772
12,47.0,12:31,0.0,0.0,1.0,1.0,0.0,0.0,2.0,-12.0,799
12,48.0,24:44,0.444,0.5,4.0,5.0,1.0,0.0,11.0,11.0,804
12,49.0,22:53,0.2,0.0,4.0,2.0,0.0,1.0,5.0,9.0,821
12,50.0,19:25,0.33299999999999996,,4.0,2.0,0.0,0.0,2.0,2.0,832
12,51.0,18:58,0.16699999999999998,0.0,1.0,2.0,0.0,0.0,2.0,-3.0,842
12,52.0,23:03,0.375,0.5,3.0,3.0,0.0,1.0,11.0,8.0,855
12,53.0,16:44,0.33299999999999996,0.0,2.0,3.0,0.0,0.0,4.0,9.0,1234
12,54.0,17:44,0.8,0.75,3.0,2.0,0.0,0.0,13.0,4.0,1255
12,55.0,19:53,0.444,0.5,5.0,1.0,0.0,0.0,9.0,-3.0,1261
12,56.0,9:42,0.0,0.0,5.0,1.0,0.0,0.0,0.0,-6.0,862
12,57.0,12:00,0.0,0.0,5.0,3.0,1.0,0.0,0.0,5.0,879
12,58.0,19:36,0.556,0.8,4.0,0.0,1.0,0.0,14.0,-2.0,890
12,59.0,19:47,0.28600000000000003,0.25,2.0,2.0,0.0,0.0,5.0,-20.0,905
12,60.0,14:28,0.33299999999999996,0.25,1.0,3.0,0.0,0.0,5.0,9.0,919
12,61.0,7:38,0.0,0.0,2.0,1.0,1.0,0.0,0.0,-12.0,930
12,62.0,16:26,0.4,0.0,1.0,2.0,1.0,0.0,6.0,4.0,945
12,63.0,13:31,0.429,0.5,1.0,3.0,0.0,0.0,8.0,-1.0,966
12,64.0,23:05,0.0,0.0,6.0,4.0,0.0,0.0,0.0,6.0,982
12,65.0,25:44,0.33299999999999996,0.28600000000000003,10.0,2.0,1.0,1.0,14.0,-3.0,997
12,66.0,11:31,0.0,0.0,1.0,1.0,1.0,0.0,0.0,-9.0,1007
12,no play,,,,,,,,,,1020
12,67.0,15:21,0.5710000000000001,0.25,4.0,1.0,1.0,0.0,9.0,-2.0,1036
12,68.0,4:05,0.0,0.0,1.0,0.0,0.0,0.0,0.0,-3.0,1053
12,69.0,8:31,0.2,0.0,1.0,1.0,1.0,0.0,2.0,-1.0,1073
12,70.0,18:39,0.5,0.5,6.0,3.0,0.0,0.0,9.0,-5.0,1089
12,71.0,24:09,0.667,0.33299999999999996,2.0,4.0,3.0,0.0,12.0,6.0,1102
12,72.0,9:13,0.4,0.33299999999999996,0.0,0.0,0.0,0.0,6.0,-14.0,1130
12,no play,,,,,,,,,,1138
12,no play,,,,,,,,,,1150
12,73.0,11:00,0.25,0.0,5.0,2.0,1.0,0.0,2.0,-4.0,1165
12,74.0,3:16,,,1.0,1.0,1.0,0.0,0.0,2.0,1180
