Player_ID,G,MP,FG%,3P%,TRB,AST,STL,BLK,PTS,+/-,Game_ID
149,1.0,34:13,0.5,1.0,5.0,4.0,1.0,0.0,11.0,9.0,1
149,2.0,35:34,0.583,0.667,7.0,3.0,1.0,1.0,19.0,-7.0,15
149,3.0,26:31,0.625,0.0,5.0,3.0,2.0,0.0,10.0,-10.0,26
149,4.0,28:13,0.75,0.5,6.0,3.0,2.0,1.0,14.0,13.0,43
149,5.0,27:46,0.5,0.0,4.0,0.0,1.0,0.0,9.0,-2.0,62
149,6.0,25:08,0.6,0.0,5.0,1.0,1.0,1.0,12.0,11.0,79
149,7.0,16:19,0.0,,5.0,1.0,0.0,0.0,0.0,-27.0,91
149,8.0,35:37,0.33299999999999996,0.0,5.0,2.0,3.0,1.0,5.0,-1.0,106
149,9.0,33:45,0.667,0.5,10.0,1.0,1.0,0.0,11.0,-21.0,117
149,10.0,23:39,0.625,0.0,8.0,3.0,2.0,1.0,10.0,6.0,126
149,11.0,30:05,0.625,1.0,5.0,1.0,2.0,1.0,11.0,13.0,141
149,12.0,37:04,0.5,1.0,6.0,1.0,1.0,0.0,16.0,5.0,156
149,13.0,32:25,0.4,1.0,5.0,2.0,2.0,1.0,9.0,-3.0,171
149,14.0,38:13,0.5,0.4,10.0,1.0,2.0,0.0,20.0,21.0,191
149,15.0,28:44,0.429,0.5,6.0,0.0,0.0,0.0,14.0,-27.0,198
149,16.0,40:43,0.769,0.667,7.0,0.0,1.0,1.0,24.0,3.0,212
149,17.0,23:58,0.556,0.25,4.0,2.0,0.0,0.0,11.0,24.0,245
149,18.0,31:52,0.5,0.25,6.0,1.0,1.0,0.0,11.0,13.0,260
149,19.0,23:32,0.33299999999999996,,5.0,1.0,1.0,0.0,4.0,-11.0,285
149,20.0,29:54,0.5379999999999999,,7.0,2.0,0.0,1.0,17.0,-7.0,313
149,21.0,22:33,0.5,0.0,2.0,0.0,0.0,0.0,10.0,-23.0,324
149,22.0,30:21,0.667,1.0,9.0,0.0,0.0,1.0,9.0,9.0,1200
149,23.0,19:34,0.4,0.5,4.0,0.0,0.0,1.0,5.0,-20.0,343
149,24.0,39:36,0.6920000000000001,0.75,9.0,2.0,2.0,3.0,24.0,12.0,348
149,25.0,29:32,0.4,0.5,5.0,1.0,0.0,1.0,9.0,5.0,361
149,26.0,38:35,0.5,0.0,7.0,0.0,3.0,0.0,6.0,-2.0,377
149,27.0,36:14,0.375,0.0,8.0,1.0,2.0,0.0,7.0,-8.0,385
149,28.0,32:51,0.75,,2.0,3.0,1.0,0.0,12.0,11.0,400
149,29.0,37:42,0.556,0.667,11.0,2.0,2.0,0.0,12.0,4.0,413
149,30.0,36:39,0.529,0.4,7.0,1.0,2.0,0.0,21.0,-1.0,421
149,31.0,37:28,0.545,0.5,12.0,4.0,1.0,0.0,15.0,0.0,437
149,32.0,31:36,0.455,0.4,6.0,0.0,3.0,0.0,12.0,-8.0,470
149,33.0,35:10,0.5,0.0,6.0,3.0,6.0,0.0,11.0,2.0,481
149,34.0,36:00,0.636,,6.0,2.0,0.0,0.0,17.0,13.0,497
149,35.0,31:57,0.33299999999999996,0.5,3.0,1.0,2.0,0.0,10.0,10.0,515
149,36.0,32:38,0.5,0.0,5.0,4.0,2.0,0.0,8.0,3.0,528
149,37.0,32:27,0.3,0.33299999999999996,6.0,1.0,0.0,2.0,10.0,28.0,541
149,38.0,28:31,0.75,1.0,9.0,2.0,6.0,0.0,16.0,13.0,557
149,39.0,27:57,0.4,0.0,4.0,2.0,0.0,1.0,4.0,-27.0,591
149,40.0,36:42,0.889,,3.0,2.0,6.0,0.0,17.0,1.0,621
149,41.0,24:02,0.364,0.0,4.0,1.0,3.0,2.0,8.0,-1.0,640
149,42.0,32:38,0.33299999999999996,0.33299999999999996,8.0,3.0,5.0,1.0,9.0,-6.0,654
149,43.0,38:21,0.727,1.0,9.0,3.0,1.0,1.0,19.0,-4.0,664
149,44.0,30:43,0.33299999999999996,1.0,3.0,3.0,3.0,0.0,5.0,-10.0,677
149,45.0,31:10,0.4,0.0,5.0,1.0,3.0,0.0,9.0,0.0,696
149,46.0,28:39,0.33299999999999996,0.0,5.0,1.0,4.0,0.0,8.0,-13.0,699
149,47.0,30:24,0.556,0.0,5.0,2.0,2.0,0.0,11.0,16.0,718
149,48.0,29:01,0.545,0.0,5.0,1.0,3.0,0.0,12.0,1.0,736
149,49.0,21:33,0.556,,9.0,3.0,3.0,2.0,10.0,13.0,753
149,no play,,,,,,,,,,763
149,no play,,,,,,,,,,776
149,no play,,,,,,,,,,789
149,no play,,,,,,,,,,811
149,no play,,,,,,,,,,815
149,no play,,,,,,,,,,827
149,no play,,,,,,,,,,841
149,no play,,,,,,,,,,854
149,50.0,25:41,0.7140000000000001,,5.0,1.0,1.0,1.0,10.0,13.0,1233
149,51.0,26:21,0.5,,5.0,4.0,2.0,0.0,2.0,-15.0,1245
149,52.0,23:07,0.4,,5.0,1.0,1.0,0.0,8.0,-4.0,1263
149,53.0,11:04,0.33299999999999996,,2.0,1.0,0.0,0.0,4.0,-2.0,863
149,54.0,23:48,0.4,,5.0,2.0,0.0,0.0,4.0,-9.0,888
149,55.0,21:20,0.4,,2.0,2.0,1.0,0.0,4.0,-1.0,901
149,56.0,33:46,0.643,,8.0,0.0,1.0,0.0,18.0,19.0,916
149,57.0,18:31,0.625,,3.0,1.0,3.0,0.0,10.0,2.0,927
149,58.0,38:19,0.556,,5.0,1.0,0.0,0.0,13.0,10.0,947
149,59.0,37:15,0.5,0.0,7.0,1.0,1.0,0.0,4.0,0.0,961
149,60.0,37:00,0.16699999999999998,0.0,5.0,3.0,1.0,0.0,2.0,18.0,965
149,61.0,26:08,0.778,1.0,4.0,1.0,1.0,0.0,16.0,-8.0,1000
149,62.0,31:54,0.5,,8.0,4.0,1.0,0.0,8.0,3.0,1006
149,63.0,25:10,0.5710000000000001,0.0,4.0,1.0,2.0,2.0,8.0,-6.0,1020
149,64.0,30:02,0.6,,3.0,1.0,0.0,0.0,6.0,-11.0,1035
149,65.0,13:01,0.0,,2.0,1.0,0.0,1.0,2.0,11.0,1052
149,66.0,32:07,0.467,0.0,4.0,2.0,1.0,0.0,14.0,-2.0,1064
149,67.0,33:16,0.667,,14.0,3.0,1.0,0.0,16.0,-23.0,1076
149,68.0,27:54,0.462,,8.0,2.0,0.0,0.0,12.0,-3.0,1086
149,69.0,28:31,0.75,0.0,9.0,0.0,0.0,0.0,19.0,-10.0,1111
149,70.0,32:56,0.467,,11.0,0.0,2.0,0.0,15.0,19.0,1118
149,71.0,35:26,0.462,0.0,11.0,3.0,1.0,0.0,12.0,12.0,1136
149,72.0,30:37,0.875,,4.0,2.0,1.0,1.0,14.0,10.0,1151
149,73.0,33:27,0.667,,8.0,3.0,1.0,0.0,20.0,9.0,1164
149,74.0,36:09,0.5,,8.0,1.0,2.0,0.0,9.0,22.0,1187
