Player_ID,G,MP,FG%,3P%,TRB,AST,STL,BLK,PTS,+/-,Game_ID
157,no play,,,,,,,,,,4
157,no play,,,,,,,,,,27
157,1.0,1:35,,,1.0,0.0,0.0,0.0,0.0,0.0,34
157,no play,,,,,,,,,,47
157,2.0,1:14,1.0,1.0,0.0,0.0,0.0,0.0,6.0,4.0,62
157,3.0,8:47,0.5,0.0,6.0,0.0,0.0,0.0,3.0,-4.0,81
157,no play,,,,,,,,,,86
157,no play,,,,,,,,,,113
157,no play,,,,,,,,,,133
157,no play,,,,,,,,,,159
157,4.0,1:24,0.0,,0.0,0.0,0.0,0.0,0.0,-2.0,166
157,no play,,,,,,,,,,187
157,no play,,,,,,,,,,200
157,no play,,,,,,,,,,243
157,no play,,,,,,,,,,259
157,5.0,2:57,0.5,,1.0,0.0,0.0,0.0,4.0,-5.0,273
157,6.0,2:47,0.0,0.0,0.0,0.0,0.0,1.0,0.0,-2.0,287
157,no play,,,,,,,,,,301
157,no play,,,,,,,,,,319
157,no play,,,,,,,,,,1196
157,no play,,,,,,,,,,340
157,7.0,0:02,,,0.0,0.0,0.0,0.0,0.0,-2.0,346
157,8.0,6:25,0.5,,3.0,0.0,0.0,0.0,3.0,-5.0,362
157,no play,,,,,,,,,,384
157,9.0,3:50,,,2.0,0.0,0.0,0.0,1.0,-3.0,393
157,no play,,,,,,,,,,423
157,10.0,8:26,1.0,,3.0,0.0,0.0,2.0,3.0,10.0,429
157,11.0,7:50,1.0,1.0,2.0,0.0,0.0,0.0,5.0,0.0,447
157,no play,,,,,,,,,,466
157,12.0,2:43,0.33299999999999996,0.0,0.0,0.0,0.0,0.0,2.0,-1.0,484
157,13.0,5:42,0.0,,0.0,0.0,0.0,0.0,0.0,1.0,502
157,14.0,1:50,1.0,1.0,0.0,0.0,0.0,0.0,3.0,3.0,508
157,no play,,,,,,,,,,518
157,no play,,,,,,,,,,536
157,no play,,,,,,,,,,553
157,no play,,,,,,,,,,565
157,15.0,12:54,1.0,1.0,0.0,1.0,0.0,0.0,5.0,-1.0,580
157,16.0,3:32,1.0,,0.0,0.0,0.0,1.0,2.0,-3.0,599
157,17.0,0:32,0.0,,1.0,0.0,0.0,0.0,0.0,0.0,613
157,no play,,,,,,,,,,620
157,18.0,2:42,0.5,0.0,2.0,0.0,0.0,0.0,3.0,2.0,637
157,19.0,4:34,,,1.0,0.0,1.0,0.0,0.0,-2.0,648
157,20.0,18:06,0.33299999999999996,0.5,1.0,0.0,1.0,0.0,6.0,7.0,660
157,no play,,,,,,,,,,675
157,21.0,1:15,,,0.0,0.0,0.0,0.0,0.0,-1.0,689
157,22.0,7:52,0.6,,2.0,0.0,0.0,1.0,8.0,7.0,702
157,23.0,10:26,0.4,,2.0,0.0,1.0,1.0,4.0,-3.0,711
157,24.0,24:03,0.5,0.75,5.0,1.0,1.0,3.0,12.0,-6.0,744
157,25.0,4:22,1.0,1.0,0.0,0.0,0.0,1.0,6.0,-2.0,758
157,26.0,3:08,0.0,,0.0,0.0,0.0,0.0,0.0,-1.0,767
157,no play,,,,,,,,,,793
157,27.0,17:07,0.5,0.25,6.0,1.0,0.0,0.0,7.0,-7.0,808
157,28.0,21:41,0.5,0.6,3.0,1.0,2.0,0.0,12.0,-5.0,815
157,29.0,16:45,0.3,0.0,5.0,0.0,0.0,0.0,6.0,0.0,830
157,30.0,13:49,0.5,1.0,4.0,1.0,0.0,0.0,4.0,1.0,844
157,31.0,13:35,0.5,1.0,2.0,0.0,0.0,0.0,3.0,6.0,1236
157,32.0,14:22,0.0,0.0,2.0,2.0,0.0,1.0,2.0,-4.0,1251
157,33.0,8:30,0.5,0.667,0.0,0.0,0.0,1.0,6.0,-6.0,1260
157,34.0,6:54,0.5,1.0,1.0,0.0,0.0,0.0,3.0,-15.0,860
157,35.0,15:53,0.25,0.0,1.0,1.0,0.0,1.0,4.0,-5.0,874
157,36.0,9:24,0.0,0.0,2.0,2.0,0.0,0.0,0.0,-8.0,881
157,37.0,14:45,0.28600000000000003,0.25,3.0,0.0,0.0,1.0,7.0,17.0,895
157,38.0,11:21,0.28600000000000003,0.0,3.0,0.0,0.0,0.0,4.0,5.0,912
157,39.0,4:48,0.5,0.0,0.0,0.0,0.0,0.0,3.0,-9.0,927
157,40.0,5:07,0.0,,2.0,0.0,0.0,1.0,0.0,2.0,938
157,41.0,11:08,0.5,1.0,1.0,1.0,0.0,1.0,3.0,-8.0,953
157,42.0,7:27,0.33299999999999996,0.33299999999999996,0.0,1.0,0.0,0.0,3.0,-2.0,973
157,43.0,9:40,0.0,0.0,1.0,2.0,1.0,0.0,0.0,0.0,987
157,44.0,12:59,0.6,0.0,5.0,1.0,1.0,1.0,9.0,-1.0,995
157,45.0,2:47,,,0.0,0.0,0.0,0.0,0.0,-8.0,1017
157,46.0,11:30,0.667,0.0,3.0,0.0,0.0,0.0,4.0,-10.0,1025
157,47.0,9:50,0.5,,1.0,0.0,0.0,1.0,2.0,-5.0,1038
157,48.0,8:57,0.33299999999999996,0.0,1.0,0.0,0.0,0.0,3.0,-1.0,1050
157,49.0,11:42,1.0,,2.0,4.0,0.0,1.0,2.0,8.0,1063
157,50.0,12:37,1.0,,2.0,0.0,0.0,2.0,4.0,5.0,1073
157,51.0,24:47,0.75,0.5710000000000001,3.0,0.0,1.0,0.0,23.0,26.0,1090
157,52.0,19:53,0.7140000000000001,1.0,1.0,0.0,0.0,0.0,11.0,0.0,1105
157,53.0,24:21,0.25,0.0,7.0,0.0,1.0,0.0,7.0,-12.0,1120
157,54.0,14:52,0.5,0.0,5.0,0.0,0.0,1.0,4.0,6.0,1136
157,55.0,16:13,1.0,,6.0,0.0,0.0,1.0,3.0,12.0,1152
157,56.0,13:29,0.33299999999999996,,4.0,1.0,0.0,0.0,2.0,4.0,1168
157,57.0,26:40,0.375,0.0,6.0,3.0,0.0,3.0,9.0,-4.0,1180
