Player_ID,G,MP,FG%,3P%,TRB,AST,STL,BLK,PTS,+/-,Game_ID
163,no play,,,,,,,,,,4
163,1.0,20:37,0.429,0.0,2.0,0.0,0.0,0.0,6.0,-10.0,27
163,2.0,25:41,0.28600000000000003,0.0,4.0,1.0,1.0,0.0,4.0,-1.0,34
163,3.0,33:27,0.41700000000000004,0.33299999999999996,10.0,2.0,0.0,0.0,13.0,11.0,47
163,4.0,28:55,0.667,0.4,1.0,2.0,2.0,0.0,14.0,11.0,62
163,5.0,23:15,0.16699999999999998,0.2,6.0,1.0,1.0,0.0,3.0,13.0,81
163,6.0,36:29,0.25,0.14300000000000002,3.0,1.0,0.0,0.0,5.0,4.0,86
163,7.0,32:42,0.33299999999999996,0.25,4.0,1.0,0.0,0.0,7.0,-5.0,113
163,8.0,26:19,0.375,0.429,1.0,1.0,0.0,0.0,9.0,7.0,133
163,9.0,30:46,0.4,0.28600000000000003,4.0,3.0,2.0,0.0,11.0,-3.0,159
163,10.0,32:15,0.5,0.444,6.0,1.0,0.0,0.0,14.0,-13.0,166
163,11.0,29:07,0.5710000000000001,0.5,6.0,1.0,0.0,0.0,9.0,-12.0,187
163,12.0,25:09,0.429,0.25,2.0,1.0,1.0,1.0,7.0,-9.0,200
163,13.0,33:10,0.5,0.4,3.0,0.0,0.0,0.0,16.0,-7.0,243
163,14.0,34:48,0.429,0.0,8.0,0.0,1.0,0.0,7.0,9.0,259
163,15.0,25:06,0.375,0.16699999999999998,3.0,1.0,0.0,0.0,8.0,2.0,273
163,16.0,27:43,0.429,0.5,5.0,1.0,0.0,0.0,13.0,18.0,287
163,17.0,27:21,0.4,0.28600000000000003,3.0,1.0,0.0,1.0,10.0,8.0,301
163,18.0,35:05,0.16699999999999998,0.0,2.0,0.0,0.0,0.0,4.0,-2.0,319
163,19.0,28:34,0.4,0.4,2.0,1.0,0.0,0.0,9.0,6.0,1196
163,20.0,30:53,0.2,0.25,5.0,1.0,2.0,0.0,3.0,-12.0,340
163,21.0,33:28,0.16699999999999998,0.0,6.0,2.0,0.0,0.0,2.0,-9.0,346
163,22.0,28:39,0.5,0.4,5.0,4.0,0.0,0.0,8.0,3.0,362
163,23.0,31:13,0.4,0.5,4.0,1.0,0.0,0.0,9.0,2.0,384
163,24.0,24:41,0.5,0.667,5.0,2.0,0.0,0.0,10.0,9.0,393
163,25.0,40:55,0.429,0.4,6.0,4.0,0.0,2.0,8.0,3.0,423
163,26.0,20:11,0.33299999999999996,1.0,1.0,1.0,0.0,0.0,3.0,-23.0,429
163,27.0,26:58,0.625,0.25,3.0,2.0,0.0,1.0,11.0,3.0,447
163,28.0,29:04,0.5,0.545,4.0,1.0,2.0,0.0,20.0,-18.0,466
163,29.0,28:14,1.0,1.0,6.0,1.0,0.0,0.0,11.0,20.0,484
163,30.0,29:01,0.28600000000000003,0.2,0.0,1.0,0.0,0.0,5.0,-19.0,502
163,31.0,23:50,0.667,1.0,0.0,1.0,1.0,0.0,8.0,12.0,508
163,32.0,30:45,0.0,0.0,3.0,1.0,1.0,0.0,0.0,-4.0,518
163,33.0,20:11,0.2,0.2,3.0,1.0,0.0,0.0,3.0,-12.0,536
163,34.0,38:00,0.833,0.75,3.0,0.0,2.0,2.0,13.0,-5.0,553
163,35.0,34:08,0.5,0.33299999999999996,2.0,0.0,0.0,0.0,7.0,-11.0,565
163,36.0,31:20,0.5,0.4,1.0,3.0,1.0,0.0,8.0,7.0,580
163,37.0,28:47,0.625,0.667,1.0,2.0,1.0,0.0,14.0,5.0,599
163,38.0,22:17,0.4,0.4,0.0,2.0,1.0,0.0,6.0,9.0,613
163,39.0,29:10,1.0,1.0,4.0,1.0,0.0,0.0,5.0,-7.0,620
163,40.0,32:28,0.5,0.667,4.0,3.0,2.0,0.0,8.0,-16.0,637
163,41.0,24:25,0.33299999999999996,0.0,1.0,1.0,1.0,0.0,2.0,15.0,648
163,42.0,25:05,1.0,1.0,2.0,1.0,0.0,0.0,7.0,-4.0,660
163,43.0,23:38,1.0,1.0,2.0,1.0,1.0,0.0,9.0,13.0,675
163,44.0,30:46,0.5,0.4,3.0,1.0,1.0,0.0,9.0,-13.0,689
163,45.0,27:21,0.5,0.5,2.0,1.0,0.0,2.0,6.0,-21.0,702
163,46.0,32:59,0.667,0.8,3.0,0.0,0.0,1.0,12.0,-1.0,711
163,47.0,21:53,0.667,0.667,7.0,0.0,0.0,0.0,6.0,-23.0,744
163,48.0,18:33,0.33299999999999996,0.0,0.0,0.0,1.0,0.0,4.0,8.0,758
163,49.0,25:37,0.28600000000000003,0.33299999999999996,1.0,1.0,0.0,1.0,6.0,10.0,767
163,50.0,33:36,0.33299999999999996,0.5,2.0,1.0,0.0,0.0,6.0,-20.0,793
163,51.0,22:50,0.5,0.5,3.0,1.0,1.0,0.0,6.0,-17.0,808
163,52.0,21:24,0.8,0.8,5.0,1.0,1.0,1.0,13.0,7.0,815
163,53.0,29:38,0.455,0.5,2.0,1.0,0.0,0.0,16.0,13.0,830
163,54.0,33:01,0.5710000000000001,0.4,6.0,3.0,2.0,1.0,10.0,0.0,844
163,55.0,28:25,0.0,0.0,0.0,0.0,0.0,0.0,0.0,-10.0,1236
163,56.0,32:29,0.556,0.5,3.0,2.0,0.0,0.0,13.0,-1.0,1251
163,57.0,32:55,0.33299999999999996,0.4,3.0,0.0,1.0,1.0,8.0,-8.0,1260
163,58.0,31:25,0.375,0.2,1.0,2.0,0.0,0.0,7.0,-7.0,860
163,59.0,22:54,0.25,0.5,3.0,1.0,0.0,0.0,3.0,-15.0,874
163,60.0,29:32,0.273,0.25,2.0,0.0,1.0,0.0,8.0,0.0,881
163,61.0,31:07,0.727,0.7140000000000001,7.0,2.0,2.0,0.0,21.0,24.0,895
163,62.0,38:27,0.33299999999999996,0.667,7.0,1.0,2.0,0.0,10.0,1.0,912
163,63.0,31:36,0.4,0.5,1.0,3.0,1.0,0.0,10.0,7.0,927
163,64.0,27:59,0.667,0.5710000000000001,6.0,0.0,2.0,0.0,19.0,6.0,938
163,65.0,27:30,0.5710000000000001,0.667,3.0,2.0,2.0,0.0,10.0,-6.0,953
163,66.0,30:40,0.33299999999999996,0.14300000000000002,3.0,0.0,1.0,0.0,7.0,-13.0,973
163,67.0,32:18,0.375,0.25,5.0,1.0,1.0,0.0,10.0,-4.0,987
163,68.0,28:18,0.625,0.5,3.0,2.0,0.0,0.0,12.0,-14.0,995
163,69.0,35:51,0.4,0.33299999999999996,5.0,2.0,0.0,0.0,5.0,4.0,1017
163,70.0,23:48,0.33299999999999996,0.33299999999999996,1.0,2.0,0.0,0.0,3.0,9.0,1025
163,71.0,32:21,0.556,0.5,0.0,2.0,2.0,0.0,13.0,-2.0,1038
163,72.0,32:14,0.375,0.25,1.0,1.0,1.0,0.0,7.0,-20.0,1050
163,73.0,30:42,0.7140000000000001,0.5,3.0,1.0,0.0,0.0,26.0,12.0,1063
163,74.0,33:48,0.16699999999999998,0.2,1.0,0.0,0.0,0.0,3.0,-7.0,1073
163,75.0,35:02,0.0,0.0,4.0,1.0,1.0,0.0,2.0,16.0,1090
163,76.0,33:21,0.5,0.5710000000000001,1.0,1.0,1.0,0.0,12.0,8.0,1105
163,77.0,23:58,0.25,0.0,2.0,1.0,3.0,0.0,2.0,-19.0,1120
163,78.0,29:00,0.375,1.0,1.0,0.0,1.0,0.0,8.0,-15.0,1136
163,79.0,32:34,0.33299999999999996,0.2,2.0,1.0,2.0,0.0,5.0,12.0,1152
163,80.0,26:27,0.667,0.8,0.0,2.0,2.0,0.0,16.0,-5.0,1168
