Player_ID,G,MP,FG%,3P%,TRB,AST,STL,BLK,PTS,+/-,Game_ID
135,1.0,24:23,0.8,0.0,7.0,5.0,3.0,0.0,8.0,5.0,2
135,2.0,26:55,0.455,0.0,11.0,2.0,1.0,0.0,10.0,-10.0,15
135,3.0,30:30,0.5,0.0,14.0,1.0,1.0,2.0,14.0,13.0,27
135,4.0,19:15,0.28600000000000003,0.0,8.0,0.0,3.0,0.0,5.0,-8.0,39
135,5.0,29:56,0.33299999999999996,,4.0,2.0,3.0,1.0,4.0,7.0,53
135,6.0,28:16,0.556,0.0,13.0,1.0,1.0,2.0,12.0,3.0,68
135,7.0,27:17,0.5379999999999999,0.0,9.0,1.0,3.0,1.0,15.0,17.0,97
135,8.0,28:42,0.16699999999999998,,6.0,2.0,3.0,0.0,5.0,-11.0,102
135,9.0,25:49,0.7,1.0,8.0,4.0,0.0,1.0,19.0,17.0,135
135,10.0,22:26,0.5,,3.0,2.0,2.0,0.0,4.0,-20.0,148
135,11.0,28:48,0.625,1.0,10.0,3.0,1.0,2.0,11.0,-9.0,153
135,12.0,22:20,0.4,0.0,4.0,1.0,1.0,0.0,4.0,-20.0,174
135,13.0,25:50,0.778,1.0,4.0,1.0,2.0,0.0,16.0,-1.0,190
135,14.0,33:09,0.615,0.5,12.0,3.0,4.0,0.0,18.0,-34.0,213
135,15.0,27:34,0.625,0.0,10.0,3.0,3.0,1.0,10.0,-8.0,245
135,16.0,26:28,0.5,,8.0,5.0,1.0,0.0,8.0,-23.0,258
135,17.0,41:37,0.5379999999999999,0.0,12.0,5.0,3.0,0.0,15.0,10.0,272
135,18.0,27:11,0.5710000000000001,,8.0,2.0,2.0,0.0,9.0,-12.0,287
135,no play,,,,,,,,,,301
135,19.0,31:04,0.667,0.0,13.0,1.0,2.0,1.0,14.0,-14.0,316
135,20.0,36:38,0.5,0.0,12.0,5.0,1.0,0.0,15.0,10.0,1194
135,21.0,26:58,0.667,0.0,4.0,2.0,0.0,0.0,9.0,-29.0,353
135,22.0,32:28,0.5,,13.0,1.0,4.0,0.0,10.0,-11.0,364
135,23.0,29:23,0.375,1.0,18.0,2.0,0.0,1.0,8.0,4.0,378
135,24.0,29:35,0.0,0.0,9.0,2.0,1.0,0.0,2.0,-14.0,390
135,25.0,30:34,0.28600000000000003,0.0,6.0,4.0,0.0,0.0,5.0,8.0,409
135,26.0,20:02,0.667,0.5,5.0,2.0,1.0,0.0,11.0,-12.0,420
135,27.0,23:43,0.4,,7.0,1.0,2.0,0.0,4.0,-5.0,438
135,no play,,,,,,,,,,444
135,28.0,22:25,0.33299999999999996,,12.0,3.0,0.0,1.0,3.0,-5.0,468
135,29.0,25:34,0.429,,13.0,2.0,0.0,1.0,6.0,0.0,485
135,30.0,19:53,0.545,0.75,7.0,3.0,0.0,0.0,16.0,-10.0,498
135,31.0,34:08,0.429,0.25,15.0,2.0,0.0,1.0,17.0,-12.0,520
135,32.0,19:48,0.636,1.0,6.0,0.0,0.0,0.0,16.0,-29.0,541
135,33.0,31:56,0.667,,12.0,4.0,0.0,0.0,13.0,-9.0,552
135,34.0,18:17,0.667,,4.0,3.0,1.0,1.0,4.0,-1.0,564
135,no play,,,,,,,,,,578
135,35.0,29:43,0.444,0.0,12.0,4.0,1.0,1.0,8.0,-11.0,592
135,36.0,26:36,0.375,,7.0,4.0,0.0,0.0,6.0,-6.0,598
135,37.0,26:28,0.5329999999999999,0.25,5.0,2.0,3.0,0.0,18.0,-31.0,614
135,38.0,22:05,0.5,0.0,7.0,2.0,0.0,1.0,8.0,-15.0,627
135,no play,,,,,,,,,,650
135,39.0,26:55,0.667,0.0,9.0,0.0,2.0,0.0,8.0,-11.0,657
135,40.0,19:00,0.5710000000000001,0.0,4.0,0.0,0.0,0.0,9.0,-11.0,671
135,41.0,23:32,0.5,,6.0,1.0,0.0,1.0,7.0,-4.0,687
135,no play,,,,,,,,,,700
135,42.0,15:54,0.75,,5.0,1.0,0.0,0.0,6.0,-15.0,715
135,43.0,25:57,0.556,0.0,8.0,0.0,2.0,1.0,13.0,-19.0,725
135,44.0,16:14,0.545,0.0,8.0,3.0,1.0,1.0,12.0,2.0,739
135,45.0,21:13,0.375,,7.0,4.0,1.0,0.0,8.0,16.0,753
135,46.0,25:40,0.5379999999999999,1.0,10.0,2.0,3.0,0.0,15.0,8.0,771
135,47.0,23:53,0.455,0.0,12.0,3.0,0.0,0.0,10.0,-6.0,785
135,48.0,27:32,0.5,,10.0,2.0,0.0,1.0,14.0,-6.0,790
135,49.0,24:54,0.5710000000000001,,10.0,1.0,0.0,0.0,8.0,-11.0,805
135,50.0,22:38,0.6,0.0,4.0,0.0,1.0,0.0,13.0,-10.0,828
135,51.0,27:51,0.875,0.0,5.0,3.0,1.0,0.0,18.0,-3.0,844
135,52.0,22:03,0.545,0.0,9.0,2.0,0.0,0.0,15.0,-14.0,1240
135,53.0,27:15,0.667,,10.0,1.0,0.0,0.0,12.0,1.0,1249
135,54.0,24:20,0.429,,8.0,4.0,2.0,0.0,6.0,-11.0,866
135,55.0,25:00,0.33299999999999996,0.0,11.0,1.0,0.0,1.0,8.0,-1.0,876
135,56.0,19:38,0.5,0.0,6.0,0.0,1.0,1.0,6.0,-9.0,887
135,57.0,25:33,0.667,,9.0,1.0,1.0,1.0,8.0,13.0,900
135,58.0,26:46,0.625,0.0,8.0,3.0,1.0,1.0,12.0,-1.0,910
135,59.0,26:58,0.429,0.5,7.0,3.0,0.0,0.0,15.0,-15.0,931
135,60.0,24:49,0.5,0.667,9.0,0.0,0.0,0.0,14.0,8.0,946
135,61.0,17:37,0.375,1.0,2.0,1.0,0.0,0.0,8.0,-11.0,960
135,no play,,,,,,,,,,976
135,no play,,,,,,,,,,982
135,no play,,,,,,,,,,996
135,62.0,13:30,0.25,,5.0,2.0,0.0,0.0,2.0,2.0,1012
135,63.0,17:16,0.375,1.0,8.0,1.0,0.0,0.0,14.0,25.0,1027
135,64.0,3:23,0.0,,1.0,0.0,0.0,0.0,0.0,-8.0,1032
135,65.0,18:08,0.5,,7.0,2.0,0.0,1.0,8.0,20.0,1048
135,66.0,22:48,0.4,,7.0,0.0,0.0,0.0,6.0,-9.0,1065
135,67.0,18:20,0.375,1.0,4.0,1.0,0.0,1.0,7.0,-5.0,1081
135,68.0,23:55,0.917,0.5,8.0,1.0,1.0,0.0,23.0,18.0,1099
135,69.0,22:10,0.3,0.25,7.0,1.0,3.0,0.0,7.0,17.0,1109
135,70.0,17:38,0.5710000000000001,0.0,5.0,2.0,0.0,0.0,8.0,12.0,1115
135,no play,,,,,,,,,,1135
135,71.0,22:13,0.4,,4.0,0.0,2.0,0.0,9.0,-18.0,1149
135,no play,,,,,,,,,,1165
135,no play,,,,,,,,,,1183
