Player_ID,G,MP,FG%,3P%,TRB,AST,STL,BLK,PTS,+/-,Game_ID
435,1.0,32:51,0.25,0.25,6.0,2.0,1.0,0.0,5.0,-4.0,9
435,2.0,35:40,0.667,0.7140000000000001,4.0,0.0,1.0,0.0,27.0,7.0,19
435,3.0,33:02,0.5,0.5,7.0,3.0,2.0,1.0,6.0,-11.0,36
435,4.0,31:29,0.364,0.3,1.0,2.0,0.0,0.0,11.0,-11.0,42
435,5.0,30:05,0.3,0.2,4.0,3.0,4.0,0.0,8.0,15.0,54
435,6.0,31:10,0.4,0.28600000000000003,3.0,3.0,2.0,1.0,10.0,-10.0,80
435,7.0,34:13,0.455,0.444,5.0,2.0,3.0,0.0,15.0,10.0,90
435,8.0,40:40,0.5,0.2,5.0,3.0,4.0,0.0,9.0,11.0,110
435,9.0,37:02,0.385,0.364,4.0,2.0,3.0,0.0,15.0,1.0,130
435,10.0,35:08,0.429,0.455,8.0,2.0,3.0,1.0,17.0,25.0,145
435,11.0,36:44,0.364,0.222,7.0,3.0,4.0,0.0,11.0,-5.0,160
435,12.0,29:11,0.625,0.667,7.0,0.0,1.0,0.0,16.0,21.0,167
435,13.0,31:04,0.33299999999999996,0.25,4.0,0.0,1.0,0.0,6.0,-5.0,180
435,14.0,34:31,0.33299999999999996,0.4,6.0,3.0,1.0,0.0,14.0,5.0,199
435,15.0,31:12,0.364,0.33299999999999996,2.0,3.0,1.0,0.0,11.0,-16.0,215
435,16.0,35:20,0.545,0.545,10.0,3.0,2.0,0.0,18.0,4.0,250
435,17.0,32:56,0.857,0.8,2.0,3.0,2.0,0.0,18.0,14.0,262
435,18.0,26:23,0.375,0.0,3.0,0.0,1.0,1.0,6.0,-19.0,276
435,19.0,42:52,0.385,0.0,4.0,2.0,1.0,0.0,12.0,-5.0,291
435,20.0,31:26,0.5,0.5,7.0,3.0,5.0,0.0,16.0,12.0,300
435,21.0,33:27,0.4,0.3,8.0,1.0,0.0,2.0,15.0,7.0,321
435,22.0,27:06,0.667,0.5,2.0,3.0,3.0,0.0,11.0,22.0,1197
435,23.0,33:47,0.28600000000000003,0.2,8.0,3.0,1.0,0.0,7.0,0.0,341
435,24.0,32:31,0.545,0.5,7.0,1.0,0.0,0.0,17.0,15.0,352
435,25.0,37:07,0.375,0.0,4.0,2.0,3.0,2.0,7.0,4.0,364
435,26.0,29:04,0.667,0.7140000000000001,3.0,1.0,3.0,0.0,17.0,24.0,380
435,27.0,30:10,0.389,0.35700000000000004,5.0,1.0,3.0,0.0,20.0,14.0,395
435,28.0,38:17,0.25,0.273,5.0,0.0,3.0,0.0,11.0,2.0,403
435,29.0,35:00,0.429,0.33299999999999996,6.0,2.0,4.0,1.0,16.0,2.0,425
435,30.0,34:24,0.667,1.0,3.0,1.0,2.0,0.0,10.0,0.0,435
435,31.0,35:56,0.5,0.6,3.0,3.0,1.0,0.0,9.0,15.0,448
435,32.0,25:57,0.33299999999999996,0.14300000000000002,10.0,4.0,5.0,0.0,8.0,25.0,472
435,33.0,29:57,0.6,0.75,7.0,1.0,1.0,0.0,9.0,13.0,479
435,34.0,37:19,0.545,0.5,4.0,7.0,2.0,0.0,18.0,13.0,501
435,35.0,38:47,0.33299999999999996,0.2,7.0,4.0,2.0,0.0,14.0,9.0,510
435,36.0,43:38,0.4,0.33299999999999996,6.0,5.0,3.0,2.0,10.0,10.0,523
435,37.0,35:06,0.28600000000000003,0.25,3.0,1.0,1.0,1.0,10.0,0.0,545
435,38.0,29:20,0.5,0.375,6.0,2.0,0.0,0.0,13.0,-3.0,550
435,39.0,41:32,0.5,0.5,7.0,3.0,2.0,0.0,17.0,11.0,567
435,40.0,39:52,0.5,0.5,5.0,3.0,1.0,0.0,16.0,2.0,579
435,41.0,40:04,0.462,0.429,3.0,0.0,0.0,0.0,16.0,-8.0,587
435,42.0,36:31,0.364,0.16699999999999998,9.0,1.0,1.0,0.0,12.0,-3.0,600
435,43.0,33:19,0.636,0.6,8.0,2.0,2.0,0.0,23.0,19.0,614
435,44.0,39:02,0.455,0.2,7.0,1.0,1.0,0.0,11.0,0.0,628
435,45.0,39:09,0.25,0.14300000000000002,6.0,4.0,1.0,0.0,5.0,26.0,637
435,46.0,33:45,0.41700000000000004,0.25,3.0,2.0,0.0,0.0,12.0,-20.0,651
435,47.0,35:53,0.125,0.16699999999999998,10.0,2.0,0.0,0.0,3.0,24.0,661
435,48.0,39:33,0.28600000000000003,0.4,5.0,5.0,4.0,1.0,8.0,5.0,675
435,49.0,37:01,0.364,0.5,2.0,2.0,1.0,0.0,12.0,-14.0,686
435,50.0,41:21,0.16699999999999998,0.16699999999999998,5.0,2.0,4.0,0.0,7.0,-1.0,707
435,51.0,25:03,0.0,0.0,9.0,1.0,1.0,0.0,2.0,-18.0,718
435,52.0,27:17,0.33299999999999996,0.25,9.0,4.0,1.0,0.0,7.0,16.0,732
435,53.0,36:30,0.083,0.1,5.0,3.0,2.0,0.0,3.0,5.0,749
435,54.0,39:05,0.429,0.33299999999999996,6.0,1.0,3.0,0.0,10.0,-8.0,755
435,55.0,36:00,0.467,0.444,7.0,4.0,2.0,0.0,20.0,18.0,786
435,56.0,41:32,0.364,0.3,7.0,3.0,2.0,2.0,11.0,9.0,800
435,57.0,30:53,0.308,0.2,9.0,1.0,3.0,0.0,9.0,44.0,820
435,58.0,36:12,0.28600000000000003,0.2,4.0,2.0,2.0,0.0,5.0,-11.0,847
435,59.0,26:47,0.3,0.375,7.0,2.0,1.0,1.0,9.0,33.0,1228
435,60.0,31:50,0.375,0.375,3.0,3.0,1.0,0.0,15.0,-1.0,1248
435,61.0,36:10,0.2,0.0,5.0,1.0,0.0,0.0,6.0,0.0,1263
435,62.0,32:52,0.429,0.33299999999999996,7.0,2.0,0.0,1.0,8.0,8.0,865
435,63.0,28:57,0.25,0.16699999999999998,9.0,1.0,1.0,0.0,6.0,6.0,885
435,64.0,35:15,0.455,0.25,8.0,1.0,0.0,0.0,13.0,-5.0,902
435,65.0,37:04,0.5,0.6,5.0,2.0,0.0,0.0,11.0,1.0,914
435,66.0,29:53,0.5,0.5,11.0,1.0,2.0,0.0,13.0,16.0,926
435,67.0,38:58,0.3,0.28600000000000003,7.0,2.0,1.0,0.0,12.0,4.0,949
435,68.0,28:06,0.778,0.667,3.0,2.0,4.0,0.0,20.0,13.0,970
435,69.0,29:52,0.33299999999999996,0.28600000000000003,8.0,0.0,1.0,0.0,8.0,-15.0,984
435,70.0,34:11,0.25,0.0,9.0,1.0,0.0,1.0,2.0,8.0,994
435,71.0,41:13,0.455,0.429,4.0,3.0,2.0,0.0,14.0,14.0,1008
435,72.0,33:50,0.3,0.0,9.0,0.0,0.0,0.0,8.0,8.0,1039
435,73.0,36:38,0.818,0.75,6.0,6.0,3.0,1.0,24.0,11.0,1051
435,74.0,41:13,0.4,0.16699999999999998,4.0,3.0,6.0,0.0,13.0,-12.0,1068
435,75.0,36:32,0.636,0.5,5.0,2.0,6.0,0.0,17.0,-3.0,1085
435,76.0,36:46,0.33299999999999996,0.222,2.0,1.0,2.0,0.0,13.0,-17.0,1096
435,no play,,,,,,,,,,1113
435,77.0,37:49,0.5,0.5,10.0,1.0,1.0,0.0,15.0,5.0,1129
435,78.0,35:29,0.091,0.125,7.0,3.0,1.0,0.0,6.0,2.0,1143
435,no play,,,,,,,,,,1161
435,79.0,36:10,0.273,0.0,2.0,2.0,2.0,0.0,6.0,-31.0,1171
435,80.0,37:35,0.429,0.25,5.0,6.0,1.0,1.0,15.0,10.0,1185
