Player_ID,G,MP,FG%,3P%,TRB,AST,STL,BLK,PTS,+/-,Game_ID
36,1.0,17:43,0.5710000000000001,0.0,0.0,2.0,1.0,0.0,8.0,-6.0,10
36,2.0,16:14,0.25,,1.0,1.0,0.0,1.0,3.0,-12.0,37
36,3.0,6:03,,,1.0,0.0,0.0,0.0,0.0,-11.0,51
36,4.0,6:49,0.0,,2.0,0.0,0.0,0.0,0.0,2.0,66
36,5.0,15:33,0.4,,0.0,0.0,0.0,0.0,4.0,-14.0,77
36,6.0,6:16,,,0.0,1.0,0.0,0.0,0.0,-4.0,90
36,7.0,17:05,0.778,0.75,1.0,2.0,0.0,0.0,18.0,10.0,103
36,8.0,22:06,0.5710000000000001,,2.0,3.0,0.0,0.0,9.0,3.0,118
36,9.0,16:58,0.429,,0.0,3.0,1.0,0.0,6.0,-24.0,129
36,10.0,5:29,0.2,,0.0,0.0,0.0,0.0,2.0,-9.0,154
36,no play,,,,,,,,,,165
36,no play,,,,,,,,,,182
36,11.0,6:07,0.0,,1.0,1.0,0.0,0.0,0.0,-1.0,196
36,no play,,,,,,,,,,237
36,12.0,9:19,0.5710000000000001,0.0,0.0,1.0,0.0,0.0,8.0,2.0,251
36,13.0,10:38,0.2,0.0,0.0,1.0,0.0,1.0,2.0,7.0,264
36,no play,,,,,,,,,,280
36,14.0,10:51,0.25,,0.0,1.0,1.0,0.0,2.0,-9.0,299
36,15.0,12:14,0.6,0.5,0.0,2.0,0.0,0.0,8.0,-1.0,316
36,16.0,5:42,0.5,,0.0,3.0,0.0,0.0,2.0,-7.0,325
36,17.0,11:31,0.5,,1.0,2.0,1.0,0.0,6.0,-5.0,332
36,18.0,9:17,0.4,0.5,0.0,2.0,0.0,0.0,5.0,5.0,346
36,19.0,13:42,0.2,0.0,1.0,1.0,0.0,0.0,4.0,0.0,363
36,20.0,17:38,0.75,0.0,1.0,1.0,0.0,0.0,6.0,-2.0,375
36,21.0,15:16,0.5,0.5,0.0,2.0,1.0,0.0,8.0,-5.0,389
36,22.0,17:29,0.667,1.0,0.0,1.0,0.0,0.0,7.0,0.0,406
36,23.0,6:04,0.5,0.5,0.0,0.0,0.0,0.0,3.0,-5.0,413
36,24.0,12:07,0.6,,1.0,1.0,0.0,0.0,6.0,8.0,432
36,25.0,16:06,0.4,0.0,0.0,1.0,0.0,0.0,6.0,-13.0,447
36,26.0,4:22,0.0,,0.0,0.0,0.0,0.0,0.0,-3.0,466
36,27.0,10:48,0.0,0.0,2.0,0.0,0.0,1.0,0.0,2.0,481
36,28.0,30:09,0.833,1.0,2.0,2.0,2.0,0.0,27.0,20.0,498
36,29.0,11:00,0.33299999999999996,0.0,0.0,2.0,0.0,0.0,2.0,3.0,523
36,30.0,8:39,0.0,0.0,0.0,4.0,0.0,0.0,0.0,-13.0,529
36,31.0,10:31,0.5,1.0,1.0,1.0,0.0,0.0,3.0,-13.0,549
36,32.0,11:12,,,2.0,5.0,1.0,0.0,0.0,-5.0,565
36,33.0,12:58,0.5,1.0,1.0,1.0,0.0,0.0,6.0,-11.0,576
36,34.0,9:17,0.33299999999999996,,0.0,2.0,0.0,0.0,2.0,-7.0,588
36,35.0,17:58,0.4,0.0,3.0,4.0,0.0,0.0,4.0,0.0,609
36,36.0,20:01,0.25,0.0,1.0,3.0,0.0,0.0,4.0,3.0,619
36,37.0,8:22,0.667,,2.0,1.0,0.0,0.0,5.0,8.0,633
36,38.0,6:31,0.5,0.5,0.0,1.0,0.0,0.0,3.0,-8.0,643
36,39.0,9:21,0.6,1.0,2.0,2.0,0.0,0.0,7.0,5.0,656
36,40.0,12:16,1.0,,1.0,4.0,0.0,0.0,6.0,-4.0,670
36,41.0,10:16,0.6,0.0,2.0,3.0,0.0,0.0,6.0,-2.0,681
36,42.0,19:20,0.5710000000000001,0.33299999999999996,1.0,3.0,1.0,0.0,9.0,1.0,706
36,43.0,10:55,0.4,0.5,0.0,3.0,0.0,0.0,5.0,6.0,719
36,44.0,19:08,0.33299999999999996,0.0,4.0,2.0,0.0,0.0,4.0,0.0,730
36,45.0,12:23,0.222,0.0,1.0,2.0,0.0,1.0,5.0,-1.0,748
36,46.0,10:13,0.5,0.0,1.0,1.0,0.0,1.0,4.0,7.0,761
36,47.0,5:57,0.0,,1.0,1.0,0.0,0.0,0.0,5.0,775
36,48.0,14:03,0.5,0.5,0.0,2.0,0.0,0.0,7.0,-5.0,790
36,49.0,13:47,0.33299999999999996,0.5,0.0,5.0,1.0,0.0,7.0,-14.0,811
36,50.0,26:24,0.5,0.0,4.0,4.0,0.0,0.0,11.0,-9.0,831
36,51.0,12:47,0.33299999999999996,0.5,3.0,2.0,0.0,0.0,3.0,-1.0,854
36,52.0,9:39,0.25,0.5,0.0,1.0,0.0,0.0,5.0,-4.0,1232
36,53.0,5:16,0.0,,0.0,0.0,0.0,0.0,0.0,-7.0,1253
36,no play,,,,,,,,,,1265
36,no play,,,,,,,,,,857
36,no play,,,,,,,,,,871
36,no play,,,,,,,,,,891
36,54.0,3:41,0.0,,0.0,0.0,0.0,0.0,0.0,1.0,908
36,no play,,,,,,,,,,918
36,no play,,,,,,,,,,932
36,no play,,,,,,,,,,943
36,no play,,,,,,,,,,955
36,no play,,,,,,,,,,964
36,no play,,,,,,,,,,981
36,no play,,,,,,,,,,990
36,no play,,,,,,,,,,1007
36,no play,,,,,,,,,,1023
36,55.0,3:00,0.0,0.0,0.0,1.0,0.0,0.0,0.0,-5.0,1032
36,no play,,,,,,,,,,1043
36,no play,,,,,,,,,,1070
36,no play,,,,,,,,,,1079
36,no play,,,,,,,,,,1095
36,no play,,,,,,,,,,1112
36,no play,,,,,,,,,,1116
36,no play,,,,,,,,,,1137
36,no play,,,,,,,,,,1153
36,56.0,7:35,,,1.0,2.0,0.0,0.0,0.0,-5.0,1169
36,57.0,30:41,0.769,0.7140000000000001,0.0,4.0,1.0,0.0,27.0,-11.0,1182
