Player_ID,G,MP,FG%,3P%,TRB,AST,STL,BLK,PTS,+/-,Game_ID
386,no play,,,,,,,,,,5
386,1.0,12:06,0.2,0.0,0.0,1.0,0.0,0.0,4.0,-2.0,24
386,no play,,,,,,,,,,37
386,2.0,12:00,0.0,0.0,0.0,1.0,0.0,0.0,0.0,2.0,48
386,no play,,,,,,,,,,56
386,3.0,5:52,0.0,0.0,0.0,0.0,0.0,0.0,0.0,0.0,70
386,no play,,,,,,,,,,84
386,no play,,,,,,,,,,98
386,no play,,,,,,,,,,133
386,no play,,,,,,,,,,147
386,no play,,,,,,,,,,163
386,no play,,,,,,,,,,176
386,no play,,,,,,,,,,186
386,4.0,1:47,0.0,0.0,0.0,0.0,0.0,0.0,0.0,3.0,197
386,5.0,23:27,0.28600000000000003,0.4,4.0,1.0,1.0,0.0,6.0,-6.0,208
386,6.0,18:56,0.2,0.25,3.0,0.0,0.0,0.0,3.0,-8.0,244
386,no play,,,,,,,,,,254
386,7.0,14:02,0.0,0.0,1.0,1.0,0.0,1.0,0.0,0.0,268
386,8.0,21:16,0.5,0.5,1.0,1.0,1.0,0.0,19.0,-12.0,278
386,9.0,28:30,0.667,0.6,2.0,1.0,0.0,0.0,19.0,5.0,288
386,10.0,34:21,0.522,0.5,2.0,4.0,1.0,1.0,31.0,8.0,305
386,11.0,43:32,0.5,0.636,0.0,3.0,0.0,0.0,29.0,3.0,320
386,12.0,24:41,0.28600000000000003,0.125,1.0,1.0,1.0,0.0,10.0,14.0,328
386,13.0,31:35,0.16699999999999998,0.25,2.0,0.0,1.0,0.0,5.0,7.0,333
386,14.0,21:34,0.222,0.16699999999999998,3.0,1.0,1.0,1.0,5.0,4.0,351
386,15.0,20:22,0.16699999999999998,0.2,2.0,1.0,0.0,0.0,5.0,-3.0,368
386,16.0,22:08,0.5379999999999999,0.5,2.0,1.0,0.0,0.0,20.0,3.0,379
386,17.0,27:31,0.364,0.444,3.0,0.0,0.0,1.0,13.0,4.0,394
386,18.0,11:01,0.0,,0.0,0.0,0.0,0.0,0.0,-8.0,408
386,19.0,35:04,0.615,0.5710000000000001,2.0,0.0,1.0,0.0,24.0,3.0,424
386,20.0,16:41,0.222,0.25,1.0,0.0,1.0,0.0,6.0,-9.0,431
386,21.0,9:52,1.0,1.0,2.0,0.0,0.0,0.0,5.0,0.0,448
386,22.0,19:46,0.41700000000000004,0.5,4.0,1.0,1.0,0.0,16.0,1.0,467
386,23.0,20:09,0.3,0.25,0.0,0.0,0.0,0.0,8.0,-10.0,477
386,24.0,17:47,0.667,0.75,3.0,2.0,0.0,0.0,22.0,20.0,492
386,25.0,11:50,0.5,0.6,1.0,1.0,0.0,0.0,11.0,7.0,507
386,26.0,18:46,0.429,0.429,2.0,1.0,1.0,0.0,9.0,6.0,533
386,27.0,24:04,0.231,0.273,2.0,0.0,1.0,0.0,9.0,4.0,538
386,28.0,20:34,0.5,0.5710000000000001,1.0,1.0,1.0,0.0,12.0,29.0,555
386,29.0,12:45,0.5,1.0,2.0,0.0,0.0,0.0,6.0,13.0,568
386,30.0,9:43,0.25,0.25,0.0,0.0,0.0,0.0,3.0,3.0,586
386,31.0,22:15,0.5,0.5,2.0,1.0,0.0,0.0,13.0,15.0,600
386,32.0,7:08,0.0,0.0,0.0,1.0,0.0,0.0,2.0,-12.0,616
386,no play,,,,,,,,,,633
386,33.0,8:14,0.0,0.0,0.0,0.0,0.0,0.0,0.0,-1.0,649
386,no play,,,,,,,,,,661
386,no play,,,,,,,,,,690
386,no play,,,,,,,,,,708
386,34.0,18:57,0.5,0.667,0.0,0.0,0.0,0.0,6.0,2.0,713
386,35.0,7:13,0.0,0.0,0.0,0.0,1.0,0.0,0.0,2.0,729
386,36.0,6:20,0.667,0.667,0.0,0.0,0.0,0.0,6.0,0.0,743
386,37.0,0:36,,,0.0,0.0,0.0,0.0,0.0,4.0,756
386,38.0,15:07,0.5,0.33299999999999996,0.0,1.0,0.0,0.0,11.0,-1.0,769
386,39.0,2:01,0.0,0.0,0.0,0.0,0.0,0.0,0.0,0.0,783
386,40.0,21:37,0.455,0.444,3.0,0.0,1.0,0.0,14.0,6.0,794
386,41.0,14:57,0.28600000000000003,0.25,3.0,0.0,0.0,0.0,6.0,-8.0,809
386,42.0,15:31,0.4,0.5,1.0,1.0,0.0,0.0,6.0,-1.0,828
386,43.0,10:26,0.33299999999999996,0.33299999999999996,3.0,1.0,0.0,0.0,5.0,-1.0,846
386,44.0,14:45,0.4,0.5710000000000001,0.0,2.0,3.0,0.0,13.0,15.0,1233
386,45.0,17:45,0.4,0.4,2.0,0.0,0.0,0.0,6.0,11.0,1252
386,46.0,11:40,0.0,0.0,1.0,0.0,0.0,0.0,2.0,5.0,1268
386,47.0,14:52,0.0,0.0,1.0,0.0,1.0,0.0,0.0,4.0,875
386,48.0,10:44,0.5,0.25,0.0,0.0,0.0,0.0,7.0,0.0,885
386,49.0,1:52,0.0,0.0,0.0,0.0,0.0,0.0,0.0,0.0,900
386,50.0,16:24,0.8,0.8,1.0,1.0,0.0,0.0,13.0,0.0,921
386,51.0,21:34,0.1,0.14300000000000002,1.0,0.0,0.0,0.0,3.0,-14.0,941
386,52.0,15:17,0.25,0.33299999999999996,4.0,1.0,1.0,0.0,6.0,9.0,953
386,53.0,19:17,0.25,0.28600000000000003,3.0,0.0,0.0,0.0,6.0,-2.0,969
386,54.0,19:07,0.28600000000000003,0.4,4.0,0.0,0.0,0.0,6.0,-5.0,977
386,55.0,19:56,0.5,0.6,0.0,0.0,0.0,0.0,11.0,-4.0,993
386,56.0,24:16,0.5,0.5,2.0,2.0,0.0,0.0,12.0,8.0,1014
386,57.0,19:45,0.5,0.5,0.0,0.0,0.0,0.0,6.0,2.0,1030
386,58.0,11:39,0.25,0.33299999999999996,3.0,1.0,0.0,0.0,6.0,3.0,1054
386,59.0,29:25,0.25,0.14300000000000002,3.0,0.0,0.0,0.0,10.0,2.0,1061
386,60.0,18:55,0.2,0.14300000000000002,1.0,2.0,0.0,0.0,5.0,-17.0,1076
386,61.0,33:54,0.5379999999999999,0.583,3.0,2.0,0.0,0.0,21.0,15.0,1091
386,62.0,30:53,0.5379999999999999,0.545,2.0,3.0,1.0,0.0,20.0,-13.0,1104
386,63.0,29:37,0.444,0.33299999999999996,6.0,2.0,0.0,0.0,10.0,-3.0,1122
386,64.0,13:43,0.6,0.5,3.0,0.0,0.0,0.0,8.0,-6.0,1128
386,65.0,7:52,0.0,0.0,0.0,0.0,0.0,0.0,0.0,7.0,1142
386,66.0,13:53,0.33299999999999996,0.5,0.0,0.0,0.0,0.0,8.0,-7.0,1162
386,67.0,24:12,0.111,0.25,2.0,2.0,0.0,0.0,3.0,-7.0,1184
