Player_ID,G,MP,FG%,3P%,TRB,AST,STL,BLK,PTS,+/-,Game_ID
237,1.0,35:37,0.33299999999999996,0.25,6.0,7.0,2.0,1.0,9.0,2.0,8
237,2.0,35:44,0.429,0.0,4.0,9.0,1.0,0.0,7.0,1.0,12
237,3.0,33:40,0.3,0.4,1.0,5.0,3.0,0.0,8.0,-4.0,30
237,4.0,23:08,0.6,1.0,2.0,6.0,3.0,0.0,8.0,-4.0,40
237,5.0,36:58,0.16699999999999998,0.0,5.0,4.0,0.0,0.0,2.0,-5.0,45
237,6.0,35:07,0.556,0.5,7.0,5.0,0.0,0.0,11.0,-4.0,61
237,7.0,19:33,0.0,,2.0,6.0,0.0,0.0,1.0,-13.0,81
237,8.0,36:11,0.0,0.0,2.0,11.0,0.0,0.0,5.0,6.0,85
237,9.0,20:53,0.0,0.0,2.0,2.0,0.0,0.0,0.0,4.0,101
237,10.0,25:09,0.667,0.667,1.0,1.0,2.0,0.0,11.0,-8.0,116
237,11.0,15:11,0.0,0.0,1.0,4.0,2.0,0.0,0.0,-6.0,124
237,12.0,19:31,0.5,1.0,2.0,0.0,0.0,0.0,3.0,-11.0,164
237,13.0,36:00,0.636,0.667,7.0,8.0,1.0,0.0,18.0,16.0,179
237,14.0,26:31,0.28600000000000003,0.25,1.0,5.0,2.0,0.0,5.0,-2.0,192
237,15.0,20:32,0.75,,4.0,4.0,1.0,0.0,8.0,12.0,220
237,16.0,24:24,0.5,1.0,4.0,3.0,0.0,0.0,12.0,-9.0,250
237,17.0,21:34,0.5,0.5,4.0,4.0,1.0,0.0,13.0,1.0,258
237,18.0,24:06,0.556,,0.0,3.0,3.0,0.0,12.0,-3.0,264
237,19.0,21:07,0.375,0.0,3.0,4.0,1.0,1.0,8.0,2.0,293
237,20.0,9:12,0.0,0.0,0.0,1.0,1.0,0.0,0.0,-16.0,312
237,21.0,20:54,0.33299999999999996,0.0,2.0,1.0,2.0,0.0,6.0,-3.0,1199
237,22.0,17:48,0.2,0.0,3.0,6.0,0.0,0.0,4.0,2.0,345
237,23.0,16:34,0.33299999999999996,0.0,1.0,3.0,0.0,1.0,5.0,-17.0,354
237,24.0,26:24,0.375,0.0,6.0,5.0,4.0,0.0,8.0,9.0,367
237,25.0,24:10,0.444,0.0,0.0,7.0,3.0,0.0,8.0,-12.0,380
237,26.0,21:54,0.4,0.5,3.0,1.0,0.0,0.0,6.0,0.0,394
237,27.0,28:42,0.444,0.5,2.0,3.0,1.0,0.0,10.0,-14.0,407
237,28.0,29:25,0.75,0.0,2.0,8.0,1.0,0.0,16.0,17.0,428
237,29.0,25:52,0.636,0.0,5.0,1.0,1.0,0.0,19.0,13.0,434
237,30.0,27:43,0.455,0.667,3.0,4.0,2.0,0.0,15.0,6.0,450
237,31.0,20:28,0.5,0.0,4.0,4.0,2.0,0.0,12.0,4.0,476
237,32.0,28:58,0.25,0.25,1.0,1.0,1.0,0.0,8.0,-11.0,489
237,33.0,9:58,0.0,0.0,2.0,1.0,0.0,0.0,2.0,-6.0,507
237,no play,,,,,,,,,,531
237,34.0,29:09,0.636,1.0,0.0,6.0,1.0,0.0,15.0,12.0,540
237,35.0,36:56,0.5,0.0,4.0,6.0,1.0,0.0,17.0,-8.0,556
237,36.0,21:35,0.5,0.0,2.0,3.0,0.0,0.0,15.0,10.0,570
237,37.0,24:08,0.222,0.5,1.0,2.0,0.0,0.0,8.0,10.0,584
237,38.0,25:56,0.7,0.0,4.0,4.0,0.0,0.0,17.0,3.0,604
237,39.0,20:31,0.0,0.0,1.0,4.0,1.0,0.0,4.0,-15.0,615
237,no play,,,,,,,,,,640
237,40.0,22:42,0.4,0.0,4.0,5.0,1.0,0.0,13.0,-21.0,649
237,41.0,23:21,0.28600000000000003,,3.0,6.0,1.0,0.0,8.0,-1.0,665
237,42.0,22:41,0.636,0.5,3.0,6.0,1.0,0.0,19.0,-5.0,674
237,43.0,17:06,0.33299999999999996,0.0,1.0,4.0,1.0,0.0,5.0,2.0,685
237,44.0,23:00,0.429,0.667,2.0,6.0,1.0,0.0,16.0,6.0,699
237,45.0,31:37,0.33299999999999996,0.0,0.0,9.0,1.0,0.0,5.0,6.0,709
237,46.0,27:00,0.4,0.0,3.0,11.0,0.0,0.0,4.0,0.0,724
237,47.0,11:43,0.0,0.0,2.0,1.0,2.0,1.0,0.0,-15.0,732
237,48.0,28:14,0.7,0.0,5.0,3.0,2.0,0.0,18.0,-2.0,759
237,49.0,20:19,0.429,0.33299999999999996,1.0,4.0,2.0,0.0,7.0,8.0,770
237,50.0,34:38,0.615,0.5,4.0,7.0,0.0,1.0,22.0,19.0,784
237,51.0,13:44,0.5,,2.0,4.0,1.0,0.0,6.0,0.0,799
237,no play,,,,,,,,,,812
237,no play,,,,,,,,,,825
237,no play,,,,,,,,,,839
237,no play,,,,,,,,,,853
237,52.0,31:13,0.4,0.0,4.0,6.0,2.0,0.0,8.0,1.0,1231
237,53.0,22:43,0.2,0.5,4.0,2.0,0.0,0.0,4.0,-15.0,1242
237,54.0,35:19,0.385,0.0,1.0,9.0,2.0,0.0,11.0,-17.0,1264
237,55.0,32:04,0.636,0.5,3.0,9.0,0.0,0.0,15.0,8.0,866
237,56.0,37:04,0.5379999999999999,0.33299999999999996,4.0,5.0,0.0,0.0,19.0,-3.0,892
237,57.0,34:02,0.25,0.33299999999999996,2.0,6.0,4.0,0.0,13.0,-14.0,903
237,58.0,24:18,0.429,0.0,1.0,3.0,0.0,0.0,8.0,-16.0,917
237,59.0,19:49,0.4,0.0,0.0,6.0,2.0,0.0,8.0,-2.0,932
237,60.0,24:04,0.375,0.0,4.0,3.0,1.0,0.0,6.0,-11.0,944
237,no play,,,,,,,,,,957
237,61.0,26:12,0.28600000000000003,,3.0,6.0,0.0,0.0,11.0,3.0,972
237,62.0,22:17,0.5,0.0,1.0,6.0,0.0,0.0,8.0,-22.0,988
237,63.0,21:24,0.375,0.0,2.0,6.0,2.0,1.0,7.0,-21.0,1002
237,no play,,,,,,,,,,1025
237,64.0,24:23,0.889,1.0,0.0,2.0,1.0,0.0,20.0,-11.0,1041
237,no play,,,,,,,,,,1049
237,65.0,19:14,0.667,,1.0,0.0,0.0,0.0,10.0,-1.0,1061
237,66.0,20:11,0.8,0.0,1.0,3.0,1.0,0.0,11.0,-10.0,1080
237,no play,,,,,,,,,,1092
237,67.0,25:22,0.625,0.0,2.0,11.0,1.0,0.0,21.0,17.0,1100
237,no play,,,,,,,,,,1125
237,no play,,,,,,,,,,1148
237,68.0,28:28,0.583,0.0,2.0,11.0,1.0,0.0,20.0,-13.0,1161
237,69.0,30:34,0.6,1.0,10.0,12.0,1.0,0.0,22.0,15.0,1177
237,no play,,,,,,,,,,1189
