Player_ID,G,MP,FG%,3P%,TRB,AST,STL,BLK,PTS,+/-,Game_ID
166,1.0,16:26,0.857,,4.0,3.0,0.0,2.0,13.0,-8.0,2
166,2.0,20:18,0.33299999999999996,,5.0,1.0,0.0,2.0,6.0,2.0,11
166,3.0,12:04,1.0,,4.0,1.0,0.0,1.0,2.0,-4.0,23
166,4.0,24:45,0.455,,4.0,0.0,1.0,0.0,11.0,9.0,57
166,5.0,27:46,0.625,,10.0,6.0,0.0,2.0,11.0,-7.0,64
166,6.0,25:46,0.429,,5.0,2.0,1.0,1.0,6.0,-12.0,87
166,7.0,14:18,0.75,,2.0,1.0,0.0,1.0,6.0,-6.0,103
166,8.0,20:49,0.5,,4.0,0.0,2.0,1.0,11.0,15.0,121
166,9.0,15:46,0.5,,6.0,0.0,0.0,1.0,7.0,7.0,126
166,10.0,5:07,0.0,,0.0,1.0,0.0,0.0,0.0,-7.0,144
166,11.0,8:24,0.33299999999999996,,4.0,0.0,0.0,0.0,4.0,0.0,157
166,12.0,23:22,0.33299999999999996,,7.0,2.0,0.0,0.0,5.0,11.0,175
166,13.0,3:41,0.33299999999999996,,1.0,0.0,0.0,0.0,2.0,-1.0,184
166,14.0,8:41,1.0,,3.0,1.0,0.0,0.0,2.0,-3.0,201
166,15.0,7:52,0.5,,4.0,0.0,0.0,2.0,2.0,9.0,213
166,16.0,2:17,,,0.0,0.0,0.0,0.0,0.0,-1.0,236
166,17.0,25:20,0.5710000000000001,,7.0,2.0,0.0,1.0,10.0,1.0,267
166,18.0,4:57,,,1.0,0.0,0.0,0.0,1.0,-1.0,277
166,19.0,4:08,0.0,,1.0,0.0,0.0,0.0,0.0,-9.0,293
166,20.0,3:46,,,0.0,0.0,0.0,0.0,0.0,1.0,304
166,no play,,,,,,,,,,321
166,21.0,7:09,0.0,,1.0,1.0,1.0,1.0,0.0,2.0,1193
166,22.0,5:29,0.0,,3.0,1.0,0.0,0.0,0.0,-1.0,339
166,no play,,,,,,,,,,357
166,23.0,11:32,0.33299999999999996,,1.0,2.0,0.0,0.0,2.0,0.0,383
166,no play,,,,,,,,,,391
166,24.0,3:57,0.0,0.0,1.0,0.0,0.0,0.0,0.0,2.0,411
166,no play,,,,,,,,,,424
166,no play,,,,,,,,,,437
166,25.0,6:59,0.5,,0.0,0.0,0.0,0.0,2.0,-3.0,445
166,no play,,,,,,,,,,461
166,26.0,6:21,0.0,,1.0,0.0,0.0,0.0,0.0,0.0,477
166,27.0,9:40,0.75,,0.0,0.0,0.0,0.0,8.0,13.0,493
166,no play,,,,,,,,,,499
166,no play,,,,,,,,,,527
166,no play,,,,,,,,,,551
166,no play,,,,,,,,,,558
166,no play,,,,,,,,,,577
166,no play,,,,,,,,,,588
166,no play,,,,,,,,,,602
166,no play,,,,,,,,,,623
166,no play,,,,,,,,,,635
166,no play,,,,,,,,,,655
166,no play,,,,,,,,,,681
166,no play,,,,,,,,,,686
166,28.0,19:34,0.556,,3.0,2.0,1.0,1.0,10.0,3.0,701
166,29.0,14:52,0.33299999999999996,,5.0,0.0,0.0,1.0,4.0,-1.0,711
166,no play,,,,,,,,,,727
166,30.0,16:11,0.667,,5.0,1.0,0.0,1.0,4.0,8.0,738
166,31.0,4:17,0.0,,3.0,0.0,0.0,0.0,0.0,-1.0,757
166,no play,,,,,,,,,,772
166,32.0,7:43,,,2.0,1.0,0.0,0.0,0.0,0.0,799
166,33.0,6:36,1.0,,3.0,0.0,0.0,0.0,2.0,10.0,804
166,no play,,,,,,,,,,821
166,no play,,,,,,,,,,832
166,34.0,8:45,1.0,,2.0,1.0,0.0,0.0,2.0,-7.0,842
166,35.0,8:50,1.0,,0.0,4.0,0.0,0.0,4.0,3.0,855
166,no play,,,,,,,,,,1234
166,36.0,3:51,,,0.0,0.0,0.0,0.0,0.0,-1.0,1255
166,37.0,8:42,1.0,,1.0,2.0,0.0,1.0,5.0,1.0,1261
166,38.0,4:32,0.0,,0.0,0.0,1.0,0.0,0.0,-4.0,862
166,no play,,,,,,,,,,879
166,39.0,5:31,0.0,,5.0,0.0,0.0,0.0,0.0,0.0,890
166,40.0,6:26,,,1.0,1.0,0.0,0.0,0.0,-2.0,905
166,41.0,0:45,,,0.0,0.0,0.0,0.0,0.0,-2.0,919
166,42.0,1:58,1.0,,0.0,0.0,0.0,0.0,2.0,-3.0,930
166,no play,,,,,,,,,,945
166,no play,,,,,,,,,,966
166,43.0,7:00,1.0,,1.0,0.0,0.0,0.0,3.0,-5.0,982
166,no play,,,,,,,,,,997
166,44.0,6:26,0.5,,3.0,0.0,0.0,0.0,4.0,-4.0,1007
166,45.0,10:15,0.6,,3.0,2.0,0.0,1.0,6.0,8.0,1020
166,46.0,11:27,0.0,,0.0,1.0,0.0,1.0,0.0,-8.0,1036
166,no play,,,,,,,,,,1053
166,47.0,7:35,0.6,,2.0,1.0,0.0,0.0,7.0,8.0,1073
166,no play,,,,,,,,,,1089
166,48.0,8:58,1.0,,2.0,0.0,0.0,0.0,3.0,-9.0,1102
166,no play,,,,,,,,,,1130
166,no play,,,,,,,,,,1138
166,49.0,9:19,1.0,,2.0,2.0,0.0,0.0,2.0,-1.0,1150
166,50.0,7:29,0.5,,0.0,0.0,0.0,0.0,4.0,-8.0,1165
166,51.0,10:51,0.5,,2.0,0.0,0.0,0.0,5.0,-4.0,1180
