Player_ID,G,MP,FG%,3P%,TRB,AST,STL,BLK,PTS,+/-,Game_ID
207,1.0,28:18,0.636,0.0,6.0,3.0,2.0,0.0,15.0,3.0,0
207,2.0,28:48,0.4,0.5,6.0,0.0,0.0,0.0,12.0,-17.0,18
207,3.0,30:23,0.455,0.0,0.0,3.0,0.0,0.0,12.0,-16.0,33
207,4.0,32:15,0.636,1.0,4.0,2.0,2.0,2.0,22.0,4.0,45
207,5.0,29:45,0.5,0.5,4.0,2.0,3.0,2.0,16.0,-5.0,67
207,6.0,27:24,0.444,0.0,4.0,1.0,3.0,1.0,10.0,-2.0,93
207,7.0,31:54,0.364,0.5,8.0,4.0,0.0,0.0,14.0,1.0,114
207,8.0,29:03,0.28600000000000003,0.0,3.0,4.0,1.0,0.0,5.0,10.0,132
207,9.0,33:02,0.444,,8.0,6.0,1.0,0.0,11.0,2.0,146
207,10.0,33:19,0.5,0.5,2.0,2.0,0.0,1.0,14.0,-10.0,150
207,11.0,22:39,0.375,0.33299999999999996,8.0,5.0,0.0,0.0,8.0,18.0,166
207,12.0,24:48,0.111,0.25,3.0,4.0,0.0,0.0,5.0,6.0,182
207,13.0,30:15,0.14300000000000002,0.5,9.0,1.0,2.0,0.0,3.0,-5.0,195
207,14.0,31:31,0.385,0.0,2.0,7.0,1.0,1.0,17.0,-4.0,214
207,15.0,32:41,0.47100000000000003,0.2,5.0,0.0,2.0,1.0,22.0,1.0,244
207,16.0,28:40,0.429,0.4,4.0,1.0,0.0,1.0,12.0,-3.0,254
207,no play,,,,,,,,,,267
207,17.0,28:25,0.5379999999999999,,2.0,7.0,1.0,0.0,18.0,8.0,283
207,18.0,29:43,0.273,0.0,6.0,4.0,3.0,0.0,8.0,-4.0,290
207,19.0,33:40,0.214,0.4,7.0,4.0,2.0,1.0,9.0,-27.0,308
207,20.0,36:05,0.455,0.5,5.0,1.0,2.0,0.0,13.0,-11.0,326
207,21.0,35:13,0.5,0.8,2.0,5.0,1.0,1.0,27.0,4.0,1195
207,22.0,37:37,0.294,0.33299999999999996,5.0,2.0,2.0,1.0,12.0,-23.0,338
207,23.0,33:52,0.385,0.4,3.0,4.0,0.0,0.0,15.0,5.0,350
207,24.0,29:50,0.5,0.5,3.0,3.0,1.0,0.0,11.0,-3.0,363
207,25.0,32:36,0.462,0.2,5.0,3.0,0.0,4.0,15.0,11.0,377
207,no play,,,,,,,,,,397
207,26.0,29:44,0.28600000000000003,0.0,6.0,3.0,1.0,1.0,5.0,-13.0,411
207,27.0,37:56,0.65,0.6,5.0,3.0,3.0,0.0,32.0,-9.0,422
207,28.0,33:54,0.35700000000000004,0.667,1.0,6.0,1.0,1.0,14.0,18.0,440
207,29.0,29:42,0.385,0.5,3.0,1.0,1.0,0.0,11.0,-7.0,449
207,30.0,30:09,0.385,0.667,2.0,2.0,1.0,1.0,15.0,-8.0,478
207,31.0,27:48,0.5,0.33299999999999996,7.0,5.0,2.0,1.0,18.0,8.0,491
207,32.0,29:22,0.615,0.33299999999999996,4.0,6.0,0.0,1.0,19.0,3.0,499
207,33.0,28:58,0.3,0.5,1.0,5.0,1.0,2.0,11.0,-9.0,514
207,no play,,,,,,,,,,532
207,34.0,30:24,0.636,0.5,6.0,2.0,1.0,2.0,23.0,-13.0,540
207,35.0,35:24,0.308,0.0,5.0,2.0,1.0,1.0,11.0,-13.0,554
207,36.0,32:32,0.33299999999999996,0.33299999999999996,7.0,1.0,1.0,1.0,12.0,19.0,566
207,37.0,29:59,0.545,0.375,7.0,3.0,0.0,0.0,18.0,-8.0,583
207,38.0,29:49,0.5,0.2,2.0,5.0,3.0,2.0,14.0,5.0,599
207,39.0,34:13,0.353,0.25,2.0,3.0,3.0,0.0,16.0,10.0,628
207,40.0,27:35,0.5379999999999999,1.0,2.0,2.0,1.0,0.0,23.0,-14.0,642
207,no play,,,,,,,,,,660
207,no play,,,,,,,,,,673
207,no play,,,,,,,,,,687
207,no play,,,,,,,,,,704
207,no play,,,,,,,,,,710
207,41.0,19:13,0.14300000000000002,0.0,1.0,0.0,1.0,0.0,3.0,-6.0,725
207,42.0,32:24,0.364,0.2,3.0,5.0,2.0,2.0,11.0,16.0,740
207,43.0,33:46,0.556,,6.0,6.0,1.0,1.0,16.0,10.0,764
207,44.0,22:23,0.33299999999999996,0.33299999999999996,2.0,1.0,0.0,0.0,8.0,-8.0,781
207,45.0,27:06,0.273,0.0,4.0,6.0,0.0,2.0,8.0,-2.0,793
207,46.0,36:13,0.375,0.0,6.0,2.0,3.0,0.0,18.0,16.0,805
207,47.0,31:50,0.462,0.25,3.0,5.0,1.0,0.0,17.0,-8.0,816
207,48.0,31:25,0.444,0.0,3.0,2.0,2.0,1.0,13.0,4.0,829
207,49.0,32:41,0.545,0.33299999999999996,7.0,4.0,0.0,0.0,16.0,4.0,847
207,50.0,26:04,0.818,0.75,5.0,5.0,1.0,0.0,23.0,17.0,1239
207,51.0,30:58,0.0,0.0,1.0,4.0,0.0,1.0,5.0,12.0,1245
207,52.0,24:07,0.5710000000000001,1.0,4.0,4.0,2.0,0.0,10.0,-11.0,1262
207,53.0,27:57,0.667,0.667,2.0,4.0,2.0,0.0,24.0,18.0,859
207,54.0,28:22,0.28600000000000003,0.0,5.0,5.0,2.0,1.0,10.0,2.0,872
207,55.0,26:19,0.545,0.5,6.0,2.0,3.0,0.0,17.0,24.0,882
207,no play,,,,,,,,,,897
207,56.0,21:33,0.33299999999999996,0.5,1.0,0.0,0.0,0.0,6.0,-1.0,911
207,57.0,26:42,0.5,0.0,3.0,3.0,0.0,0.0,16.0,9.0,939
207,58.0,24:49,0.111,0.0,2.0,5.0,0.0,0.0,2.0,-8.0,947
207,59.0,28:22,0.444,0.33299999999999996,3.0,9.0,2.0,0.0,10.0,5.0,967
207,60.0,32:09,0.6920000000000001,0.4,2.0,3.0,0.0,2.0,23.0,20.0,985
207,61.0,30:49,0.5,0.0,3.0,3.0,1.0,0.0,14.0,-8.0,1001
207,62.0,28:58,0.41200000000000003,0.667,6.0,4.0,5.0,0.0,17.0,-2.0,1013
207,63.0,26:19,0.444,0.33299999999999996,1.0,1.0,1.0,1.0,11.0,-21.0,1028
207,64.0,31:29,0.6,0.0,4.0,2.0,3.0,0.0,24.0,4.0,1053
207,65.0,24:43,0.125,0.0,4.0,0.0,0.0,1.0,2.0,3.0,1067
207,66.0,30:30,0.41700000000000004,0.5,7.0,1.0,0.0,0.0,12.0,16.0,1075
207,67.0,27:17,0.5,0.5,3.0,2.0,1.0,0.0,15.0,1.0,1093
207,68.0,30:01,0.28600000000000003,0.75,3.0,5.0,0.0,1.0,15.0,-7.0,1110
207,69.0,28:46,0.33299999999999996,0.6,2.0,3.0,0.0,0.0,12.0,-11.0,1126
207,70.0,25:07,0.28600000000000003,0.33299999999999996,5.0,2.0,1.0,2.0,9.0,7.0,1141
207,71.0,37:09,0.4,0.6,4.0,2.0,1.0,0.0,19.0,7.0,1153
207,72.0,33:56,0.583,0.5,5.0,4.0,0.0,0.0,24.0,15.0,1166
207,73.0,18:53,0.5,,3.0,2.0,0.0,0.0,4.0,7.0,1182
