Player_ID,G,MP,FG%,3P%,TRB,AST,STL,BLK,PTS,+/-,Game_ID
384,1.0,22:56,0.8,,10.0,0.0,0.0,0.0,8.0,-2.0,8
384,2.0,38:09,0.667,,10.0,0.0,1.0,0.0,5.0,18.0,17
384,3.0,28:15,0.6,,18.0,1.0,0.0,0.0,8.0,-10.0,32
384,4.0,18:07,0.5,,7.0,1.0,0.0,0.0,4.0,-6.0,41
384,5.0,28:05,0.5,,18.0,1.0,0.0,1.0,6.0,7.0,59
384,6.0,35:54,0.625,,18.0,1.0,0.0,0.0,12.0,5.0,71
384,7.0,29:55,1.0,,12.0,0.0,3.0,0.0,9.0,-6.0,88
384,no play,,,,,,,,,,99
384,no play,,,,,,,,,,109
384,no play,,,,,,,,,,135
384,no play,,,,,,,,,,139
384,8.0,20:45,1.0,,5.0,0.0,0.0,2.0,5.0,-1.0,162
384,no play,,,,,,,,,,171
384,no play,,,,,,,,,,185
384,no play,,,,,,,,,,196
384,no play,,,,,,,,,,210
384,9.0,11:23,1.0,,7.0,0.0,0.0,0.0,6.0,-5.0,247
384,10.0,38:23,0.833,,15.0,0.0,0.0,2.0,10.0,10.0,257
384,11.0,24:50,0.6,,9.0,1.0,3.0,1.0,6.0,-11.0,284
384,12.0,19:57,1.0,,9.0,2.0,1.0,0.0,2.0,-10.0,309
384,13.0,27:42,0.429,,5.0,1.0,0.0,0.0,10.0,-12.0,330
384,14.0,31:32,0.833,,10.0,2.0,2.0,0.0,10.0,-11.0,1200
384,15.0,23:12,0.33299999999999996,,10.0,0.0,1.0,2.0,4.0,2.0,344
384,16.0,35:32,0.833,,21.0,0.0,0.0,0.0,14.0,17.0,359
384,17.0,41:16,0.625,,23.0,0.0,1.0,1.0,13.0,6.0,372
384,18.0,25:58,0.4,,8.0,0.0,2.0,0.0,4.0,-20.0,387
384,19.0,26:34,1.0,,9.0,0.0,1.0,0.0,10.0,-13.0,399
384,20.0,32:00,1.0,,12.0,0.0,0.0,0.0,9.0,-8.0,416
384,21.0,20:08,1.0,,6.0,1.0,0.0,0.0,3.0,-16.0,435
384,22.0,33:04,0.556,,12.0,1.0,0.0,0.0,15.0,13.0,453
384,23.0,19:31,0.5,,8.0,0.0,0.0,0.0,6.0,-22.0,472
384,24.0,24:42,0.667,,8.0,0.0,0.0,0.0,4.0,-17.0,487
384,25.0,26:56,0.75,,13.0,1.0,2.0,1.0,7.0,19.0,495
384,26.0,23:56,0.8,,11.0,0.0,0.0,0.0,8.0,4.0,511
384,27.0,22:52,1.0,,6.0,1.0,1.0,0.0,12.0,-6.0,524
384,28.0,32:06,0.5,,20.0,1.0,0.0,2.0,5.0,7.0,532
384,29.0,28:21,0.5,,18.0,3.0,0.0,0.0,3.0,17.0,546
384,30.0,31:55,0.5710000000000001,,15.0,0.0,0.0,1.0,10.0,16.0,569
384,31.0,37:42,0.625,,19.0,0.0,0.0,1.0,14.0,-7.0,595
384,32.0,31:18,0.5710000000000001,,15.0,1.0,1.0,0.0,8.0,0.0,608
384,no play,,,,,,,,,,625
384,33.0,29:48,0.643,,16.0,1.0,0.0,1.0,22.0,-8.0,641
384,34.0,31:39,0.4,,16.0,0.0,1.0,0.0,9.0,8.0,659
384,35.0,35:16,0.7,,9.0,2.0,1.0,0.0,16.0,18.0,668
384,36.0,35:05,1.0,,17.0,0.0,0.0,2.0,22.0,-9.0,684
384,37.0,23:12,1.0,,5.0,1.0,3.0,0.0,4.0,-13.0,697
384,38.0,39:57,0.75,,12.0,0.0,2.0,0.0,15.0,-6.0,714
384,39.0,21:38,0.0,,4.0,0.0,1.0,2.0,2.0,-15.0,729
384,40.0,27:21,1.0,,3.0,0.0,0.0,0.0,11.0,-12.0,745
384,41.0,32:13,1.0,,12.0,0.0,1.0,0.0,7.0,3.0,759
384,42.0,24:40,1.0,,14.0,3.0,0.0,0.0,5.0,1.0,767
384,43.0,23:51,0.5,,13.0,0.0,0.0,2.0,11.0,-13.0,780
384,44.0,19:31,0.25,,10.0,0.0,3.0,1.0,5.0,-9.0,794
384,45.0,11:44,0.75,,5.0,2.0,0.0,0.0,6.0,-3.0,813
384,no play,,,,,,,,,,820
384,46.0,28:13,0.33299999999999996,,8.0,2.0,0.0,1.0,4.0,-3.0,835
384,47.0,20:36,0.6,,8.0,0.0,2.0,1.0,8.0,27.0,850
384,no play,,,,,,,,,,1235
384,no play,,,,,,,,,,1251
384,no play,,,,,,,,,,1268
384,no play,,,,,,,,,,868
384,no play,,,,,,,,,,877
384,no play,,,,,,,,,,890
384,no play,,,,,,,,,,908
384,no play,,,,,,,,,,924
384,no play,,,,,,,,,,942
384,no play,,,,,,,,,,948
384,no play,,,,,,,,,,972
384,no play,,,,,,,,,,986
384,no play,,,,,,,,,,998
384,no play,,,,,,,,,,1013
384,no play,,,,,,,,,,1027
384,no play,,,,,,,,,,1036
384,no play,,,,,,,,,,1047
384,no play,,,,,,,,,,1066
384,no play,,,,,,,,,,1084
384,no play,,,,,,,,,,1101
384,no play,,,,,,,,,,1113
384,no play,,,,,,,,,,1132
384,no play,,,,,,,,,,1147
384,no play,,,,,,,,,,1160
384,no play,,,,,,,,,,1177
