Player_ID,G,MP,FG%,3P%,TRB,AST,STL,BLK,PTS,+/-,Game_ID
277,no play,,,,,,,,,,5
277,no play,,,,,,,,,,30
277,1.0,18:50,0.33299999999999996,0.0,2.0,6.0,1.0,0.0,2.0,10.0,48
277,2.0,18:08,0.2,0.0,2.0,1.0,2.0,0.0,2.0,0.0,63
277,3.0,15:40,0.0,0.0,2.0,4.0,0.0,0.0,6.0,-2.0,75
277,4.0,32:20,0.5710000000000001,0.5,5.0,7.0,5.0,0.0,12.0,0.0,97
277,5.0,30:32,0.33299999999999996,0.5,4.0,5.0,2.0,0.0,10.0,19.0,105
277,6.0,8:18,0.667,0.667,2.0,1.0,0.0,0.0,8.0,1.0,131
277,7.0,16:35,0.5,0.5,0.0,5.0,0.0,0.0,3.0,5.0,138
277,no play,,,,,,,,,,151
277,8.0,3:18,,,2.0,1.0,0.0,0.0,2.0,-1.0,168
277,9.0,2:44,,,0.0,1.0,0.0,0.0,0.0,-3.0,186
277,no play,,,,,,,,,,201
277,10.0,3:02,,,0.0,3.0,0.0,0.0,0.0,2.0,218
277,11.0,18:55,0.5,,2.0,3.0,2.0,0.0,6.0,22.0,247
277,12.0,13:00,1.0,1.0,2.0,2.0,1.0,0.0,5.0,3.0,255
277,13.0,14:10,0.5,0.5,1.0,3.0,1.0,0.0,3.0,-9.0,269
277,14.0,6:12,,,0.0,0.0,0.0,0.0,0.0,-10.0,281
277,no play,,,,,,,,,,295
277,no play,,,,,,,,,,302
277,no play,,,,,,,,,,329
277,15.0,0:35,0.0,0.0,0.0,0.0,0.0,0.0,0.0,-2.0,331
277,16.0,4:45,0.667,1.0,0.0,1.0,0.0,0.0,5.0,1.0,342
277,17.0,0:25,,,0.0,0.0,0.0,0.0,0.0,2.0,358
277,no play,,,,,,,,,,370
277,18.0,0:11,,,0.0,0.0,0.0,0.0,0.0,0.0,403
277,no play,,,,,,,,,,416
277,no play,,,,,,,,,,430
277,no play,,,,,,,,,,450
277,19.0,3:46,1.0,,1.0,1.0,0.0,0.0,2.0,8.0,464
277,20.0,7:51,0.0,0.0,1.0,0.0,0.0,0.0,0.0,-11.0,473
277,no play,,,,,,,,,,488
277,no play,,,,,,,,,,502
277,21.0,0:04,,,0.0,0.0,0.0,0.0,0.0,0.0,516
277,no play,,,,,,,,,,526
277,no play,,,,,,,,,,549
277,no play,,,,,,,,,,561
277,22.0,11:09,1.0,1.0,1.0,0.0,1.0,0.0,7.0,3.0,575
277,no play,,,,,,,,,,587
277,no play,,,,,,,,,,601
277,23.0,9:03,0.0,0.0,0.0,0.0,0.0,0.0,0.0,-3.0,611
277,no play,,,,,,,,,,630
277,24.0,12:28,0.25,1.0,0.0,4.0,0.0,0.0,4.0,5.0,645
277,25.0,19:20,0.375,1.0,0.0,4.0,1.0,1.0,9.0,-1.0,669
277,no play,,,,,,,,,,684
277,no play,,,,,,,,,,696
277,26.0,1:37,0.0,,0.0,1.0,0.0,0.0,0.0,3.0,715
277,27.0,0:04,,,0.0,0.0,0.0,0.0,0.0,2.0,726
277,28.0,3:15,,,0.0,1.0,0.0,0.0,0.0,-2.0,737
277,29.0,15:04,0.5,0.0,1.0,3.0,1.0,0.0,2.0,-2.0,754
277,30.0,24:12,0.5,0.4,3.0,6.0,2.0,1.0,10.0,3.0,769
277,31.0,31:25,0.4,0.0,1.0,9.0,2.0,0.0,5.0,-1.0,781
277,32.0,27:22,0.33299999999999996,0.25,0.0,3.0,1.0,0.0,5.0,1.0,796
277,33.0,9:30,0.0,0.0,0.0,2.0,0.0,0.0,1.0,-5.0,810
277,34.0,2:41,,,0.0,1.0,0.0,0.0,0.0,1.0,822
277,no play,,,,,,,,,,838
277,35.0,11:27,0.4,0.0,0.0,0.0,1.0,0.0,4.0,7.0,848
277,36.0,24:42,0.667,1.0,2.0,2.0,1.0,0.0,11.0,8.0,1238
277,37.0,21:07,0.25,0.2,4.0,6.0,1.0,0.0,6.0,-8.0,1248
277,38.0,27:14,0.25,0.2,1.0,6.0,1.0,0.0,6.0,23.0,1264
277,39.0,16:51,0.5,0.5,1.0,2.0,2.0,0.0,5.0,-5.0,864
277,40.0,14:10,0.25,0.0,1.0,2.0,0.0,0.0,2.0,-9.0,886
277,41.0,18:07,0.75,0.5,2.0,3.0,0.0,0.0,7.0,-1.0,915
277,42.0,10:36,0.33299999999999996,0.0,1.0,1.0,0.0,0.0,2.0,-5.0,928
277,43.0,12:21,0.0,,1.0,2.0,1.0,0.0,0.0,-4.0,938
277,44.0,8:58,0.0,,0.0,2.0,1.0,1.0,3.0,-5.0,955
277,45.0,8:47,0.5,,1.0,1.0,1.0,0.0,2.0,3.0,966
277,46.0,14:11,0.5,0.0,0.0,0.0,0.0,0.0,6.0,-9.0,985
277,47.0,11:24,0.0,,3.0,6.0,1.0,0.0,0.0,0.0,999
277,48.0,11:54,0.0,,2.0,5.0,3.0,0.0,0.0,10.0,1016
277,49.0,21:43,1.0,,1.0,2.0,3.0,0.0,8.0,5.0,1040
277,50.0,23:21,0.0,,1.0,4.0,1.0,1.0,1.0,4.0,1046
277,51.0,12:59,0.0,0.0,2.0,7.0,2.0,0.0,2.0,-4.0,1064
277,52.0,6:24,0.5,0.0,0.0,4.0,0.0,0.0,2.0,-5.0,1083
277,53.0,10:59,0.6,0.0,1.0,3.0,1.0,0.0,6.0,-13.0,1100
277,54.0,10:15,1.0,,1.0,1.0,1.0,0.0,4.0,-8.0,1114
277,55.0,16:00,0.0,0.0,2.0,3.0,0.0,0.0,0.0,-1.0,1124
277,56.0,8:13,0.33299999999999996,,0.0,1.0,1.0,0.0,2.0,-10.0,1139
277,57.0,10:55,1.0,,0.0,2.0,0.0,0.0,2.0,8.0,1146
277,58.0,9:35,0.0,,2.0,3.0,1.0,0.0,0.0,-3.0,1163
277,59.0,17:16,0.33299999999999996,0.0,2.0,3.0,1.0,0.0,2.0,3.0,1174
277,60.0,28:07,0.667,0.75,4.0,7.0,2.0,1.0,17.0,10.0,1185
