Player_ID,G,MP,FG%,3P%,TRB,AST,STL,BLK,PTS,+/-,Game_ID
141,1.0,26:03,0.25,0.0,5.0,1.0,0.0,1.0,10.0,-5.0,7
141,2.0,43:42,0.41200000000000003,0.25,5.0,2.0,2.0,1.0,21.0,-12.0,17
141,3.0,38:22,0.35,0.429,1.0,4.0,1.0,0.0,20.0,25.0,35
141,4.0,32:31,0.273,0.2,5.0,1.0,0.0,0.0,9.0,6.0,60
141,5.0,30:00,0.615,0.667,3.0,0.0,0.0,0.0,21.0,-25.0,65
141,6.0,30:44,0.556,0.5,3.0,1.0,1.0,0.0,12.0,24.0,75
141,7.0,33:22,0.667,0.5,2.0,2.0,0.0,0.0,17.0,16.0,93
141,8.0,36:00,0.375,0.556,8.0,2.0,2.0,0.0,18.0,-4.0,108
141,9.0,38:17,0.316,0.5,2.0,1.0,0.0,0.0,18.0,-6.0,122
141,10.0,30:43,0.667,0.0,1.0,2.0,1.0,0.0,12.0,4.0,137
141,11.0,22:45,0.235,0.14300000000000002,2.0,1.0,0.0,1.0,9.0,-5.0,143
141,12.0,40:14,0.667,0.7140000000000001,10.0,5.0,2.0,0.0,29.0,10.0,160
141,13.0,36:08,0.647,0.5,5.0,6.0,0.0,0.0,26.0,25.0,174
141,14.0,37:48,0.429,0.33299999999999996,5.0,6.0,2.0,0.0,14.0,4.0,191
141,15.0,39:10,0.462,0.5,4.0,4.0,2.0,1.0,14.0,12.0,207
141,16.0,36:16,0.467,0.375,6.0,2.0,1.0,2.0,18.0,-11.0,220
141,17.0,42:05,0.579,0.33299999999999996,4.0,7.0,2.0,0.0,26.0,6.0,246
141,18.0,32:45,0.6,0.6,6.0,2.0,1.0,0.0,18.0,10.0,253
141,19.0,30:52,0.364,0.0,4.0,4.0,1.0,1.0,8.0,8.0,266
141,20.0,45:28,0.625,0.556,6.0,6.0,1.0,0.0,25.0,6.0,280
141,21.0,34:44,0.4,0.125,5.0,4.0,1.0,0.0,15.0,5.0,311
141,22.0,36:24,0.4,0.25,6.0,2.0,1.0,0.0,14.0,-5.0,317
141,23.0,38:00,0.385,0.28600000000000003,7.0,1.0,0.0,0.0,12.0,0.0,341
141,24.0,9:50,0.0,,3.0,0.0,0.0,0.0,0.0,-6.0,357
141,no play,,,,,,,,,,373
141,no play,,,,,,,,,,382
141,no play,,,,,,,,,,399
141,no play,,,,,,,,,,415
141,no play,,,,,,,,,,433
141,no play,,,,,,,,,,445
141,no play,,,,,,,,,,464
141,no play,,,,,,,,,,478
141,no play,,,,,,,,,,492
141,25.0,29:02,0.444,0.4,4.0,2.0,0.0,0.0,15.0,23.0,512
141,26.0,34:46,0.583,0.5710000000000001,5.0,4.0,1.0,0.0,18.0,5.0,518
141,27.0,35:34,0.35,0.375,3.0,5.0,1.0,0.0,18.0,-6.0,534
141,28.0,41:24,0.375,0.444,7.0,2.0,1.0,0.0,17.0,-9.0,545
141,29.0,32:39,0.368,0.0,3.0,3.0,2.0,1.0,15.0,17.0,560
141,30.0,24:39,0.667,0.5,2.0,2.0,2.0,0.0,13.0,10.0,574
141,31.0,31:33,0.5,0.5710000000000001,3.0,2.0,0.0,0.0,16.0,1.0,586
141,32.0,32:44,0.444,0.25,5.0,0.0,1.0,0.0,19.0,-7.0,601
141,33.0,39:40,0.5,0.14300000000000002,1.0,2.0,2.0,1.0,23.0,-7.0,615
141,34.0,24:21,0.273,0.0,3.0,3.0,2.0,0.0,6.0,-22.0,626
141,35.0,36:33,0.47100000000000003,0.5,3.0,2.0,4.0,1.0,20.0,-18.0,639
141,36.0,30:19,0.727,1.0,4.0,1.0,2.0,0.0,18.0,18.0,678
141,37.0,35:20,0.455,0.429,4.0,2.0,2.0,2.0,15.0,18.0,691
141,38.0,36:00,0.5,0.25,3.0,3.0,3.0,0.0,17.0,10.0,695
141,39.0,37:46,0.33299999999999996,0.25,7.0,4.0,0.0,0.0,17.0,-6.0,717
141,40.0,32:05,0.41700000000000004,0.33299999999999996,4.0,1.0,4.0,1.0,15.0,-8.0,733
141,41.0,24:40,0.35700000000000004,0.16699999999999998,5.0,0.0,1.0,0.0,12.0,-14.0,746
141,42.0,34:32,0.214,0.2,3.0,3.0,2.0,0.0,7.0,9.0,756
141,43.0,38:33,0.444,0.25,12.0,3.0,2.0,2.0,24.0,8.0,773
141,44.0,36:07,0.25,0.0,5.0,2.0,1.0,1.0,14.0,-5.0,776
141,45.0,36:00,0.529,0.33299999999999996,7.0,3.0,2.0,0.0,23.0,5.0,802
141,46.0,34:40,0.6,0.5,4.0,4.0,1.0,0.0,20.0,-15.0,818
141,47.0,17:55,0.33299999999999996,0.0,1.0,0.0,0.0,0.0,6.0,-16.0,831
141,48.0,37:07,0.529,0.5,4.0,2.0,1.0,0.0,21.0,26.0,851
141,no play,,,,,,,,,,1237
141,no play,,,,,,,,,,1256
141,no play,,,,,,,,,,1269
141,no play,,,,,,,,,,869
141,no play,,,,,,,,,,877
141,no play,,,,,,,,,,893
141,49.0,25:26,0.556,0.8,5.0,0.0,0.0,0.0,16.0,10.0,906
141,50.0,27:33,0.5329999999999999,0.75,4.0,3.0,1.0,0.0,20.0,5.0,922
141,51.0,38:14,0.5329999999999999,0.5,2.0,4.0,1.0,1.0,22.0,13.0,933
141,52.0,32:28,0.563,0.75,3.0,0.0,4.0,0.0,21.0,1.0,960
141,53.0,27:34,0.6,1.0,5.0,2.0,0.0,0.0,23.0,18.0,975
141,54.0,31:02,0.267,0.2,4.0,1.0,0.0,0.0,9.0,11.0,988
141,55.0,32:52,0.429,0.667,6.0,5.0,2.0,0.0,17.0,-17.0,1009
141,56.0,31:28,0.5379999999999999,0.33299999999999996,2.0,1.0,1.0,0.0,18.0,20.0,1022
141,57.0,29:29,0.4,0.429,4.0,4.0,2.0,0.0,15.0,-10.0,1051
141,58.0,36:47,0.4,0.5,10.0,2.0,1.0,1.0,15.0,12.0,1060
141,59.0,43:41,0.294,0.16699999999999998,5.0,1.0,1.0,1.0,13.0,14.0,1072
141,60.0,33:11,0.41200000000000003,0.28600000000000003,2.0,3.0,1.0,0.0,16.0,13.0,1094
141,61.0,33:29,0.429,0.28600000000000003,3.0,6.0,2.0,0.0,19.0,-4.0,1103
141,62.0,25:05,0.28600000000000003,0.2,2.0,4.0,1.0,0.0,8.0,24.0,1120
141,63.0,39:07,0.4,0.16699999999999998,3.0,5.0,2.0,1.0,15.0,-1.0,1128
141,64.0,27:18,0.375,0.0,3.0,3.0,0.0,0.0,7.0,-22.0,1147
141,65.0,32:40,0.2,0.0,6.0,2.0,0.0,0.0,8.0,1.0,1159
141,66.0,34:06,0.5,0.2,9.0,6.0,0.0,0.0,20.0,-9.0,1174
141,67.0,24:41,0.444,0.5,3.0,3.0,1.0,1.0,10.0,-1.0,1186
