Player_ID,G,MP,FG%,3P%,TRB,AST,STL,BLK,PTS,+/-,Game_ID
401,1.0,28:05,0.25,0.0,7.0,1.0,1.0,1.0,3.0,11.0,5
401,2.0,25:28,0.5,0.33299999999999996,3.0,1.0,0.0,0.0,5.0,-10.0,24
401,3.0,31:49,0.833,0.833,2.0,1.0,1.0,1.0,18.0,20.0,37
401,4.0,14:23,0.28600000000000003,0.2,4.0,1.0,2.0,0.0,5.0,2.0,48
401,5.0,31:51,0.0,0.0,3.0,2.0,2.0,1.0,0.0,-1.0,56
401,6.0,22:38,0.28600000000000003,0.33299999999999996,7.0,3.0,0.0,1.0,5.0,0.0,70
401,7.0,25:54,0.4,0.2,5.0,1.0,1.0,0.0,11.0,-2.0,84
401,8.0,30:57,0.615,0.429,3.0,5.0,0.0,2.0,20.0,-5.0,98
401,9.0,34:12,0.636,0.2,1.0,2.0,1.0,0.0,17.0,-7.0,133
401,10.0,31:17,0.545,0.6,7.0,2.0,1.0,0.0,20.0,9.0,147
401,11.0,26:34,0.5,0.5,3.0,2.0,1.0,0.0,12.0,8.0,163
401,12.0,24:04,0.364,0.2,3.0,1.0,0.0,0.0,9.0,4.0,176
401,13.0,25:46,0.0,0.0,5.0,1.0,0.0,0.0,4.0,18.0,186
401,14.0,32:47,0.375,0.33299999999999996,5.0,5.0,1.0,0.0,10.0,5.0,197
401,15.0,38:30,0.273,0.16699999999999998,2.0,0.0,0.0,1.0,7.0,7.0,208
401,16.0,15:43,0.28600000000000003,0.25,5.0,0.0,1.0,0.0,7.0,-4.0,244
401,17.0,16:11,0.25,0.0,4.0,4.0,0.0,0.0,6.0,-5.0,254
401,18.0,20:20,0.222,0.16699999999999998,2.0,1.0,3.0,0.0,8.0,-15.0,268
401,no play,,,,,,,,,,278
401,no play,,,,,,,,,,288
401,no play,,,,,,,,,,305
401,no play,,,,,,,,,,320
401,no play,,,,,,,,,,328
401,no play,,,,,,,,,,333
401,no play,,,,,,,,,,351
401,19.0,18:10,0.25,0.25,2.0,4.0,0.0,0.0,3.0,-2.0,368
401,20.0,18:54,0.5,0.667,5.0,2.0,0.0,0.0,6.0,21.0,379
401,21.0,18:08,0.2,0.0,6.0,1.0,2.0,0.0,2.0,2.0,394
401,22.0,17:40,0.33299999999999996,0.5,2.0,1.0,0.0,0.0,6.0,3.0,408
401,23.0,14:39,0.4,0.5,2.0,2.0,2.0,1.0,6.0,1.0,424
401,24.0,16:22,0.5,0.33299999999999996,0.0,0.0,0.0,0.0,5.0,16.0,431
401,25.0,21:42,0.625,0.667,4.0,0.0,0.0,0.0,14.0,14.0,448
401,26.0,15:28,0.25,0.33299999999999996,1.0,2.0,0.0,1.0,3.0,5.0,467
401,27.0,23:09,0.2,0.16699999999999998,3.0,2.0,2.0,0.0,5.0,-7.0,477
401,28.0,21:53,0.33299999999999996,0.5,2.0,4.0,2.0,2.0,4.0,13.0,492
401,29.0,20:35,0.625,0.667,3.0,0.0,1.0,1.0,14.0,12.0,507
401,30.0,20:59,0.429,0.5,2.0,0.0,1.0,1.0,12.0,-13.0,533
401,31.0,30:12,0.4,0.6,7.0,1.0,0.0,2.0,11.0,0.0,538
401,32.0,14:18,0.16699999999999998,0.25,2.0,1.0,0.0,0.0,3.0,-3.0,555
401,33.0,24:50,0.33299999999999996,0.33299999999999996,1.0,3.0,1.0,0.0,3.0,1.0,568
401,34.0,29:24,0.5,0.75,3.0,1.0,1.0,1.0,11.0,-17.0,586
401,35.0,21:22,0.33299999999999996,0.0,2.0,1.0,0.0,0.0,3.0,3.0,600
401,36.0,30:34,0.5,0.4,1.0,2.0,0.0,1.0,10.0,-1.0,616
401,37.0,29:49,0.444,0.5,2.0,1.0,3.0,0.0,12.0,-4.0,633
401,38.0,22:18,0.6,0.5,4.0,2.0,2.0,0.0,11.0,15.0,649
401,39.0,19:53,0.16699999999999998,0.0,3.0,2.0,0.0,0.0,8.0,-21.0,661
401,40.0,30:19,0.5,0.0,3.0,3.0,0.0,1.0,7.0,-2.0,690
401,41.0,24:39,0.5,1.0,2.0,1.0,1.0,0.0,13.0,3.0,708
401,42.0,29:35,0.0,0.0,2.0,0.0,1.0,0.0,0.0,10.0,713
401,43.0,27:48,0.16699999999999998,0.5,5.0,5.0,3.0,0.0,5.0,20.0,729
401,44.0,26:18,0.667,1.0,5.0,6.0,0.0,1.0,14.0,16.0,743
401,45.0,19:01,0.5,0.25,0.0,3.0,0.0,1.0,7.0,-6.0,756
401,46.0,30:58,0.429,0.6,3.0,1.0,1.0,1.0,11.0,9.0,769
401,47.0,24:03,0.33299999999999996,0.2,6.0,2.0,0.0,4.0,7.0,-2.0,783
401,no play,,,,,,,,,,794
401,48.0,18:32,0.0,0.0,2.0,0.0,0.0,0.0,0.0,-12.0,809
401,49.0,19:32,0.625,0.8,3.0,1.0,2.0,0.0,14.0,5.0,828
401,50.0,24:46,0.14300000000000002,0.2,3.0,2.0,0.0,1.0,5.0,2.0,846
401,51.0,23:32,0.5,0.667,3.0,2.0,1.0,1.0,11.0,-3.0,1233
401,52.0,26:11,0.33299999999999996,0.0,2.0,2.0,1.0,0.0,6.0,13.0,1252
401,53.0,2:00,0.0,,0.0,0.0,0.0,0.0,0.0,-1.0,1268
401,54.0,27:07,0.429,0.5,2.0,2.0,0.0,0.0,10.0,5.0,875
401,55.0,23:44,0.33299999999999996,0.5,2.0,2.0,1.0,1.0,8.0,-11.0,885
401,56.0,21:06,0.2,0.33299999999999996,2.0,0.0,1.0,0.0,3.0,3.0,900
401,57.0,23:47,0.33299999999999996,0.0,2.0,3.0,0.0,0.0,4.0,-17.0,921
401,58.0,20:42,0.2,0.0,2.0,2.0,3.0,0.0,4.0,3.0,941
401,59.0,30:06,1.0,1.0,5.0,2.0,3.0,0.0,24.0,9.0,953
401,60.0,29:11,0.429,0.25,3.0,2.0,0.0,1.0,7.0,11.0,969
401,61.0,29:00,0.5,0.0,0.0,1.0,1.0,2.0,3.0,19.0,977
401,62.0,30:14,0.33299999999999996,0.28600000000000003,4.0,3.0,2.0,0.0,10.0,13.0,993
401,63.0,34:04,0.222,0.0,2.0,4.0,2.0,1.0,4.0,-27.0,1014
401,64.0,25:20,0.3,0.375,2.0,1.0,1.0,0.0,9.0,6.0,1030
401,65.0,33:41,0.5710000000000001,0.33299999999999996,3.0,2.0,1.0,0.0,9.0,-16.0,1054
401,66.0,28:05,0.28600000000000003,0.33299999999999996,4.0,0.0,0.0,1.0,7.0,-4.0,1061
401,67.0,33:02,0.625,0.667,8.0,0.0,1.0,0.0,21.0,27.0,1076
401,68.0,31:57,0.14300000000000002,0.25,8.0,5.0,1.0,1.0,3.0,2.0,1091
401,no play,,,,,,,,,,1104
401,69.0,26:39,0.75,0.667,2.0,2.0,0.0,0.0,8.0,-2.0,1122
401,70.0,24:44,0.3,0.28600000000000003,2.0,2.0,0.0,0.0,10.0,-3.0,1128
401,71.0,28:18,0.8,0.8,4.0,3.0,1.0,2.0,12.0,7.0,1142
401,72.0,22:26,0.5,0.667,1.0,0.0,0.0,0.0,6.0,2.0,1162
401,73.0,22:14,0.25,0.25,2.0,4.0,0.0,0.0,5.0,7.0,1184
