Player_ID,G,MP,FG%,3P%,TRB,AST,STL,BLK,PTS,+/-,Game_ID
466,no play,,,,,,,,,,913
466,no play,,,,,,,,,,936
466,1.0,14:31,0.0,0.0,3.0,1.0,0.0,0.0,2.0,-6.0,962
466,2.0,13:29,0.5,0.5,1.0,0.0,1.0,0.0,3.0,-3.0,967
466,3.0,18:58,0.8,0.75,1.0,0.0,1.0,0.0,11.0,6.0,984
466,4.0,1:09,,,0.0,0.0,0.0,0.0,2.0,-1.0,993
466,5.0,16:16,0.33299999999999996,0.0,2.0,0.0,1.0,0.0,4.0,-12.0,1014
466,no play,,,,,,,,,,1030
466,6.0,0:39,0.0,0.0,0.0,0.0,0.0,0.0,0.0,-3.0,1054
466,no play,,,,,,,,,,1061
466,7.0,4:02,0.0,0.0,0.0,0.0,0.0,0.0,0.0,-7.0,1076
466,8.0,2:16,,,0.0,0.0,0.0,0.0,0.0,-2.0,1091
466,9.0,27:20,0.4,0.0,2.0,3.0,1.0,0.0,5.0,4.0,1104
466,10.0,23:49,0.375,0.25,0.0,1.0,2.0,1.0,10.0,2.0,1122
466,11.0,23:08,0.33299999999999996,0.0,3.0,3.0,0.0,0.0,6.0,0.0,1128
466,12.0,31:38,0.7140000000000001,,2.0,2.0,0.0,0.0,13.0,11.0,1142
466,13.0,27:31,0.222,0.0,1.0,2.0,0.0,0.0,5.0,-20.0,1162
466,14.0,31:13,0.5710000000000001,0.667,1.0,1.0,0.0,0.0,10.0,-12.0,1184
