Player_ID,G,MP,FG%,3P%,TRB,AST,STL,BLK,PTS,+/-,Game_ID
426,1.0,39:37,0.188,0.2,5.0,3.0,3.0,0.0,13.0,-18.0,1
426,2.0,37:24,0.28600000000000003,0.125,4.0,1.0,1.0,0.0,13.0,-6.0,19
426,3.0,40:46,0.36,0.2,4.0,3.0,2.0,0.0,25.0,4.0,36
426,4.0,35:42,0.444,0.6,1.0,2.0,0.0,1.0,12.0,-13.0,58
426,5.0,28:46,0.16699999999999998,0.5,0.0,1.0,0.0,0.0,7.0,-19.0,72
426,6.0,43:39,0.17600000000000002,0.214,1.0,1.0,3.0,0.0,9.0,17.0,86
426,7.0,38:09,0.4,0.25,3.0,7.0,2.0,0.0,9.0,10.0,100
426,no play,,,,,,,,,,112
426,8.0,34:02,0.33299999999999996,0.4,5.0,1.0,2.0,0.0,8.0,-16.0,142
426,9.0,37:33,0.467,0.462,3.0,0.0,2.0,0.0,22.0,-10.0,157
426,10.0,31:26,0.3,0.28600000000000003,2.0,1.0,1.0,0.0,9.0,-15.0,176
426,11.0,35:58,0.364,0.5,4.0,2.0,0.0,0.0,13.0,-5.0,183
426,12.0,39:52,0.462,0.429,5.0,4.0,1.0,0.0,20.0,2.0,202
426,13.0,30:27,0.6,1.0,4.0,2.0,0.0,1.0,18.0,-11.0,216
426,14.0,28:47,0.25,0.28600000000000003,2.0,3.0,1.0,0.0,6.0,-32.0,238
426,15.0,38:56,0.5,0.75,3.0,3.0,0.0,0.0,21.0,20.0,261
426,16.0,36:36,0.42100000000000004,0.455,2.0,1.0,2.0,1.0,26.0,4.0,282
426,17.0,39:26,0.267,0.091,3.0,2.0,0.0,0.0,14.0,-10.0,286
426,18.0,34:54,0.529,0.636,3.0,2.0,2.0,0.0,26.0,20.0,306
426,19.0,34:55,0.385,0.444,5.0,3.0,0.0,0.0,16.0,2.0,322
426,20.0,33:26,0.6,0.667,4.0,1.0,1.0,1.0,16.0,-20.0,1199
426,21.0,36:21,0.5,0.5,4.0,3.0,1.0,0.0,26.0,5.0,343
426,22.0,35:02,0.364,0.385,3.0,2.0,1.0,0.0,26.0,-15.0,352
426,23.0,32:26,0.7140000000000001,0.7140000000000001,4.0,0.0,2.0,0.0,25.0,22.0,365
426,24.0,37:34,0.2,0.0,2.0,4.0,4.0,0.0,4.0,2.0,381
426,25.0,33:08,0.364,0.429,2.0,1.0,3.0,0.0,13.0,-13.0,398
426,26.0,34:32,0.462,0.375,2.0,1.0,1.0,0.0,15.0,10.0,407
426,27.0,36:26,0.273,0.33299999999999996,0.0,5.0,1.0,0.0,9.0,-28.0,417
426,28.0,40:30,0.375,0.14300000000000002,4.0,3.0,3.0,0.0,16.0,2.0,436
426,29.0,39:42,0.375,0.125,6.0,2.0,3.0,1.0,16.0,3.0,455
426,30.0,35:49,0.364,0.429,2.0,2.0,2.0,0.0,17.0,-12.0,471
426,31.0,28:35,0.5379999999999999,0.429,1.0,1.0,1.0,0.0,19.0,-17.0,479
426,32.0,35:19,0.429,0.444,6.0,2.0,0.0,0.0,20.0,14.0,496
426,33.0,29:45,0.35700000000000004,0.5,2.0,1.0,3.0,0.0,14.0,-12.0,506
426,34.0,38:12,0.455,0.5,2.0,2.0,0.0,1.0,12.0,-6.0,529
426,35.0,35:52,0.25,0.125,2.0,2.0,1.0,2.0,9.0,-5.0,546
426,36.0,32:42,0.25,0.429,4.0,1.0,0.0,0.0,9.0,-16.0,562
426,37.0,36:52,0.14300000000000002,0.0,4.0,5.0,0.0,0.0,2.0,0.0,575
426,38.0,38:11,0.5,0.5,0.0,5.0,1.0,0.0,18.0,16.0,595
426,39.0,35:28,0.467,0.5,7.0,1.0,0.0,1.0,19.0,-1.0,611
426,40.0,40:09,0.4,0.6,4.0,2.0,0.0,0.0,11.0,-10.0,629
426,41.0,36:34,0.5,0.444,5.0,1.0,0.0,1.0,18.0,-9.0,642
426,42.0,38:59,0.4,0.25,8.0,3.0,1.0,0.0,11.0,-13.0,653
426,43.0,14:20,0.556,0.6,2.0,2.0,1.0,0.0,13.0,11.0,667
426,no play,,,,,,,,,,693
426,no play,,,,,,,,,,695
426,44.0,30:53,0.6,0.4,7.0,3.0,2.0,0.0,17.0,6.0,722
426,45.0,37:09,0.375,0.222,4.0,2.0,0.0,0.0,21.0,15.0,728
426,46.0,30:36,0.33299999999999996,0.25,6.0,1.0,0.0,0.0,9.0,22.0,742
426,47.0,40:11,0.47100000000000003,0.5,6.0,3.0,0.0,0.0,27.0,-2.0,760
426,48.0,33:59,0.375,0.33299999999999996,7.0,8.0,1.0,0.0,10.0,-11.0,782
426,49.0,38:53,0.529,0.429,2.0,5.0,1.0,0.0,23.0,3.0,787
426,50.0,42:05,0.6,0.33299999999999996,6.0,5.0,1.0,0.0,15.0,-6.0,803
426,51.0,24:48,0.7,0.75,4.0,6.0,1.0,0.0,20.0,24.0,819
426,52.0,35:18,0.41700000000000004,0.2,7.0,3.0,0.0,0.0,18.0,-5.0,832
426,53.0,37:18,0.308,0.0,2.0,3.0,2.0,0.0,8.0,2.0,845
426,54.0,36:46,0.222,0.2,5.0,3.0,0.0,1.0,7.0,-10.0,1238
426,55.0,29:45,0.429,0.33299999999999996,2.0,3.0,1.0,0.0,10.0,-1.0,1246
426,56.0,33:59,0.25,0.5,4.0,1.0,2.0,0.0,9.0,4.0,1262
426,no play,,,,,,,,,,858
426,no play,,,,,,,,,,875
426,57.0,32:12,0.375,0.25,0.0,4.0,3.0,0.0,9.0,10.0,893
426,58.0,25:17,0.556,0.7140000000000001,2.0,2.0,0.0,0.0,15.0,18.0,907
426,59.0,33:08,0.182,0.16699999999999998,7.0,3.0,2.0,0.0,9.0,10.0,931
426,60.0,34:30,0.16699999999999998,0.25,7.0,3.0,1.0,0.0,7.0,-15.0,942
426,61.0,17:42,0.2,0.0,1.0,4.0,0.0,0.0,2.0,-7.0,952
426,no play,,,,,,,,,,964
426,62.0,24:19,0.125,0.0,2.0,2.0,0.0,0.0,3.0,-32.0,980
426,63.0,36:13,0.556,0.667,5.0,3.0,1.0,0.0,15.0,-3.0,996
426,64.0,32:35,0.375,0.4,3.0,4.0,2.0,0.0,8.0,-11.0,1015
426,65.0,34:46,0.125,0.25,4.0,6.0,1.0,1.0,5.0,8.0,1029
426,66.0,34:13,0.16699999999999998,0.0,6.0,5.0,3.0,2.0,4.0,-6.0,1044
426,67.0,37:27,0.385,0.222,4.0,4.0,1.0,0.0,15.0,-11.0,1060
426,68.0,36:51,0.5,0.5,3.0,4.0,0.0,0.0,10.0,-5.0,1077
426,69.0,35:29,0.5,0.5,3.0,7.0,0.0,1.0,13.0,0.0,1091
426,70.0,34:07,0.3,0.222,1.0,6.0,0.0,0.0,8.0,-5.0,1105
426,no play,,,,,,,,,,1125
426,71.0,36:13,0.444,0.75,5.0,6.0,0.0,0.0,11.0,-7.0,1133
426,72.0,16:13,0.6,,4.0,5.0,0.0,0.0,6.0,6.0,1144
426,73.0,19:06,0.3,0.125,1.0,2.0,0.0,0.0,7.0,-9.0,1160
426,no play,,,,,,,,,,1175
