Player_ID,G,MP,FG%,3P%,TRB,AST,STL,BLK,PTS,+/-,Game_ID
92,1.0,33:50,0.429,0.5,5.0,3.0,1.0,0.0,19.0,-4.0,5
92,2.0,36:30,0.5,0.429,5.0,2.0,0.0,0.0,21.0,-3.0,30
92,3.0,29:14,0.611,0.556,4.0,2.0,0.0,0.0,31.0,28.0,48
92,4.0,35:40,0.308,0.33299999999999996,5.0,3.0,1.0,0.0,14.0,-2.0,63
92,5.0,26:24,0.16699999999999998,0.33299999999999996,2.0,2.0,1.0,0.0,4.0,-24.0,75
92,6.0,39:47,0.313,0.2,2.0,1.0,0.0,0.0,17.0,-12.0,97
92,7.0,36:25,0.636,0.778,4.0,3.0,1.0,0.0,37.0,5.0,105
92,8.0,40:02,0.467,0.2,3.0,4.0,2.0,1.0,15.0,-5.0,131
92,no play,,,,,,,,,,138
92,9.0,33:00,0.43799999999999994,0.5,2.0,2.0,0.0,0.0,19.0,-1.0,151
92,10.0,38:59,0.35700000000000004,0.14300000000000002,1.0,1.0,1.0,1.0,11.0,15.0,168
92,11.0,36:37,0.563,0.5,1.0,3.0,2.0,0.0,22.0,-16.0,186
92,12.0,38:00,0.33299999999999996,0.0,3.0,4.0,1.0,1.0,11.0,-5.0,201
92,13.0,37:09,0.409,0.2,1.0,3.0,1.0,0.0,26.0,-21.0,218
92,14.0,35:54,0.462,0.0,3.0,0.0,1.0,0.0,13.0,11.0,247
92,15.0,39:20,0.542,0.41700000000000004,3.0,3.0,1.0,0.0,31.0,-19.0,255
92,16.0,44:08,0.529,0.33299999999999996,8.0,8.0,1.0,0.0,28.0,-2.0,269
92,17.0,42:17,0.385,0.2,2.0,1.0,1.0,0.0,17.0,7.0,281
92,18.0,39:30,0.5,0.28600000000000003,2.0,3.0,1.0,0.0,23.0,-7.0,295
92,19.0,43:31,0.35,0.33299999999999996,2.0,3.0,2.0,1.0,17.0,5.0,302
92,20.0,37:58,0.563,0.5,2.0,1.0,0.0,0.0,25.0,-4.0,329
92,21.0,39:04,0.6,0.375,2.0,6.0,0.0,0.0,29.0,-16.0,331
92,22.0,35:11,0.5,0.0,3.0,5.0,1.0,0.0,14.0,-9.0,342
92,23.0,42:16,0.42100000000000004,0.556,3.0,4.0,0.0,0.0,25.0,-13.0,358
92,24.0,43:09,0.556,0.25,6.0,6.0,0.0,1.0,24.0,3.0,370
92,25.0,44:47,0.5,0.429,2.0,6.0,1.0,0.0,24.0,-1.0,403
92,26.0,36:25,0.43799999999999994,0.5,4.0,3.0,1.0,1.0,23.0,8.0,416
92,27.0,38:18,0.41700000000000004,0.5,4.0,2.0,1.0,1.0,18.0,6.0,430
92,28.0,39:02,0.619,0.583,6.0,2.0,1.0,0.0,40.0,-11.0,450
92,29.0,31:04,0.455,0.6,1.0,2.0,1.0,0.0,16.0,-21.0,464
92,30.0,30:48,0.43799999999999994,0.667,1.0,3.0,1.0,0.0,21.0,27.0,473
92,31.0,40:17,0.41200000000000003,0.25,1.0,5.0,1.0,0.0,17.0,-1.0,488
92,32.0,39:13,0.529,0.667,2.0,4.0,0.0,0.0,24.0,10.0,502
92,33.0,35:40,0.41700000000000004,0.4,3.0,1.0,1.0,0.0,13.0,-1.0,516
92,34.0,40:26,0.55,0.375,4.0,1.0,1.0,1.0,28.0,7.0,526
92,35.0,37:01,0.214,0.33299999999999996,5.0,3.0,0.0,0.0,8.0,-18.0,549
92,36.0,38:18,0.47600000000000003,0.33299999999999996,9.0,4.0,1.0,0.0,24.0,-8.0,561
92,37.0,28:34,0.28600000000000003,0.25,6.0,5.0,1.0,0.0,5.0,-4.0,575
92,no play,,,,,,,,,,587
92,no play,,,,,,,,,,601
92,38.0,33:39,0.375,0.75,5.0,1.0,1.0,0.0,11.0,-1.0,611
92,39.0,35:00,0.5710000000000001,0.4,4.0,2.0,0.0,0.0,18.0,1.0,630
92,40.0,39:30,0.231,0.16699999999999998,6.0,2.0,1.0,0.0,9.0,-3.0,645
92,41.0,32:53,0.25,0.0,2.0,1.0,2.0,0.0,4.0,-7.0,669
92,42.0,33:55,0.556,0.25,1.0,4.0,2.0,0.0,11.0,4.0,684
92,43.0,41:44,0.41200000000000003,0.33299999999999996,3.0,5.0,1.0,1.0,23.0,2.0,696
92,44.0,36:36,0.545,0.5,7.0,2.0,2.0,1.0,20.0,8.0,715
92,45.0,43:04,0.33299999999999996,0.16699999999999998,3.0,0.0,1.0,0.0,11.0,3.0,726
92,46.0,37:12,0.222,0.0,3.0,4.0,1.0,0.0,8.0,-25.0,737
92,47.0,31:32,0.6920000000000001,0.0,4.0,4.0,0.0,0.0,20.0,-4.0,754
92,no play,,,,,,,,,,769
92,no play,,,,,,,,,,781
92,no play,,,,,,,,,,796
92,no play,,,,,,,,,,810
92,no play,,,,,,,,,,822
92,no play,,,,,,,,,,838
92,no play,,,,,,,,,,848
92,no play,,,,,,,,,,1238
92,no play,,,,,,,,,,1248
92,no play,,,,,,,,,,1264
92,no play,,,,,,,,,,864
92,no play,,,,,,,,,,886
92,no play,,,,,,,,,,915
92,no play,,,,,,,,,,928
92,no play,,,,,,,,,,938
92,no play,,,,,,,,,,955
92,no play,,,,,,,,,,966
92,no play,,,,,,,,,,985
92,no play,,,,,,,,,,999
92,no play,,,,,,,,,,1016
92,no play,,,,,,,,,,1040
92,no play,,,,,,,,,,1046
92,no play,,,,,,,,,,1064
92,no play,,,,,,,,,,1083
92,no play,,,,,,,,,,1100
92,no play,,,,,,,,,,1114
92,no play,,,,,,,,,,1124
92,no play,,,,,,,,,,1139
92,no play,,,,,,,,,,1146
92,no play,,,,,,,,,,1163
92,no play,,,,,,,,,,1174
92,no play,,,,,,,,,,1185
