Player_ID,G,MP,FG%,3P%,TRB,AST,STL,BLK,PTS,+/-,Game_ID
345,1.0,20:05,1.0,,3.0,1.0,0.0,0.0,2.0,-3.0,
345,2.0,17:23,0.667,,11.0,1.0,0.0,0.0,10.0,-2.0,21
345,3.0,22:13,0.2,,10.0,4.0,0.0,0.0,5.0,-7.0,32
345,4.0,18:51,0.667,,6.0,2.0,0.0,0.0,5.0,2.0,50
345,5.0,22:37,1.0,,10.0,5.0,2.0,3.0,8.0,5.0,65
345,6.0,19:02,,,3.0,3.0,0.0,0.0,0.0,4.0,74
345,7.0,11:13,0.5,,1.0,1.0,0.0,0.0,2.0,-13.0,95
345,8.0,13:23,0.5,,4.0,4.0,0.0,0.0,2.0,2.0,112
345,9.0,13:46,1.0,,4.0,0.0,4.0,0.0,4.0,14.0,115
345,10.0,11:56,0.33299999999999996,,6.0,1.0,0.0,0.0,4.0,-6.0,139
345,11.0,15:53,0.667,,1.0,2.0,0.0,0.0,8.0,7.0,161
345,12.0,21:03,0.4,,13.0,3.0,2.0,0.0,4.0,19.0,175
345,13.0,16:46,0.28600000000000003,,10.0,4.0,1.0,0.0,4.0,5.0,187
345,14.0,13:59,0.5,,7.0,1.0,0.0,0.0,6.0,18.0,198
345,15.0,17:57,0.667,,3.0,2.0,3.0,0.0,6.0,22.0,219
345,16.0,20:39,0.2,,6.0,4.0,0.0,3.0,2.0,-2.0,249
345,17.0,24:35,0.33299999999999996,,4.0,3.0,1.0,1.0,6.0,14.0,255
345,18.0,16:14,1.0,,6.0,1.0,0.0,1.0,4.0,2.0,270
345,19.0,8:23,0.0,,3.0,1.0,0.0,1.0,2.0,-14.0,291
345,20.0,14:43,0.6,,3.0,1.0,3.0,0.0,7.0,17.0,309
345,21.0,18:25,0.33299999999999996,,5.0,5.0,3.0,1.0,3.0,17.0,324
345,22.0,21:40,0.5,0.0,5.0,3.0,0.0,1.0,4.0,17.0,1201
345,23.0,22:05,0.33299999999999996,,4.0,3.0,0.0,0.0,2.0,11.0,335
345,no play,,,,,,,,,,351
345,no play,,,,,,,,,,358
345,no play,,,,,,,,,,371
345,no play,,,,,,,,,,388
345,24.0,16:45,0.33299999999999996,,7.0,0.0,1.0,1.0,4.0,21.0,405
345,25.0,14:57,0.0,,3.0,1.0,0.0,0.0,2.0,13.0,427
345,26.0,26:28,0.667,,14.0,4.0,0.0,1.0,15.0,18.0,438
345,27.0,18:56,1.0,,8.0,0.0,1.0,0.0,7.0,-6.0,446
345,28.0,12:51,0.667,,5.0,1.0,0.0,0.0,4.0,2.0,462
345,29.0,17:41,0.6,,3.0,3.0,0.0,0.0,8.0,8.0,490
345,30.0,18:20,0.16699999999999998,,5.0,0.0,1.0,0.0,2.0,11.0,506
345,31.0,19:26,0.5,,9.0,1.0,0.0,0.0,11.0,17.0,525
345,32.0,18:49,0.7140000000000001,,3.0,1.0,1.0,3.0,13.0,10.0,539
345,33.0,30:07,0.75,,5.0,2.0,0.0,0.0,10.0,-9.0,555
345,34.0,22:07,0.8,,7.0,2.0,3.0,0.0,10.0,15.0,570
345,35.0,23:41,0.6,,6.0,3.0,1.0,0.0,8.0,7.0,583
345,36.0,24:29,0.5,,5.0,1.0,2.0,1.0,7.0,15.0,596
345,37.0,20:35,0.28600000000000003,,13.0,1.0,1.0,0.0,4.0,24.0,624
345,38.0,18:56,0.2,,6.0,2.0,1.0,0.0,5.0,8.0,639
345,39.0,20:26,0.6,,9.0,2.0,2.0,0.0,10.0,20.0,651
345,40.0,20:03,0.875,,5.0,1.0,2.0,0.0,14.0,5.0,666
345,41.0,26:58,0.33299999999999996,,10.0,2.0,2.0,0.0,6.0,-6.0,673
345,42.0,13:25,0.0,,4.0,1.0,0.0,1.0,2.0,-11.0,692
345,43.0,14:25,0.667,,6.0,3.0,1.0,0.0,4.0,13.0,712
345,44.0,23:30,0.6,,5.0,2.0,4.0,0.0,14.0,12.0,723
345,no play,,,,,,,,,,747
345,no play,,,,,,,,,,751
345,no play,,,,,,,,,,770
345,no play,,,,,,,,,,798
345,no play,,,,,,,,,,809
345,no play,,,,,,,,,,818
345,no play,,,,,,,,,,833
345,no play,,,,,,,,,,853
345,45.0,18:08,1.0,,4.0,1.0,1.0,4.0,6.0,9.0,1230
345,46.0,20:18,0.6,,9.0,3.0,0.0,1.0,8.0,30.0,1249
345,47.0,14:30,1.0,,5.0,2.0,1.0,1.0,16.0,1.0,1259
345,48.0,18:09,0.5,,8.0,0.0,1.0,0.0,12.0,-6.0,1265
345,49.0,14:07,0.5710000000000001,,5.0,0.0,1.0,0.0,8.0,0.0,867
345,50.0,18:20,0.833,,1.0,2.0,1.0,1.0,10.0,14.0,889
345,51.0,14:51,0.5,,5.0,2.0,0.0,0.0,6.0,11.0,898
345,52.0,18:32,0.2,,6.0,3.0,0.0,1.0,2.0,4.0,919
345,53.0,25:43,1.0,,5.0,3.0,3.0,1.0,9.0,4.0,928
345,54.0,20:02,0.444,,12.0,3.0,1.0,1.0,11.0,-18.0,940
345,55.0,12:28,0.0,,5.0,1.0,2.0,1.0,2.0,-11.0,963
345,56.0,21:24,0.625,,10.0,3.0,1.0,0.0,10.0,18.0,979
345,57.0,12:05,0.6,,4.0,2.0,1.0,0.0,8.0,-8.0,995
345,58.0,14:20,0.25,,2.0,1.0,0.0,0.0,2.0,-3.0,1009
345,59.0,14:29,1.0,,6.0,0.0,0.0,0.0,6.0,5.0,1015
345,60.0,19:00,0.25,,8.0,3.0,2.0,1.0,4.0,13.0,1041
345,61.0,11:51,0.5,,5.0,0.0,0.0,0.0,2.0,-3.0,1054
345,62.0,14:27,1.0,,3.0,2.0,0.0,0.0,2.0,1.0,1068
345,63.0,17:43,0.28600000000000003,,4.0,2.0,1.0,0.0,6.0,3.0,1078
345,64.0,11:59,0.33299999999999996,,1.0,0.0,0.0,0.0,2.0,-5.0,1096
345,65.0,13:42,0.6,,5.0,1.0,1.0,0.0,8.0,8.0,1112
345,66.0,19:14,0.6,,7.0,0.0,0.0,0.0,6.0,7.0,1124
345,67.0,18:02,0.5,,3.0,2.0,0.0,1.0,4.0,6.0,1132
345,68.0,21:59,0.5,,9.0,3.0,0.0,0.0,2.0,6.0,1156
345,69.0,24:57,0.6,,6.0,3.0,0.0,1.0,8.0,1.0,1172
345,70.0,12:13,0.667,0.0,6.0,2.0,0.0,1.0,6.0,16.0,1190
