Player_ID,G,MP,FG%,3P%,TRB,AST,STL,BLK,PTS,+/-,Game_ID
269,no play,,,,,,,,,,1
269,no play,,,,,,,,,,15
269,no play,,,,,,,,,,26
269,1.0,15:37,0.429,0.33299999999999996,1.0,2.0,0.0,1.0,8.0,0.0,43
269,2.0,14:02,0.75,1.0,0.0,5.0,1.0,0.0,8.0,2.0,62
269,3.0,21:36,0.5710000000000001,0.5,0.0,0.0,0.0,1.0,10.0,6.0,79
269,4.0,20:47,0.14300000000000002,0.0,2.0,7.0,1.0,1.0,4.0,1.0,91
269,5.0,12:16,0.33299999999999996,,1.0,5.0,0.0,0.0,2.0,-4.0,106
269,6.0,18:21,0.33299999999999996,0.0,0.0,0.0,1.0,0.0,2.0,9.0,117
269,7.0,14:59,0.375,0.4,1.0,2.0,0.0,0.0,9.0,-12.0,126
269,8.0,17:09,0.222,0.33299999999999996,0.0,4.0,1.0,0.0,7.0,14.0,141
269,9.0,11:12,0.5710000000000001,0.25,0.0,2.0,1.0,0.0,9.0,2.0,156
269,10.0,12:27,0.33299999999999996,0.0,3.0,2.0,0.0,0.0,4.0,-8.0,171
269,11.0,12:40,0.667,0.667,1.0,1.0,0.0,0.0,10.0,-12.0,191
269,12.0,20:05,0.429,0.5,0.0,3.0,1.0,0.0,9.0,-9.0,198
269,13.0,6:24,0.667,,0.0,0.0,0.0,0.0,4.0,-7.0,212
269,14.0,20:35,0.28600000000000003,0.2,1.0,3.0,2.0,0.0,5.0,2.0,245
269,15.0,16:09,0.5,0.0,4.0,3.0,2.0,1.0,6.0,14.0,260
269,16.0,21:24,0.6,0.6,3.0,0.0,0.0,0.0,16.0,6.0,285
269,17.0,5:21,0.0,,1.0,0.0,0.0,0.0,3.0,4.0,313
269,18.0,12:00,0.0,0.0,1.0,1.0,1.0,0.0,0.0,-3.0,324
269,19.0,11:36,0.0,,0.0,2.0,1.0,0.0,0.0,5.0,1200
269,20.0,15:13,0.33299999999999996,0.5,3.0,2.0,0.0,0.0,5.0,1.0,343
269,21.0,13:19,0.16699999999999998,0.0,2.0,2.0,2.0,0.0,3.0,-2.0,348
269,22.0,13:08,0.4,0.25,3.0,1.0,0.0,0.0,5.0,8.0,361
269,23.0,17:12,0.28600000000000003,0.0,0.0,0.0,1.0,0.0,4.0,-12.0,377
269,24.0,12:37,0.0,0.0,1.0,5.0,0.0,0.0,0.0,-1.0,385
269,25.0,17:30,0.429,0.0,0.0,3.0,0.0,0.0,6.0,6.0,400
269,26.0,8:48,0.0,0.0,1.0,3.0,0.0,0.0,0.0,-4.0,413
269,27.0,10:59,0.5,0.0,0.0,3.0,1.0,0.0,4.0,1.0,421
269,28.0,12:43,0.0,0.0,2.0,2.0,1.0,0.0,2.0,-3.0,437
269,29.0,24:07,0.75,0.75,4.0,7.0,0.0,1.0,19.0,8.0,470
269,30.0,10:08,0.0,,0.0,2.0,0.0,1.0,0.0,-2.0,481
269,31.0,13:07,0.6,0.5,1.0,2.0,0.0,0.0,8.0,-9.0,497
269,32.0,17:53,0.667,0.667,2.0,2.0,0.0,1.0,14.0,11.0,515
269,33.0,14:34,0.5,1.0,0.0,2.0,0.0,0.0,4.0,10.0,528
269,34.0,17:25,0.5710000000000001,0.33299999999999996,0.0,2.0,0.0,1.0,9.0,-20.0,541
269,35.0,16:07,0.33299999999999996,,3.0,2.0,0.0,0.0,2.0,3.0,557
269,36.0,23:13,0.6,0.4,0.0,6.0,3.0,0.0,14.0,0.0,591
269,37.0,11:07,0.25,0.0,1.0,2.0,0.0,0.0,2.0,-4.0,621
269,38.0,14:03,0.33299999999999996,0.5,1.0,1.0,1.0,0.0,3.0,2.0,640
269,39.0,12:42,0.33299999999999996,0.5,2.0,2.0,1.0,0.0,3.0,5.0,654
269,40.0,5:38,0.33299999999999996,0.0,0.0,1.0,0.0,0.0,2.0,-5.0,664
269,no play,,,,,,,,,,677
269,41.0,13:06,0.0,0.0,3.0,0.0,0.0,0.0,0.0,-1.0,696
269,42.0,10:30,0.0,0.0,1.0,0.0,0.0,0.0,0.0,0.0,699
269,43.0,11:48,0.33299999999999996,0.0,1.0,1.0,0.0,0.0,2.0,-5.0,718
269,no play,,,,,,,,,,736
269,44.0,13:42,0.33299999999999996,0.5,0.0,3.0,0.0,0.0,5.0,-8.0,753
269,45.0,16:50,0.4,0.33299999999999996,1.0,2.0,0.0,0.0,5.0,4.0,763
269,no play,,,,,,,,,,776
269,no play,,,,,,,,,,789
269,no play,,,,,,,,,,811
269,no play,,,,,,,,,,815
269,no play,,,,,,,,,,827
269,46.0,7:48,0.33299999999999996,0.5,1.0,0.0,0.0,0.0,4.0,-1.0,841
269,no play,,,,,,,,,,854
269,47.0,1:44,0.0,0.0,0.0,0.0,0.0,0.0,0.0,-9.0,1233
269,48.0,0:50,,,0.0,0.0,0.0,0.0,0.0,0.0,1245
269,no play,,,,,,,,,,1263
269,no play,,,,,,,,,,863
269,no play,,,,,,,,,,888
269,49.0,9:57,0.25,0.0,1.0,2.0,1.0,0.0,2.0,3.0,901
269,50.0,2:34,,,0.0,0.0,0.0,0.0,0.0,-3.0,916
269,no play,,,,,,,,,,927
269,no play,,,,,,,,,,947
269,no play,,,,,,,,,,961
269,51.0,2:20,,,0.0,0.0,0.0,0.0,0.0,-2.0,965
269,52.0,10:20,0.4,1.0,1.0,1.0,0.0,0.0,5.0,-1.0,1000
269,53.0,10:58,0.0,0.0,1.0,4.0,0.0,0.0,0.0,-5.0,1006
269,54.0,12:57,0.33299999999999996,0.0,1.0,1.0,1.0,0.0,3.0,-8.0,1020
269,55.0,15:19,0.5,0.6,0.0,1.0,0.0,0.0,11.0,-2.0,1035
269,56.0,22:20,0.8,,2.0,1.0,0.0,0.0,10.0,8.0,1052
269,57.0,9:32,0.0,,0.0,1.0,0.0,0.0,0.0,-10.0,1064
269,58.0,28:28,0.4,0.8,2.0,1.0,1.0,0.0,18.0,10.0,1076
269,59.0,15:12,0.444,0.33299999999999996,3.0,2.0,0.0,0.0,11.0,-9.0,1086
269,60.0,14:28,0.0,0.0,2.0,2.0,0.0,1.0,0.0,-3.0,1111
269,61.0,11:46,0.5,1.0,1.0,2.0,0.0,0.0,3.0,-3.0,1118
269,62.0,19:14,0.6,1.0,2.0,1.0,0.0,0.0,10.0,0.0,1136
269,63.0,16:35,0.0,0.0,1.0,4.0,0.0,0.0,0.0,6.0,1151
269,64.0,12:17,0.5,1.0,0.0,2.0,0.0,0.0,3.0,-4.0,1164
269,65.0,16:53,0.667,0.5,0.0,0.0,0.0,0.0,5.0,7.0,1187
