Player_ID,G,MP,FG%,3P%,TRB,AST,STL,BLK,PTS,+/-,Game_ID
224,1.0,35:06,0.41700000000000004,0.667,8.0,4.0,1.0,1.0,12.0,-10.0,0
224,2.0,29:09,0.5,0.5,7.0,0.0,2.0,0.0,17.0,-10.0,16
224,3.0,25:34,0.429,0.33299999999999996,3.0,2.0,3.0,1.0,8.0,-21.0,25
224,4.0,31:38,0.3,0.0,2.0,4.0,3.0,0.0,7.0,11.0,44
224,5.0,30:43,0.5,0.33299999999999996,10.0,3.0,1.0,1.0,13.0,2.0,61
224,6.0,24:27,0.429,0.5,4.0,4.0,0.0,1.0,9.0,-20.0,77
224,7.0,30:26,0.4,0.25,4.0,4.0,1.0,1.0,15.0,-7.0,92
224,8.0,30:38,0.222,0.0,4.0,0.0,0.0,1.0,7.0,-13.0,105
224,9.0,24:34,0.444,0.0,7.0,1.0,2.0,2.0,9.0,0.0,120
224,10.0,21:34,0.556,0.33299999999999996,1.0,1.0,0.0,0.0,12.0,-2.0,137
224,11.0,22:03,0.455,0.25,3.0,1.0,0.0,0.0,11.0,0.0,141
224,12.0,26:10,0.364,0.5,4.0,3.0,1.0,1.0,10.0,12.0,155
224,13.0,25:13,0.4,0.5,4.0,1.0,0.0,0.0,5.0,7.0,183
224,14.0,21:06,0.2,0.0,4.0,0.0,1.0,0.0,5.0,-7.0,200
224,15.0,20:24,0.364,0.33299999999999996,2.0,0.0,0.0,1.0,9.0,-6.0,210
224,16.0,24:55,0.4,0.25,7.0,1.0,0.0,0.0,9.0,8.0,237
224,17.0,31:58,0.0,0.0,8.0,3.0,1.0,0.0,0.0,4.0,259
224,18.0,18:51,0.556,1.0,3.0,0.0,0.0,0.0,11.0,11.0,275
224,19.0,20:49,0.5,0.0,3.0,2.0,0.0,1.0,8.0,12.0,288
224,20.0,25:14,0.643,0.5,2.0,0.0,0.0,1.0,20.0,18.0,292
224,21.0,22:06,0.5,0.0,3.0,0.0,0.0,0.0,10.0,-12.0,310
224,22.0,28:07,0.444,1.0,5.0,2.0,1.0,2.0,9.0,-2.0,325
224,23.0,25:39,0.222,0.33299999999999996,3.0,4.0,1.0,0.0,5.0,-19.0,1193
224,24.0,28:57,0.5,0.5,3.0,2.0,2.0,0.0,9.0,-15.0,337
224,25.0,22:28,0.5710000000000001,0.33299999999999996,6.0,3.0,1.0,0.0,11.0,-4.0,347
224,26.0,18:15,0.5,0.33299999999999996,3.0,2.0,0.0,1.0,7.0,0.0,369
224,27.0,40:20,0.619,0.5,7.0,2.0,1.0,0.0,33.0,-1.0,376
224,28.0,28:55,0.33299999999999996,0.2,5.0,2.0,1.0,0.0,13.0,6.0,390
224,29.0,20:04,0.33299999999999996,0.25,1.0,0.0,0.0,0.0,7.0,0.0,410
224,30.0,28:02,0.5,0.33299999999999996,5.0,1.0,0.0,0.0,12.0,1.0,422
224,31.0,18:45,0.375,0.0,2.0,1.0,0.0,0.0,6.0,-11.0,439
224,32.0,23:36,0.3,0.5,7.0,0.0,1.0,1.0,9.0,7.0,443
224,33.0,34:13,0.7859999999999999,1.0,2.0,1.0,1.0,1.0,30.0,9.0,467
224,34.0,25:00,0.2,0.0,4.0,2.0,0.0,0.0,2.0,-11.0,482
224,35.0,27:40,0.4,0.2,6.0,0.0,2.0,1.0,13.0,-4.0,515
224,36.0,31:50,0.42100000000000004,0.3,6.0,6.0,1.0,0.0,22.0,8.0,521
224,37.0,25:02,0.545,0.5,10.0,2.0,0.0,0.0,15.0,-11.0,535
224,38.0,35:47,0.5,0.33299999999999996,6.0,7.0,1.0,0.0,18.0,6.0,550
224,39.0,24:00,0.0,0.0,6.0,1.0,0.0,0.0,2.0,-9.0,572
224,40.0,39:12,0.647,0.5,3.0,3.0,0.0,0.0,28.0,-4.0,589
224,41.0,36:16,0.4,,7.0,0.0,0.0,1.0,8.0,20.0,603
224,42.0,39:19,0.5710000000000001,0.5,4.0,2.0,1.0,0.0,21.0,11.0,610
224,43.0,27:47,0.33299999999999996,0.0,4.0,2.0,2.0,0.0,4.0,-16.0,622
224,44.0,30:51,0.462,0.25,8.0,4.0,1.0,0.0,14.0,-7.0,636
224,45.0,32:06,0.43799999999999994,0.0,7.0,3.0,2.0,0.0,17.0,-2.0,648
224,46.0,33:48,0.28600000000000003,0.0,3.0,5.0,1.0,1.0,8.0,-38.0,666
224,47.0,35:40,0.41700000000000004,0.33299999999999996,6.0,2.0,0.0,0.0,13.0,-2.0,682
224,48.0,22:46,0.308,0.33299999999999996,6.0,0.0,1.0,0.0,13.0,-23.0,701
224,49.0,26:09,0.375,0.33299999999999996,3.0,1.0,0.0,0.0,7.0,14.0,720
224,50.0,27:56,0.364,0.2,6.0,1.0,0.0,0.0,12.0,4.0,726
224,51.0,31:32,0.375,0.0,0.0,1.0,1.0,1.0,7.0,-2.0,736
224,52.0,28:17,0.0,0.0,3.0,1.0,0.0,1.0,1.0,7.0,752
224,53.0,25:38,0.5,0.5,3.0,3.0,2.0,0.0,16.0,-19.0,762
224,54.0,19:20,0.6,0.33299999999999996,2.0,4.0,0.0,0.0,7.0,-5.0,786
224,no play,,,,,,,,,,801
224,no play,,,,,,,,,,819
224,55.0,29:26,0.5,0.0,6.0,3.0,2.0,1.0,8.0,8.0,829
224,56.0,32:41,0.33299999999999996,0.0,6.0,2.0,0.0,1.0,11.0,-21.0,840
224,57.0,29:29,0.444,0.0,9.0,2.0,0.0,2.0,9.0,-14.0,
224,58.0,23:33,0.636,0.0,3.0,3.0,2.0,0.0,18.0,27.0,1243
224,59.0,23:49,0.33299999999999996,0.0,5.0,0.0,0.0,0.0,10.0,-13.0,856
224,60.0,32:03,0.529,0.25,10.0,1.0,0.0,1.0,21.0,18.0,872
224,61.0,34:32,0.385,0.2,11.0,3.0,1.0,0.0,15.0,-2.0,891
224,62.0,29:54,0.5329999999999999,0.16699999999999998,5.0,4.0,0.0,1.0,17.0,8.0,896
224,63.0,28:49,0.5710000000000001,0.0,4.0,0.0,2.0,0.0,13.0,10.0,909
224,64.0,28:13,0.5710000000000001,0.0,5.0,0.0,0.0,0.0,20.0,-18.0,925
224,65.0,30:57,0.5,0.0,5.0,3.0,0.0,0.0,16.0,-8.0,937
224,66.0,29:03,0.4,0.667,3.0,2.0,2.0,0.0,17.0,2.0,957
224,67.0,21:17,0.28600000000000003,0.0,3.0,1.0,0.0,0.0,6.0,-17.0,979
224,68.0,34:07,0.583,0.33299999999999996,4.0,0.0,1.0,4.0,17.0,7.0,986
224,69.0,31:35,0.5710000000000001,,3.0,4.0,0.0,1.0,17.0,3.0,1005
224,70.0,28:39,0.375,0.25,3.0,2.0,0.0,0.0,7.0,5.0,1019
224,71.0,29:40,0.727,0.0,4.0,2.0,0.0,1.0,16.0,28.0,1034
224,72.0,36:12,0.5379999999999999,0.0,1.0,0.0,2.0,0.0,16.0,-7.0,1057
224,73.0,40:31,0.455,0.2,6.0,1.0,4.0,1.0,13.0,-13.0,1072
224,74.0,36:21,0.45799999999999996,0.6,16.0,1.0,1.0,2.0,32.0,0.0,1089
224,75.0,35:26,0.5,0.5710000000000001,15.0,5.0,2.0,0.0,22.0,9.0,1099
224,76.0,32:09,0.35700000000000004,0.5,5.0,0.0,0.0,0.0,12.0,-26.0,1117
224,77.0,32:39,0.6,0.0,6.0,2.0,3.0,0.0,21.0,15.0,1135
224,78.0,37:29,0.5379999999999999,0.33299999999999996,4.0,3.0,2.0,1.0,17.0,-10.0,1151
224,79.0,28:37,0.667,,6.0,2.0,0.0,0.0,10.0,-29.0,1167
224,80.0,34:54,0.55,0.429,12.0,0.0,1.0,2.0,32.0,17.0,1178
