Player_ID,G,MP,FG%,3P%,TRB,AST,STL,BLK,PTS,+/-,Game_ID
317,no play,,,,,,,,,,
317,no play,,,,,,,,,,20
317,no play,,,,,,,,,,31
317,no play,,,,,,,,,,49
317,no play,,,,,,,,,,58
317,no play,,,,,,,,,,73
317,no play,,,,,,,,,,83
317,no play,,,,,,,,,,89
317,no play,,,,,,,,,,104
317,no play,,,,,,,,,,120
317,no play,,,,,,,,,,132
317,no play,,,,,,,,,,147
317,no play,,,,,,,,,,169
317,no play,,,,,,,,,,180
317,no play,,,,,,,,,,193
317,no play,,,,,,,,,,217
317,no play,,,,,,,,,,242
317,no play,,,,,,,,,,269
317,no play,,,,,,,,,,276
317,no play,,,,,,,,,,290
317,no play,,,,,,,,,,307
317,no play,,,,,,,,,,323
317,no play,,,,,,,,,,330
317,no play,,,,,,,,,,335
317,no play,,,,,,,,,,354
317,no play,,,,,,,,,,382
317,no play,,,,,,,,,,398
317,no play,,,,,,,,,,408
317,no play,,,,,,,,,,427
317,no play,,,,,,,,,,434
317,no play,,,,,,,,,,452
317,no play,,,,,,,,,,480
317,no play,,,,,,,,,,494
317,no play,,,,,,,,,,511
317,1.0,3:07,0.0,0.0,0.0,0.0,0.0,0.0,0.0,-2.0,520
317,no play,,,,,,,,,,527
317,2.0,3:59,1.0,,1.0,0.0,0.0,0.0,4.0,-2.0,542
317,3.0,6:45,0.667,,0.0,1.0,0.0,0.0,4.0,2.0,561
317,4.0,2:08,,,0.0,0.0,0.0,0.0,0.0,5.0,568
317,no play,,,,,,,,,,581
317,5.0,4:44,0.25,0.0,0.0,0.0,0.0,0.0,2.0,5.0,605
317,6.0,14:46,0.6,1.0,6.0,1.0,1.0,0.0,8.0,11.0,610
317,7.0,9:04,0.0,,0.0,0.0,0.0,0.0,0.0,-5.0,625
317,8.0,12:09,0.33299999999999996,0.33299999999999996,2.0,0.0,0.0,0.0,7.0,0.0,653
317,9.0,19:19,0.625,0.25,4.0,1.0,1.0,0.0,13.0,4.0,664
317,10.0,24:46,0.5710000000000001,0.0,2.0,2.0,0.0,1.0,13.0,4.0,678
317,11.0,22:22,0.556,0.0,2.0,0.0,2.0,1.0,13.0,-1.0,683
317,12.0,13:42,0.556,0.5,1.0,1.0,0.0,0.0,11.0,10.0,698
317,13.0,15:44,0.8,1.0,2.0,0.0,0.0,0.0,15.0,1.0,713
317,14.0,24:41,0.28600000000000003,0.25,4.0,0.0,2.0,0.0,6.0,4.0,744
317,15.0,19:37,0.111,0.0,1.0,0.0,1.0,0.0,3.0,-2.0,766
317,16.0,20:53,0.6,0.33299999999999996,1.0,4.0,0.0,1.0,7.0,8.0,778
317,17.0,22:56,0.5,0.33299999999999996,5.0,0.0,2.0,0.0,13.0,12.0,795
317,18.0,22:10,0.455,0.33299999999999996,3.0,1.0,0.0,0.0,12.0,-21.0,803
317,19.0,17:43,0.25,0.0,1.0,0.0,0.0,0.0,3.0,-12.0,821
317,20.0,22:02,0.375,0.5,2.0,1.0,1.0,0.0,7.0,-10.0,834
317,21.0,16:00,0.33299999999999996,1.0,2.0,1.0,2.0,0.0,5.0,-7.0,849
317,22.0,12:36,0.5,0.0,0.0,2.0,0.0,0.0,2.0,3.0,1236
317,23.0,10:10,0.5,0.0,1.0,0.0,0.0,0.0,4.0,-1.0,1253
317,24.0,15:12,0.556,0.5,2.0,1.0,1.0,0.0,13.0,1.0,1269
317,25.0,27:46,0.273,0.0,7.0,2.0,0.0,0.0,8.0,-23.0,864
317,26.0,22:39,0.273,0.667,6.0,0.0,1.0,0.0,8.0,-6.0,876
317,27.0,15:27,0.5,0.0,3.0,1.0,2.0,0.0,7.0,-9.0,892
317,28.0,16:09,0.33299999999999996,0.4,8.0,0.0,0.0,0.0,10.0,-3.0,904
317,29.0,14:54,0.5,0.4,4.0,0.0,0.0,0.0,10.0,2.0,914
317,30.0,23:32,0.455,0.6,7.0,2.0,0.0,0.0,21.0,12.0,933
317,31.0,11:25,0.0,,5.0,0.0,0.0,1.0,2.0,7.0,956
317,32.0,13:04,0.25,0.0,3.0,3.0,0.0,0.0,5.0,-8.0,968
317,33.0,20:45,0.33299999999999996,0.0,4.0,1.0,0.0,0.0,8.0,-6.0,974
317,34.0,19:20,0.364,0.33299999999999996,4.0,0.0,0.0,0.0,10.0,2.0,992
317,35.0,15:31,0.5,,4.0,0.0,0.0,0.0,9.0,6.0,1006
317,36.0,18:48,0.0,0.0,3.0,2.0,1.0,0.0,0.0,15.0,1026
317,37.0,12:32,0.33299999999999996,0.0,1.0,0.0,0.0,0.0,3.0,-11.0,1042
317,no play,,,,,,,,,,1062
317,38.0,8:42,0.33299999999999996,,1.0,0.0,1.0,0.0,3.0,6.0,1080
317,no play,,,,,,,,,,1095
317,no play,,,,,,,,,,1106
317,39.0,21:46,0.33299999999999996,1.0,7.0,1.0,0.0,0.0,5.0,4.0,1123
317,no play,,,,,,,,,,1146
317,40.0,10:30,0.25,,4.0,2.0,0.0,0.0,3.0,2.0,1155
317,41.0,18:26,0.2,0.0,5.0,0.0,0.0,0.0,3.0,3.0,1172
317,42.0,5:14,1.0,1.0,2.0,0.0,0.0,1.0,3.0,2.0,1188
