Player_ID,G,MP,FG%,3P%,TRB,AST,STL,BLK,PTS,+/-,Game_ID
392,1.0,24:09,0.5,,7.0,2.0,1.0,0.0,8.0,-13.0,8
392,2.0,14:12,0.25,,0.0,0.0,0.0,1.0,3.0,-19.0,17
392,3.0,18:28,0.28600000000000003,,8.0,1.0,1.0,3.0,6.0,3.0,32
392,4.0,24:51,0.308,,6.0,1.0,1.0,0.0,13.0,-14.0,41
392,5.0,21:26,0.6,0.0,6.0,1.0,0.0,3.0,18.0,-7.0,59
392,6.0,14:47,0.25,,10.0,1.0,0.0,0.0,4.0,-6.0,71
392,7.0,18:05,0.5,,11.0,0.0,1.0,1.0,5.0,-5.0,88
392,8.0,16:33,0.2,,9.0,0.0,0.0,0.0,4.0,-20.0,99
392,9.0,37:04,0.7,,14.0,0.0,3.0,1.0,16.0,9.0,109
392,10.0,29:22,0.4,,11.0,0.0,0.0,2.0,10.0,-10.0,135
392,11.0,18:09,0.8,,6.0,3.0,0.0,0.0,9.0,-5.0,139
392,12.0,21:28,0.5,,4.0,0.0,0.0,1.0,7.0,-3.0,162
392,13.0,22:29,0.7140000000000001,,10.0,1.0,1.0,3.0,10.0,0.0,171
392,14.0,24:44,0.5710000000000001,,7.0,1.0,1.0,2.0,9.0,-16.0,185
392,15.0,30:56,0.6,,10.0,3.0,1.0,3.0,11.0,-9.0,196
392,16.0,34:56,0.6,,12.0,0.0,0.0,2.0,17.0,-2.0,210
392,17.0,29:09,0.5,0.0,11.0,0.0,0.0,4.0,6.0,-15.0,247
392,18.0,29:09,0.2,,10.0,0.0,1.0,2.0,5.0,3.0,257
392,19.0,23:10,0.75,,10.0,0.0,1.0,2.0,6.0,13.0,284
392,20.0,17:11,0.33299999999999996,,1.0,2.0,0.0,0.0,5.0,-15.0,309
392,21.0,20:54,0.444,,4.0,0.0,0.0,0.0,14.0,1.0,330
392,22.0,16:13,0.4,,2.0,0.0,0.0,2.0,9.0,-6.0,1200
392,23.0,34:06,0.6,,14.0,2.0,1.0,4.0,14.0,10.0,344
392,24.0,15:15,0.2,,4.0,1.0,0.0,1.0,6.0,-13.0,359
392,no play,,,,,,,,,,372
392,no play,,,,,,,,,,387
392,25.0,13:53,0.5,,7.0,0.0,1.0,1.0,8.0,-14.0,399
392,26.0,19:30,0.0,,5.0,0.0,0.0,2.0,1.0,0.0,416
392,27.0,23:31,0.8,,5.0,0.0,1.0,4.0,9.0,3.0,435
392,28.0,17:34,0.75,,7.0,2.0,0.0,1.0,8.0,-17.0,453
392,29.0,19:33,1.0,,6.0,0.0,1.0,1.0,6.0,-3.0,472
392,30.0,19:54,0.5,,5.0,2.0,1.0,0.0,6.0,1.0,487
392,31.0,21:04,0.4,,6.0,0.0,0.0,1.0,5.0,-11.0,495
392,32.0,22:40,0.4,,4.0,0.0,0.0,1.0,4.0,-7.0,511
392,33.0,20:22,0.5,,7.0,0.0,1.0,0.0,10.0,-7.0,524
392,34.0,15:54,0.5710000000000001,,8.0,0.0,0.0,3.0,9.0,2.0,532
392,35.0,17:08,0.5,,7.0,0.0,0.0,1.0,14.0,-2.0,546
392,36.0,6:10,0.33299999999999996,,0.0,0.0,0.0,1.0,2.0,-10.0,569
392,37.0,10:14,0.75,,3.0,0.0,0.0,1.0,7.0,2.0,595
392,38.0,21:01,0.5,0.0,4.0,0.0,0.0,0.0,4.0,-1.0,608
392,39.0,20:50,0.75,,5.0,0.0,0.0,2.0,6.0,2.0,625
392,40.0,7:58,0.667,,3.0,0.0,0.0,1.0,4.0,-4.0,641
392,41.0,9:48,0.0,,3.0,0.0,0.0,1.0,4.0,-5.0,659
392,42.0,20:48,0.667,,10.0,0.0,0.0,0.0,4.0,-3.0,668
392,43.0,23:53,0.8,,10.0,0.0,0.0,0.0,11.0,6.0,684
392,44.0,10:48,0.4,,3.0,2.0,0.0,0.0,4.0,-9.0,697
392,45.0,8:03,0.0,,2.0,0.0,0.0,1.0,0.0,-5.0,714
392,46.0,21:15,0.5,,7.0,0.0,1.0,1.0,6.0,-10.0,729
392,47.0,6:20,0.0,,3.0,1.0,0.0,0.0,1.0,2.0,745
392,48.0,15:47,0.5,,5.0,0.0,1.0,1.0,2.0,-1.0,759
392,49.0,11:14,0.6,,1.0,0.0,0.0,0.0,6.0,-17.0,767
392,50.0,8:55,0.25,,5.0,0.0,0.0,1.0,2.0,8.0,780
392,51.0,28:16,0.625,1.0,5.0,0.0,1.0,2.0,11.0,-7.0,794
392,no play,,,,,,,,,,813
392,52.0,19:45,0.556,,9.0,2.0,0.0,1.0,13.0,-24.0,820
392,53.0,19:26,0.4,,7.0,0.0,0.0,1.0,10.0,1.0,835
392,54.0,22:47,0.5,,9.0,2.0,0.0,2.0,15.0,-4.0,850
392,55.0,34:39,0.33299999999999996,0.0,7.0,1.0,0.0,2.0,4.0,-11.0,1235
392,56.0,14:08,0.28600000000000003,,9.0,0.0,2.0,0.0,6.0,-2.0,1251
392,57.0,25:18,0.5710000000000001,,5.0,1.0,1.0,0.0,12.0,-4.0,1268
392,58.0,15:44,0.667,,5.0,1.0,0.0,0.0,5.0,-10.0,868
392,59.0,12:38,0.5,0.0,2.0,1.0,0.0,0.0,6.0,-1.0,877
392,60.0,13:03,0.429,,2.0,1.0,0.0,0.0,8.0,-6.0,890
392,61.0,21:34,0.75,,11.0,0.0,1.0,4.0,8.0,12.0,908
392,62.0,22:26,0.5710000000000001,,6.0,0.0,1.0,1.0,8.0,-6.0,924
392,no play,,,,,,,,,,942
392,no play,,,,,,,,,,948
392,63.0,17:12,0.75,,8.0,0.0,2.0,0.0,6.0,-3.0,972
392,64.0,28:02,0.25,,9.0,2.0,3.0,2.0,9.0,-4.0,986
392,65.0,21:22,0.455,0.5,7.0,1.0,0.0,0.0,11.0,-7.0,998
392,66.0,35:33,0.385,0.0,11.0,0.0,0.0,4.0,12.0,-14.0,1013
392,67.0,25:13,0.667,1.0,11.0,1.0,2.0,2.0,11.0,-3.0,1027
392,68.0,25:35,0.8,,6.0,2.0,0.0,2.0,11.0,-15.0,1036
392,69.0,21:38,0.6,,3.0,0.0,0.0,1.0,8.0,-14.0,1047
392,70.0,25:08,0.33299999999999996,0.0,7.0,0.0,3.0,1.0,12.0,-6.0,1066
392,71.0,18:04,1.0,,3.0,0.0,0.0,1.0,12.0,-6.0,1084
392,72.0,15:46,0.833,,7.0,0.0,0.0,2.0,12.0,-10.0,1101
392,73.0,27:53,0.33299999999999996,,12.0,0.0,0.0,4.0,10.0,-9.0,1113
392,74.0,12:05,0.5,,4.0,0.0,0.0,0.0,8.0,-13.0,1132
392,75.0,21:14,0.33299999999999996,,10.0,1.0,1.0,1.0,9.0,9.0,1147
392,76.0,28:14,0.7140000000000001,,10.0,1.0,0.0,2.0,14.0,10.0,1160
392,77.0,15:59,0.28600000000000003,,7.0,1.0,1.0,1.0,4.0,-16.0,1177
