Player_ID,G,MP,FG%,3P%,TRB,AST,STL,BLK,PTS,+/-,Game_ID
283,1.0,13:24,0.5,1.0,1.0,0.0,0.0,0.0,3.0,5.0,7
283,no play,,,,,,,,,,17
283,2.0,1:49,1.0,,0.0,0.0,1.0,0.0,5.0,0.0,35
283,3.0,7:54,1.0,1.0,0.0,0.0,0.0,0.0,6.0,4.0,60
283,4.0,19:20,0.16699999999999998,0.16699999999999998,3.0,1.0,0.0,0.0,5.0,-13.0,65
283,5.0,17:16,0.0,,2.0,2.0,1.0,0.0,1.0,-4.0,75
283,6.0,16:59,0.222,0.14300000000000002,2.0,0.0,1.0,0.0,5.0,-5.0,93
283,7.0,4:50,1.0,1.0,0.0,0.0,0.0,0.0,3.0,-3.0,108
283,8.0,12:56,0.5,0.0,1.0,0.0,0.0,0.0,3.0,6.0,122
283,9.0,18:55,0.429,0.25,3.0,0.0,0.0,0.0,7.0,-2.0,137
283,10.0,17:20,0.14300000000000002,0.2,1.0,1.0,0.0,0.0,5.0,-11.0,143
283,11.0,14:30,0.5,0.667,0.0,1.0,1.0,0.0,7.0,0.0,160
283,12.0,22:06,0.4,0.28600000000000003,2.0,0.0,0.0,0.0,10.0,2.0,174
283,13.0,22:34,0.444,0.0,0.0,1.0,1.0,0.0,8.0,-1.0,191
283,14.0,6:49,0.0,0.0,0.0,1.0,0.0,1.0,0.0,-9.0,207
283,15.0,3:51,0.0,0.0,0.0,0.0,0.0,0.0,0.0,-5.0,220
283,no play,,,,,,,,,,246
283,16.0,0:49,,,0.0,0.0,0.0,0.0,0.0,0.0,253
283,no play,,,,,,,,,,266
283,no play,,,,,,,,,,280
283,no play,,,,,,,,,,311
283,no play,,,,,,,,,,317
283,no play,,,,,,,,,,341
283,17.0,5:12,,,0.0,0.0,0.0,0.0,0.0,0.0,357
283,18.0,13:23,0.28600000000000003,0.2,2.0,1.0,0.0,0.0,5.0,-7.0,373
283,19.0,2:49,0.5,0.5,0.0,0.0,0.0,0.0,3.0,-2.0,382
283,20.0,12:28,0.0,0.0,1.0,0.0,0.0,0.0,0.0,-3.0,399
283,21.0,17:15,0.375,0.2,1.0,0.0,1.0,0.0,9.0,3.0,415
283,22.0,29:37,0.5,0.455,3.0,1.0,1.0,0.0,18.0,13.0,433
283,23.0,6:10,0.5,1.0,2.0,1.0,0.0,0.0,3.0,-2.0,445
283,24.0,20:41,0.33299999999999996,0.429,2.0,0.0,1.0,0.0,10.0,-5.0,464
283,25.0,22:26,0.556,0.5710000000000001,2.0,0.0,0.0,1.0,14.0,3.0,478
283,26.0,26:31,0.182,0.25,3.0,0.0,0.0,0.0,10.0,-14.0,492
283,27.0,11:46,0.8,0.8,1.0,0.0,2.0,1.0,12.0,11.0,512
283,28.0,13:52,0.33299999999999996,0.5,2.0,1.0,1.0,0.0,6.0,-9.0,518
283,29.0,21:15,0.33299999999999996,0.4,1.0,0.0,2.0,0.0,6.0,0.0,534
283,30.0,17:06,0.5,0.0,2.0,0.0,0.0,0.0,3.0,1.0,545
283,31.0,19:31,0.25,0.33299999999999996,2.0,3.0,1.0,0.0,7.0,-1.0,560
283,32.0,18:53,0.5,0.33299999999999996,2.0,2.0,0.0,1.0,7.0,-4.0,574
283,33.0,16:34,0.667,0.667,0.0,0.0,0.0,0.0,6.0,9.0,586
283,34.0,4:13,0.0,,0.0,0.0,0.0,0.0,0.0,-3.0,601
283,35.0,17:08,0.6,0.75,3.0,1.0,1.0,0.0,13.0,9.0,615
283,36.0,13:32,0.25,0.0,0.0,1.0,1.0,0.0,4.0,-5.0,626
283,37.0,13:40,1.0,,1.0,0.0,1.0,0.0,2.0,-2.0,639
283,38.0,13:19,0.25,0.25,1.0,0.0,0.0,0.0,3.0,-6.0,678
283,39.0,18:29,0.8,1.0,0.0,0.0,1.0,1.0,11.0,2.0,691
283,40.0,16:23,0.33299999999999996,0.33299999999999996,0.0,1.0,0.0,0.0,5.0,1.0,695
283,41.0,7:40,0.0,0.0,0.0,1.0,0.0,0.0,0.0,-5.0,717
283,no play,,,,,,,,,,733
283,no play,,,,,,,,,,746
283,no play,,,,,,,,,,756
283,no play,,,,,,,,,,773
283,42.0,7:44,0.5,0.5,1.0,0.0,0.0,0.0,6.0,-3.0,776
283,43.0,9:26,0.5,0.0,1.0,3.0,1.0,0.0,2.0,6.0,802
283,44.0,9:04,,,0.0,0.0,1.0,0.0,2.0,-11.0,818
283,45.0,20:14,0.28600000000000003,0.33299999999999996,2.0,0.0,1.0,0.0,8.0,-3.0,831
283,46.0,15:34,0.4,0.5,1.0,0.0,0.0,0.0,5.0,-3.0,851
283,47.0,29:12,0.5379999999999999,0.455,3.0,0.0,0.0,0.0,19.0,25.0,1237
283,48.0,34:59,0.33299999999999996,0.429,3.0,1.0,0.0,0.0,13.0,8.0,1256
283,49.0,26:29,1.0,1.0,0.0,0.0,0.0,0.0,11.0,3.0,1269
283,50.0,9:46,0.667,1.0,0.0,0.0,0.0,0.0,6.0,-9.0,869
283,51.0,32:31,0.455,0.375,1.0,0.0,1.0,0.0,13.0,-1.0,877
283,52.0,10:11,0.0,0.0,0.0,2.0,0.0,0.0,0.0,-8.0,893
283,53.0,12:30,0.4,0.33299999999999996,1.0,1.0,0.0,0.0,5.0,-13.0,906
283,54.0,12:03,0.16699999999999998,0.2,3.0,0.0,2.0,0.0,3.0,-1.0,922
283,55.0,15:19,0.667,1.0,0.0,1.0,0.0,0.0,5.0,-3.0,933
283,56.0,25:54,0.7140000000000001,0.6,3.0,3.0,2.0,1.0,13.0,23.0,960
283,57.0,20:12,0.429,0.33299999999999996,2.0,2.0,2.0,0.0,10.0,3.0,975
283,58.0,11:31,0.33299999999999996,0.0,1.0,0.0,0.0,0.0,2.0,10.0,988
283,59.0,19:33,0.0,0.0,3.0,2.0,2.0,0.0,2.0,8.0,1009
283,60.0,24:10,0.16699999999999998,0.2,3.0,0.0,1.0,1.0,5.0,11.0,1022
283,61.0,27:20,0.4,0.33299999999999996,0.0,2.0,3.0,0.0,11.0,0.0,1051
283,62.0,6:51,0.0,0.0,2.0,0.0,0.0,0.0,0.0,-7.0,1060
283,63.0,21:44,0.25,0.33299999999999996,1.0,1.0,2.0,0.0,6.0,11.0,1072
283,64.0,13:44,0.4,0.5,0.0,1.0,0.0,0.0,5.0,-16.0,1094
283,65.0,13:11,0.0,0.0,2.0,0.0,0.0,0.0,0.0,-6.0,1103
283,66.0,11:44,0.667,0.667,1.0,0.0,0.0,0.0,12.0,10.0,1120
283,no play,,,,,,,,,,1128
283,no play,,,,,,,,,,1147
283,no play,,,,,,,,,,1159
283,67.0,14:41,0.667,1.0,0.0,0.0,1.0,1.0,6.0,14.0,1174
283,68.0,18:18,0.364,0.5,6.0,1.0,0.0,0.0,11.0,0.0,1186
