Player_ID,G,MP,FG%,3P%,TRB,AST,STL,BLK,PTS,+/-,Game_ID
20,1.0,29:09,0.6,0.8,3.0,3.0,0.0,0.0,18.0,14.0,
20,2.0,31:35,0.429,0.0,1.0,4.0,0.0,0.0,10.0,-7.0,13
20,3.0,28:53,0.4,0.25,3.0,4.0,1.0,0.0,12.0,18.0,29
20,4.0,20:04,0.5,0.0,1.0,0.0,1.0,0.0,2.0,-33.0,50
20,5.0,37:29,0.556,0.4,1.0,3.0,1.0,0.0,14.0,-7.0,59
20,6.0,32:56,0.222,0.0,6.0,3.0,3.0,1.0,4.0,-7.0,72
20,7.0,26:46,0.5,1.0,3.0,0.0,0.0,0.0,6.0,-5.0,84
20,8.0,31:35,0.33299999999999996,0.33299999999999996,1.0,1.0,0.0,0.0,5.0,-6.0,99
20,9.0,22:45,0.667,0.5,2.0,1.0,0.0,0.0,9.0,-17.0,111
20,10.0,37:26,0.6,0.4,7.0,4.0,1.0,0.0,16.0,1.0,124
20,11.0,30:54,0.25,0.0,2.0,0.0,0.0,1.0,4.0,-11.0,140
20,12.0,33:12,0.5,0.429,4.0,1.0,1.0,1.0,15.0,-6.0,152
20,13.0,19:47,0.2,0.33299999999999996,1.0,1.0,1.0,0.0,5.0,-11.0,167
20,14.0,26:58,0.5,0.0,2.0,0.0,0.0,1.0,9.0,-5.0,173
20,15.0,29:57,0.5,0.5710000000000001,2.0,0.0,0.0,0.0,14.0,5.0,190
20,16.0,23:20,0.14300000000000002,0.33299999999999996,3.0,0.0,0.0,0.0,7.0,-8.0,204
20,17.0,23:39,0.16699999999999998,0.0,5.0,2.0,0.0,0.0,2.0,-6.0,211
20,18.0,18:05,0.33299999999999996,0.0,1.0,0.0,0.0,1.0,4.0,-17.0,248
20,19.0,28:53,0.4,0.667,5.0,0.0,1.0,0.0,6.0,-15.0,262
20,20.0,22:48,0.5,0.5,1.0,0.0,0.0,0.0,15.0,-2.0,285
20,21.0,27:57,0.455,0.667,3.0,0.0,0.0,1.0,16.0,21.0,308
20,22.0,32:32,0.467,0.25,5.0,1.0,2.0,0.0,17.0,13.0,318
20,23.0,24:49,0.5710000000000001,0.667,4.0,0.0,0.0,0.0,14.0,-7.0,1196
20,24.0,31:07,0.222,0.25,5.0,0.0,0.0,0.0,7.0,-4.0,333
20,25.0,25:55,0.75,1.0,5.0,3.0,1.0,0.0,8.0,-10.0,348
20,26.0,20:48,0.556,0.5,2.0,0.0,1.0,0.0,13.0,0.0,366
20,27.0,25:41,0.5,0.667,3.0,2.0,0.0,0.0,11.0,15.0,373
20,28.0,27:41,0.33299999999999996,0.33299999999999996,4.0,0.0,0.0,0.0,9.0,-5.0,386
20,29.0,24:19,0.4,0.33299999999999996,5.0,3.0,0.0,0.0,9.0,-16.0,405
20,30.0,35:41,0.5710000000000001,0.0,0.0,1.0,0.0,0.0,9.0,-1.0,428
20,31.0,36:33,0.556,0.667,6.0,1.0,0.0,0.0,14.0,5.0,436
20,32.0,30:13,0.5710000000000001,0.667,1.0,2.0,1.0,0.0,10.0,-17.0,454
20,33.0,35:19,0.273,0.0,5.0,0.0,1.0,0.0,7.0,-3.0,474
20,34.0,32:43,0.5,0.75,2.0,2.0,2.0,1.0,13.0,12.0,489
20,35.0,33:22,0.556,0.5,1.0,1.0,2.0,0.0,11.0,-10.0,504
20,36.0,40:04,0.4,0.2,8.0,1.0,0.0,1.0,10.0,14.0,516
20,37.0,36:22,0.364,0.5,3.0,5.0,0.0,0.0,18.0,-4.0,539
20,38.0,25:33,0.4,0.4,4.0,0.0,0.0,0.0,14.0,-13.0,548
20,39.0,42:34,0.8,1.0,1.0,1.0,1.0,0.0,30.0,-7.0,571
20,40.0,26:17,0.5,0.33299999999999996,1.0,0.0,1.0,0.0,9.0,4.0,582
20,41.0,30:30,0.818,0.6,4.0,1.0,1.0,0.0,24.0,10.0,590
20,42.0,32:52,0.3,0.2,3.0,2.0,1.0,0.0,7.0,-10.0,603
20,43.0,24:47,0.33299999999999996,0.33299999999999996,3.0,5.0,0.0,0.0,5.0,-1.0,619
20,44.0,17:42,0.28600000000000003,0.33299999999999996,0.0,0.0,1.0,0.0,5.0,-17.0,634
20,45.0,25:04,0.33299999999999996,,1.0,2.0,0.0,0.0,4.0,-2.0,646
20,46.0,23:30,0.3,0.0,2.0,3.0,2.0,0.0,6.0,-17.0,655
20,47.0,27:47,0.667,0.0,4.0,1.0,0.0,0.0,12.0,-16.0,694
20,48.0,28:31,0.667,0.75,2.0,0.0,0.0,0.0,23.0,6.0,708
20,49.0,22:16,0.5710000000000001,0.0,0.0,1.0,2.0,0.0,8.0,-7.0,723
20,50.0,29:00,0.5,0.5,5.0,0.0,0.0,1.0,21.0,17.0,734
20,51.0,23:04,0.25,1.0,0.0,0.0,1.0,0.0,5.0,-4.0,760
20,52.0,29:30,0.4,0.28600000000000003,1.0,2.0,0.0,0.0,10.0,7.0,773
20,53.0,21:40,0.16699999999999998,0.0,0.0,0.0,0.0,0.0,4.0,-12.0,787
20,54.0,29:30,0.625,0.667,3.0,2.0,1.0,0.0,12.0,-6.0,804
20,55.0,30:36,0.4,0.5,3.0,2.0,1.0,0.0,6.0,-2.0,836
20,56.0,26:23,0.25,0.33299999999999996,1.0,0.0,1.0,0.0,5.0,-8.0,849
20,57.0,24:52,0.667,,1.0,0.0,0.0,0.0,4.0,-3.0,
20,58.0,31:00,0.33299999999999996,0.0,3.0,1.0,0.0,1.0,9.0,2.0,1254
20,59.0,35:05,0.7140000000000001,1.0,1.0,0.0,2.0,0.0,13.0,-23.0,1266
20,60.0,24:17,0.5,0.5,1.0,0.0,1.0,0.0,11.0,-12.0,869
20,61.0,18:54,0.667,0.5,3.0,1.0,0.0,0.0,8.0,2.0,887
20,62.0,28:18,0.7,0.7140000000000001,4.0,2.0,0.0,0.0,23.0,15.0,906
20,63.0,24:05,0.667,0.4,4.0,0.0,1.0,0.0,18.0,-2.0,923
20,64.0,34:35,0.5,0.6,6.0,2.0,0.0,0.0,14.0,14.0,943
20,65.0,33:52,0.375,0.25,5.0,2.0,1.0,0.0,7.0,22.0,948
20,66.0,24:42,0.125,0.16699999999999998,2.0,1.0,0.0,0.0,4.0,-21.0,962
20,67.0,34:49,0.5710000000000001,0.5,2.0,1.0,2.0,0.0,10.0,1.0,971
20,68.0,28:59,0.5,0.5,3.0,0.0,2.0,0.0,16.0,6.0,989
20,69.0,29:33,0.222,0.25,5.0,0.0,1.0,0.0,5.0,8.0,1001
20,70.0,31:03,0.364,0.2,5.0,1.0,1.0,1.0,11.0,-2.0,1017
20,71.0,34:12,0.5,1.0,2.0,2.0,1.0,1.0,11.0,18.0,1031
20,72.0,20:41,0.5710000000000001,0.5,3.0,0.0,0.0,2.0,10.0,8.0,1046
20,73.0,29:19,0.583,0.5,6.0,1.0,1.0,2.0,18.0,14.0,1056
20,74.0,27:41,0.125,0.0,3.0,0.0,0.0,1.0,2.0,12.0,1069
20,75.0,32:09,0.636,0.6,2.0,2.0,4.0,0.0,17.0,9.0,1085
20,76.0,23:44,0.25,0.33299999999999996,2.0,1.0,0.0,1.0,6.0,-6.0,1101
20,77.0,29:26,0.455,0.33299999999999996,2.0,2.0,1.0,0.0,12.0,7.0,1114
20,78.0,26:29,0.5710000000000001,0.0,2.0,1.0,2.0,2.0,8.0,-2.0,1123
20,79.0,31:44,0.667,0.8,5.0,3.0,1.0,0.0,25.0,13.0,1139
20,no play,,,,,,,,,,1155
20,no play,,,,,,,,,,1170
20,no play,,,,,,,,,,1191
