Player_ID,G,MP,FG%,3P%,TRB,AST,STL,BLK,PTS,+/-,Game_ID
60,1.0,19:30,0.667,,7.0,2.0,1.0,0.0,8.0,5.0,2
60,2.0,15:47,0.5,,1.0,1.0,0.0,1.0,5.0,-11.0,11
60,3.0,20:59,0.25,0.0,5.0,1.0,0.0,0.0,2.0,15.0,23
60,4.0,29:41,0.818,1.0,6.0,3.0,3.0,2.0,23.0,9.0,57
60,5.0,25:47,0.2,0.0,4.0,5.0,0.0,2.0,3.0,3.0,64
60,6.0,15:47,0.4,,1.0,4.0,0.0,0.0,4.0,-7.0,87
60,7.0,23:54,1.0,1.0,3.0,1.0,1.0,1.0,11.0,-16.0,103
60,8.0,21:05,0.0,,3.0,1.0,1.0,0.0,2.0,21.0,121
60,9.0,31:01,0.5,0.0,9.0,3.0,0.0,1.0,14.0,-1.0,126
60,10.0,26:43,0.429,0.33299999999999996,5.0,4.0,0.0,0.0,9.0,0.0,144
60,11.0,29:00,0.75,,6.0,4.0,2.0,0.0,8.0,3.0,157
60,12.0,16:04,0.6,,2.0,1.0,0.0,1.0,6.0,-9.0,175
60,13.0,20:22,0.2,,3.0,0.0,0.0,0.0,2.0,-8.0,184
60,14.0,15:29,0.5,0.0,2.0,2.0,0.0,1.0,2.0,-2.0,201
60,15.0,18:50,0.5,,9.0,1.0,0.0,0.0,2.0,9.0,213
60,16.0,16:59,0.0,0.0,2.0,0.0,1.0,1.0,0.0,-6.0,236
60,17.0,13:10,1.0,,3.0,1.0,0.0,0.0,4.0,-1.0,267
60,18.0,14:54,0.5710000000000001,0.0,5.0,1.0,1.0,1.0,11.0,-1.0,277
60,19.0,14:41,1.0,,2.0,3.0,1.0,1.0,8.0,9.0,293
60,20.0,15:24,0.75,0.0,2.0,1.0,0.0,1.0,6.0,3.0,304
60,21.0,4:45,0.0,,2.0,0.0,0.0,0.0,0.0,-2.0,321
60,22.0,23:15,0.7140000000000001,,5.0,1.0,0.0,0.0,11.0,-5.0,1193
60,23.0,12:36,0.5,0.5,3.0,1.0,1.0,0.0,5.0,-1.0,339
60,24.0,28:52,0.375,0.0,8.0,3.0,1.0,2.0,6.0,7.0,357
60,25.0,16:55,0.33299999999999996,,3.0,1.0,1.0,0.0,3.0,-4.0,383
60,26.0,12:58,1.0,,4.0,0.0,0.0,1.0,3.0,-8.0,391
60,27.0,19:43,0.8,1.0,4.0,2.0,0.0,0.0,9.0,4.0,411
60,28.0,23:53,0.5,0.0,3.0,2.0,0.0,0.0,5.0,-2.0,424
60,29.0,23:45,0.7140000000000001,0.5,6.0,1.0,1.0,0.0,11.0,-2.0,437
60,30.0,25:41,0.6,0.5,6.0,5.0,2.0,0.0,17.0,7.0,445
60,31.0,24:01,0.5,,6.0,3.0,1.0,0.0,9.0,8.0,461
60,32.0,24:45,0.33299999999999996,,10.0,2.0,2.0,0.0,4.0,4.0,477
60,33.0,14:59,0.0,0.0,6.0,2.0,1.0,0.0,0.0,-8.0,493
60,34.0,23:15,0.667,,5.0,4.0,0.0,0.0,8.0,15.0,499
60,35.0,27:46,0.429,,5.0,2.0,0.0,3.0,6.0,17.0,527
60,36.0,25:58,0.667,0.667,5.0,3.0,1.0,4.0,13.0,7.0,551
60,37.0,24:09,0.33299999999999996,0.0,6.0,1.0,0.0,1.0,6.0,12.0,558
60,38.0,16:18,0.4,0.0,5.0,1.0,0.0,1.0,4.0,2.0,577
60,no play,,,,,,,,,,588
60,39.0,14:06,,,4.0,0.0,1.0,1.0,0.0,-9.0,602
60,40.0,21:20,0.33299999999999996,0.0,6.0,1.0,0.0,1.0,2.0,6.0,623
60,41.0,18:27,0.833,,7.0,2.0,1.0,2.0,10.0,8.0,635
60,42.0,29:05,0.5,0.0,7.0,2.0,1.0,2.0,3.0,-12.0,655
60,43.0,4:19,0.0,0.0,0.0,0.0,0.0,0.0,0.0,-5.0,681
60,44.0,10:27,1.0,,5.0,1.0,0.0,0.0,6.0,-7.0,686
60,45.0,21:45,0.833,,4.0,2.0,0.0,0.0,10.0,23.0,701
60,46.0,24:40,0.7140000000000001,1.0,7.0,2.0,0.0,1.0,11.0,5.0,711
60,47.0,15:15,0.4,0.0,5.0,0.0,0.0,2.0,4.0,10.0,727
60,48.0,14:32,1.0,1.0,2.0,0.0,0.0,0.0,5.0,-7.0,738
60,49.0,15:24,1.0,,2.0,1.0,0.0,0.0,5.0,-5.0,757
60,50.0,28:19,0.667,0.33299999999999996,6.0,1.0,0.0,0.0,13.0,18.0,772
60,51.0,26:33,0.857,1.0,6.0,1.0,3.0,0.0,14.0,2.0,799
60,52.0,14:46,0.4,0.0,5.0,1.0,0.0,0.0,5.0,-4.0,804
60,53.0,13:42,1.0,,3.0,2.0,1.0,0.0,5.0,-3.0,821
60,54.0,20:42,0.75,1.0,7.0,5.0,0.0,1.0,7.0,7.0,832
60,55.0,15:18,0.25,,6.0,1.0,0.0,0.0,2.0,4.0,842
60,56.0,16:40,0.833,,2.0,0.0,1.0,2.0,10.0,-6.0,855
60,57.0,19:20,0.33299999999999996,,6.0,1.0,0.0,2.0,2.0,7.0,1234
60,58.0,19:27,0.667,,9.0,3.0,0.0,0.0,4.0,17.0,1255
60,59.0,16:47,0.667,0.0,2.0,1.0,1.0,2.0,5.0,-8.0,1261
60,60.0,11:29,0.667,0.5,2.0,0.0,0.0,0.0,5.0,-5.0,862
60,61.0,24:41,0.7140000000000001,0.5,6.0,4.0,2.0,1.0,13.0,18.0,879
60,62.0,26:48,0.455,0.33299999999999996,8.0,3.0,1.0,3.0,13.0,8.0,890
60,63.0,23:35,0.4,,5.0,2.0,2.0,1.0,6.0,7.0,905
60,64.0,20:21,1.0,,5.0,0.0,1.0,0.0,8.0,-6.0,919
60,65.0,13:25,0.25,,4.0,0.0,0.0,2.0,3.0,2.0,930
60,66.0,27:06,0.25,0.0,4.0,1.0,1.0,2.0,2.0,17.0,945
60,67.0,25:53,1.0,,4.0,3.0,0.0,2.0,8.0,0.0,966
60,68.0,22:43,0.6,0.0,2.0,2.0,1.0,0.0,9.0,3.0,982
60,69.0,22:59,1.0,,2.0,4.0,1.0,1.0,2.0,1.0,997
60,70.0,21:23,0.33299999999999996,,3.0,0.0,2.0,1.0,4.0,13.0,1007
60,71.0,23:02,0.25,0.0,5.0,1.0,0.0,0.0,4.0,2.0,1020
60,72.0,27:01,0.444,0.0,8.0,1.0,3.0,3.0,8.0,26.0,1036
60,73.0,27:09,1.0,1.0,7.0,5.0,2.0,0.0,14.0,19.0,1053
60,74.0,20:45,0.6,,3.0,2.0,0.0,2.0,6.0,-6.0,1073
60,75.0,19:17,1.0,1.0,5.0,3.0,1.0,2.0,5.0,5.0,1089
60,76.0,20:00,0.8,1.0,3.0,0.0,0.0,0.0,9.0,8.0,1102
60,77.0,13:56,1.0,,3.0,1.0,1.0,0.0,8.0,-10.0,1130
60,78.0,23:11,0.0,0.0,5.0,6.0,0.0,0.0,2.0,-11.0,1138
60,no play,,,,,,,,,,1150
60,79.0,14:40,0.2,0.0,4.0,1.0,1.0,0.0,2.0,11.0,1165
60,80.0,19:07,0.857,1.0,5.0,1.0,1.0,1.0,16.0,8.0,1180
