Player_ID,G,MP,FG%,3P%,TRB,AST,STL,BLK,PTS,+/-,Game_ID
282,1.0,34:29,0.5,1.0,7.0,0.0,0.0,1.0,25.0,-5.0,5
282,2.0,36:51,0.5,0.2,1.0,0.0,1.0,1.0,29.0,-7.0,30
282,3.0,29:14,0.545,1.0,3.0,4.0,0.0,1.0,17.0,38.0,48
282,4.0,34:45,0.5,0.667,3.0,1.0,0.0,0.0,25.0,2.0,63
282,5.0,26:47,0.231,0.0,3.0,1.0,1.0,1.0,7.0,-27.0,75
282,6.0,40:45,0.44799999999999995,0.857,8.0,2.0,1.0,0.0,36.0,-6.0,97
282,7.0,38:35,0.556,0.5,4.0,6.0,0.0,0.0,29.0,22.0,105
282,8.0,36:46,0.33299999999999996,0.25,4.0,3.0,1.0,0.0,22.0,-21.0,131
282,9.0,41:06,0.667,0.4,4.0,3.0,0.0,1.0,47.0,34.0,138
282,10.0,42:16,0.41700000000000004,0.5,2.0,3.0,0.0,2.0,29.0,-9.0,151
282,11.0,38:18,0.7,0.5,10.0,4.0,1.0,0.0,35.0,21.0,168
282,12.0,32:17,0.182,0.0,4.0,1.0,0.0,1.0,7.0,-16.0,186
282,13.0,39:25,0.278,0.0,4.0,1.0,0.0,0.0,14.0,-8.0,201
282,14.0,30:37,0.105,0.0,0.0,0.0,1.0,0.0,13.0,-29.0,218
282,15.0,40:45,0.389,0.33299999999999996,5.0,1.0,0.0,0.0,25.0,19.0,247
282,16.0,39:08,0.4,0.16699999999999998,3.0,3.0,1.0,0.0,16.0,-15.0,255
282,17.0,34:28,0.375,0.5,2.0,4.0,0.0,0.0,13.0,-4.0,269
282,18.0,39:47,0.4,0.75,7.0,4.0,1.0,0.0,19.0,12.0,281
282,19.0,35:50,0.429,0.0,3.0,4.0,1.0,0.0,19.0,-14.0,295
282,20.0,37:05,0.55,0.28600000000000003,1.0,4.0,3.0,0.0,29.0,-5.0,302
282,21.0,38:21,0.41700000000000004,0.0,7.0,2.0,0.0,0.0,11.0,-14.0,329
282,22.0,36:07,0.526,0.25,5.0,1.0,0.0,0.0,25.0,-16.0,331
282,23.0,26:43,0.375,0.33299999999999996,2.0,0.0,0.0,0.0,16.0,-15.0,342
282,24.0,40:32,0.5710000000000001,0.667,5.0,2.0,0.0,0.0,25.0,1.0,358
282,25.0,39:22,0.47100000000000003,0.5,9.0,3.0,1.0,1.0,23.0,12.0,370
282,26.0,43:35,0.294,0.0,6.0,5.0,3.0,1.0,13.0,-3.0,403
282,27.0,38:56,0.55,0.5,4.0,2.0,3.0,0.0,26.0,9.0,416
282,28.0,38:43,0.474,0.0,7.0,2.0,0.0,1.0,19.0,2.0,430
282,29.0,39:47,0.316,0.0,0.0,1.0,0.0,1.0,15.0,0.0,450
282,30.0,36:04,0.5,0.0,3.0,2.0,2.0,0.0,23.0,-11.0,464
282,31.0,28:19,0.5,0.667,4.0,2.0,1.0,0.0,21.0,16.0,473
282,32.0,36:18,0.55,0.5,5.0,1.0,2.0,0.0,25.0,1.0,488
282,33.0,39:05,0.556,0.0,5.0,6.0,1.0,0.0,31.0,16.0,502
282,34.0,37:34,0.5,0.33299999999999996,5.0,1.0,1.0,0.0,24.0,-17.0,516
282,35.0,36:53,0.133,0.0,4.0,3.0,1.0,0.0,8.0,-2.0,526
282,36.0,39:22,0.5329999999999999,0.33299999999999996,1.0,2.0,2.0,0.0,41.0,-4.0,549
282,37.0,38:19,0.316,0.33299999999999996,5.0,4.0,0.0,1.0,16.0,-1.0,561
282,38.0,35:59,0.455,0.0,4.0,0.0,0.0,0.0,13.0,2.0,575
282,39.0,37:57,0.55,0.5,4.0,2.0,0.0,1.0,28.0,9.0,587
282,40.0,36:16,0.409,0.0,6.0,1.0,1.0,1.0,19.0,7.0,601
282,41.0,37:37,0.5329999999999999,0.33299999999999996,8.0,4.0,1.0,0.0,19.0,8.0,611
282,42.0,38:29,0.375,0.0,3.0,3.0,1.0,0.0,10.0,-8.0,630
282,43.0,38:03,0.474,0.5,4.0,4.0,0.0,1.0,27.0,6.0,645
282,44.0,38:48,0.5,0.33299999999999996,4.0,4.0,1.0,1.0,24.0,10.0,669
282,45.0,38:39,0.5,0.5,6.0,3.0,2.0,0.0,31.0,0.0,684
282,46.0,38:38,0.41200000000000003,0.25,5.0,2.0,1.0,0.0,21.0,-9.0,696
282,47.0,38:02,0.5,1.0,3.0,4.0,1.0,1.0,23.0,21.0,715
282,48.0,40:46,0.5,0.33299999999999996,2.0,5.0,2.0,1.0,27.0,0.0,726
282,49.0,35:56,0.529,0.33299999999999996,2.0,0.0,0.0,0.0,23.0,-14.0,737
282,50.0,40:11,0.4,0.0,3.0,1.0,0.0,0.0,21.0,-12.0,754
282,51.0,37:19,0.409,0.25,2.0,5.0,1.0,1.0,23.0,-4.0,769
282,52.0,36:48,0.478,0.5,4.0,0.0,2.0,0.0,27.0,1.0,781
282,53.0,37:32,0.579,0.5,5.0,6.0,2.0,1.0,31.0,2.0,796
282,54.0,37:24,0.647,0.33299999999999996,4.0,2.0,3.0,0.0,29.0,-2.0,810
282,55.0,33:37,0.526,0.4,6.0,4.0,2.0,1.0,27.0,18.0,822
282,56.0,41:07,0.552,0.5,3.0,2.0,1.0,0.0,41.0,-8.0,838
282,57.0,37:37,0.5770000000000001,0.5,4.0,2.0,2.0,0.0,40.0,10.0,848
282,58.0,38:11,0.524,0.33299999999999996,7.0,3.0,1.0,1.0,27.0,11.0,1238
282,59.0,36:35,0.5,0.2,2.0,2.0,3.0,0.0,30.0,-3.0,1248
282,60.0,34:34,0.455,0.33299999999999996,4.0,1.0,4.0,0.0,27.0,2.0,1264
282,61.0,31:09,0.43799999999999994,1.0,2.0,1.0,3.0,0.0,20.0,32.0,864
282,62.0,43:53,0.25,0.0,4.0,2.0,0.0,0.0,17.0,-5.0,886
282,63.0,36:08,0.294,0.0,2.0,3.0,1.0,0.0,20.0,22.0,915
282,64.0,37:24,0.429,1.0,4.0,0.0,2.0,0.0,24.0,6.0,928
282,65.0,37:16,0.231,0.0,4.0,1.0,1.0,0.0,11.0,-1.0,938
282,66.0,39:02,0.33299999999999996,0.5,5.0,1.0,0.0,1.0,15.0,20.0,955
282,67.0,39:13,0.391,0.5,4.0,4.0,0.0,0.0,21.0,-16.0,966
282,68.0,38:33,0.435,0.5,3.0,0.0,1.0,1.0,26.0,-13.0,985
282,69.0,36:36,0.5,0.0,2.0,2.0,2.0,1.0,25.0,-14.0,999
282,70.0,36:06,0.33299999999999996,0.0,4.0,4.0,1.0,0.0,22.0,-17.0,1016
282,71.0,44:17,0.5,0.7140000000000001,4.0,2.0,1.0,1.0,36.0,-9.0,1040
282,72.0,31:37,0.42100000000000004,0.0,0.0,2.0,1.0,0.0,20.0,-14.0,1046
282,73.0,38:36,0.353,0.5,5.0,1.0,0.0,1.0,17.0,2.0,1064
282,74.0,39:36,0.45,0.33299999999999996,4.0,2.0,1.0,0.0,27.0,22.0,1083
282,75.0,39:08,0.65,0.5710000000000001,3.0,3.0,0.0,1.0,32.0,13.0,1100
282,76.0,38:15,0.44,0.6,4.0,0.0,0.0,0.0,29.0,10.0,1114
282,77.0,29:32,0.45,0.25,4.0,2.0,3.0,0.0,24.0,-11.0,1124
282,78.0,39:47,0.519,0.2,8.0,3.0,2.0,0.0,36.0,3.0,1139
282,79.0,37:05,0.381,0.0,5.0,0.0,0.0,0.0,25.0,-15.0,1146
282,80.0,38:25,0.5,0.4,2.0,1.0,0.0,0.0,41.0,2.0,1163
282,81.0,37:06,0.318,0.25,3.0,4.0,2.0,1.0,18.0,-5.0,1174
282,82.0,30:19,0.41200000000000003,0.4,2.0,3.0,1.0,0.0,21.0,-33.0,1185
