Player_ID,G,MP,FG%,3P%,TRB,AST,STL,BLK,PTS,+/-,Game_ID
118,1.0,24:09,0.636,,6.0,0.0,1.0,0.0,16.0,-8.0,3
118,2.0,27:34,0.35700000000000004,,20.0,1.0,2.0,0.0,12.0,19.0,16
118,3.0,36:48,0.5,,23.0,1.0,2.0,3.0,20.0,9.0,34
118,4.0,35:18,0.308,,13.0,2.0,2.0,1.0,9.0,11.0,46
118,5.0,25:10,0.33299999999999996,,6.0,4.0,0.0,2.0,6.0,-5.0,53
118,6.0,33:55,0.545,,19.0,1.0,1.0,3.0,19.0,12.0,78
118,7.0,24:52,0.6,,12.0,0.0,2.0,1.0,15.0,-28.0,94
118,8.0,35:05,0.5379999999999999,,14.0,4.0,1.0,1.0,18.0,-15.0,109
118,9.0,32:50,0.8,1.0,17.0,0.0,1.0,1.0,20.0,-6.0,123
118,10.0,26:41,0.636,,12.0,0.0,2.0,0.0,14.0,6.0,134
118,no play,,,,,,,,,,143
118,11.0,29:15,0.5379999999999999,,9.0,1.0,0.0,1.0,15.0,-16.0,158
118,12.0,26:45,0.33299999999999996,,10.0,2.0,1.0,1.0,8.0,-28.0,172
118,13.0,30:54,0.563,,17.0,0.0,0.0,0.0,20.0,3.0,184
118,14.0,34:01,0.33299999999999996,,16.0,1.0,4.0,0.0,13.0,-8.0,199
118,15.0,26:17,0.75,,15.0,1.0,4.0,4.0,18.0,33.0,214
118,16.0,26:27,0.727,,10.0,1.0,3.0,0.0,16.0,10.0,241
118,17.0,35:42,0.5,,8.0,2.0,3.0,0.0,10.0,-22.0,253
118,18.0,12:58,0.16699999999999998,,6.0,2.0,0.0,1.0,3.0,2.0,271
118,19.0,35:03,0.615,,17.0,2.0,2.0,1.0,20.0,5.0,277
118,20.0,28:18,0.667,,14.0,2.0,1.0,1.0,14.0,25.0,298
118,21.0,34:55,0.455,,10.0,3.0,3.0,2.0,10.0,1.0,310
118,22.0,24:42,0.5379999999999999,,10.0,0.0,1.0,3.0,15.0,-5.0,327
118,23.0,34:04,0.7859999999999999,,20.0,1.0,0.0,2.0,26.0,4.0,1192
118,24.0,28:03,0.769,,22.0,0.0,0.0,1.0,22.0,9.0,342
118,25.0,36:28,0.429,,14.0,1.0,6.0,0.0,14.0,-17.0,356
118,26.0,26:53,0.33299999999999996,,16.0,0.0,0.0,0.0,3.0,-8.0,381
118,27.0,30:17,0.7140000000000001,,12.0,1.0,0.0,0.0,13.0,-16.0,389
118,28.0,34:54,0.364,,15.0,0.0,2.0,1.0,9.0,-10.0,400
118,29.0,23:17,0.5,,4.0,0.0,1.0,0.0,9.0,-27.0,414
118,30.0,38:23,0.375,,19.0,1.0,1.0,0.0,13.0,-8.0,431
118,31.0,30:28,0.857,,9.0,2.0,1.0,2.0,15.0,-3.0,446
118,32.0,28:14,0.33299999999999996,0.0,17.0,4.0,0.0,2.0,11.0,0.0,469
118,33.0,26:01,0.5379999999999999,,9.0,0.0,1.0,0.0,16.0,-12.0,484
118,34.0,34:45,0.41700000000000004,,15.0,1.0,1.0,1.0,15.0,-5.0,503
118,35.0,36:06,0.632,,18.0,0.0,2.0,2.0,25.0,0.0,514
118,36.0,35:07,0.563,,14.0,2.0,1.0,2.0,20.0,-5.0,528
118,37.0,25:04,0.467,,8.0,0.0,0.0,1.0,16.0,-8.0,543
118,38.0,51:54,0.65,,14.0,0.0,4.0,2.0,28.0,5.0,571
118,39.0,35:06,0.8,,12.0,1.0,3.0,7.0,9.0,-14.0,584
118,40.0,27:16,0.833,,10.0,0.0,2.0,2.0,12.0,-14.0,596
118,41.0,33:29,0.5710000000000001,,19.0,1.0,1.0,0.0,9.0,-14.0,605
118,42.0,31:41,0.353,1.0,17.0,2.0,3.0,1.0,15.0,-5.0,617
118,43.0,23:15,0.4,,17.0,2.0,1.0,0.0,13.0,15.0,638
118,44.0,17:39,0.5,,10.0,1.0,3.0,1.0,3.0,-5.0,656
118,45.0,36:03,0.545,0.0,12.0,1.0,3.0,0.0,14.0,3.0,674
118,46.0,35:10,0.5329999999999999,0.0,21.0,1.0,3.0,2.0,17.0,-8.0,710
118,47.0,40:40,0.632,,22.0,3.0,2.0,2.0,28.0,0.0,727
118,48.0,25:49,0.615,,6.0,0.0,3.0,0.0,17.0,-8.0,741
118,49.0,29:05,0.429,,18.0,0.0,2.0,3.0,12.0,8.0,754
118,50.0,31:16,0.625,,9.0,1.0,1.0,1.0,13.0,-23.0,763
118,51.0,25:45,0.5710000000000001,0.0,17.0,1.0,3.0,1.0,16.0,27.0,779
118,52.0,28:25,0.632,,17.0,0.0,3.0,4.0,24.0,13.0,792
118,53.0,36:37,0.294,,15.0,0.0,3.0,1.0,12.0,-8.0,807
118,54.0,27:27,0.3,,18.0,0.0,1.0,1.0,10.0,-10.0,824
118,55.0,34:16,0.5,,12.0,0.0,3.0,0.0,21.0,-7.0,830
118,56.0,18:53,0.5,,11.0,3.0,0.0,0.0,9.0,1.0,845
118,57.0,25:33,0.6,,13.0,0.0,0.0,0.0,12.0,-20.0,1227
118,58.0,35:57,0.615,,15.0,0.0,2.0,0.0,17.0,-14.0,1255
118,59.0,30:21,0.5710000000000001,,15.0,1.0,1.0,0.0,19.0,9.0,1266
118,60.0,28:52,0.462,,17.0,0.0,1.0,1.0,13.0,-12.0,861
118,61.0,31:47,0.5379999999999999,,14.0,2.0,4.0,3.0,14.0,29.0,880
118,62.0,29:30,0.625,,8.0,0.0,1.0,1.0,14.0,4.0,899
118,63.0,26:22,0.545,,15.0,1.0,2.0,0.0,14.0,-14.0,916
118,64.0,35:46,0.7140000000000001,,16.0,4.0,0.0,0.0,20.0,9.0,920
118,65.0,30:02,0.833,,15.0,0.0,3.0,1.0,24.0,13.0,935
118,66.0,26:37,0.33299999999999996,0.0,14.0,1.0,0.0,0.0,8.0,-29.0,959
118,67.0,20:03,0.75,,5.0,0.0,1.0,0.0,6.0,-13.0,968
118,68.0,35:50,0.4,,22.0,0.0,2.0,1.0,8.0,-16.0,983
118,69.0,28:21,0.7,,18.0,2.0,0.0,2.0,18.0,9.0,998
118,70.0,30:33,0.5,,17.0,2.0,1.0,2.0,13.0,-6.0,1012
118,71.0,26:15,0.33299999999999996,,17.0,0.0,0.0,1.0,8.0,-16.0,1021
118,72.0,19:52,0.375,,14.0,2.0,0.0,1.0,6.0,-23.0,1034
118,73.0,24:52,0.7140000000000001,,15.0,3.0,0.0,0.0,10.0,-12.0,1058
118,74.0,33:40,0.5710000000000001,,13.0,2.0,2.0,2.0,9.0,-4.0,1067
118,75.0,29:05,0.0,,11.0,2.0,2.0,2.0,2.0,-3.0,1081
118,76.0,31:28,0.5,,13.0,2.0,2.0,2.0,7.0,-7.0,1090
118,77.0,29:26,0.5710000000000001,,14.0,0.0,0.0,0.0,11.0,3.0,1127
118,78.0,20:11,0.364,,9.0,1.0,1.0,0.0,8.0,-5.0,1143
118,79.0,25:08,0.33299999999999996,,11.0,2.0,1.0,1.0,5.0,3.0,1162
118,80.0,23:51,0.625,,7.0,1.0,2.0,1.0,10.0,-1.0,1169
118,81.0,24:34,0.444,,14.0,2.0,0.0,0.0,9.0,-1.0,1178
