Player_ID,G,MP,FG%,3P%,TRB,AST,STL,BLK,PTS,+/-,Game_ID
297,1.0,31:51,0.0,,7.0,3.0,2.0,1.0,1.0,10.0,7
297,2.0,39:45,0.75,1.0,11.0,0.0,5.0,1.0,9.0,1.0,17
297,3.0,30:03,0.5710000000000001,0.0,5.0,3.0,1.0,1.0,8.0,9.0,35
297,4.0,23:34,0.2,0.0,4.0,0.0,1.0,1.0,2.0,-1.0,60
297,5.0,18:06,0.16699999999999998,0.0,3.0,0.0,0.0,0.0,2.0,-4.0,65
297,6.0,25:13,0.5,0.667,1.0,0.0,0.0,1.0,9.0,21.0,75
297,7.0,30:28,0.5,,5.0,2.0,3.0,0.0,5.0,16.0,93
297,8.0,22:47,0.429,0.5,1.0,0.0,0.0,1.0,7.0,-11.0,108
297,9.0,34:29,0.5,0.5,9.0,2.0,1.0,1.0,13.0,-8.0,122
297,10.0,32:13,0.545,0.33299999999999996,3.0,0.0,1.0,4.0,14.0,11.0,137
297,11.0,28:54,0.667,0.0,4.0,0.0,0.0,0.0,4.0,-3.0,143
297,12.0,31:54,0.182,0.0,7.0,3.0,1.0,1.0,4.0,2.0,160
297,13.0,26:19,0.444,0.0,6.0,2.0,3.0,0.0,8.0,14.0,174
297,14.0,35:58,0.4,0.5,6.0,1.0,1.0,1.0,6.0,-28.0,191
297,15.0,26:44,0.4,0.33299999999999996,3.0,1.0,2.0,2.0,5.0,0.0,207
297,16.0,35:10,0.5710000000000001,0.25,5.0,1.0,1.0,2.0,10.0,-2.0,220
297,17.0,34:54,0.667,0.0,2.0,1.0,1.0,0.0,8.0,7.0,246
297,18.0,30:13,0.5,0.0,1.0,2.0,0.0,0.0,4.0,12.0,253
297,19.0,31:27,0.5,0.5,3.0,1.0,1.0,2.0,10.0,3.0,266
297,20.0,35:01,0.667,0.667,5.0,0.0,2.0,2.0,10.0,12.0,280
297,21.0,36:44,0.75,0.5,5.0,2.0,1.0,2.0,13.0,7.0,311
297,22.0,37:36,0.25,0.0,3.0,0.0,0.0,1.0,4.0,4.0,317
297,23.0,36:57,0.429,0.4,8.0,3.0,2.0,1.0,9.0,-3.0,341
297,24.0,32:42,0.28600000000000003,0.0,5.0,0.0,1.0,2.0,4.0,-5.0,357
297,25.0,31:08,0.429,0.33299999999999996,3.0,1.0,2.0,1.0,7.0,-12.0,373
297,26.0,31:31,0.0,0.0,5.0,1.0,0.0,0.0,0.0,-11.0,382
297,27.0,34:54,0.5710000000000001,0.5,1.0,0.0,3.0,0.0,11.0,16.0,399
297,28.0,39:54,0.35700000000000004,0.33299999999999996,5.0,1.0,1.0,0.0,14.0,-10.0,415
297,29.0,28:33,0.5710000000000001,0.33299999999999996,7.0,0.0,2.0,1.0,9.0,9.0,433
297,30.0,37:56,0.5,0.0,5.0,4.0,0.0,2.0,5.0,9.0,445
297,31.0,26:59,0.4,0.0,4.0,1.0,2.0,1.0,4.0,9.0,464
297,32.0,22:22,0.0,,3.0,1.0,0.0,0.0,1.0,3.0,478
297,33.0,24:11,0.33299999999999996,,5.0,0.0,1.0,0.0,2.0,-13.0,492
297,34.0,30:31,0.273,0.14300000000000002,3.0,2.0,2.0,2.0,9.0,22.0,512
297,35.0,19:02,0.0,0.0,4.0,1.0,0.0,0.0,0.0,-1.0,518
297,36.0,29:59,0.33299999999999996,0.0,2.0,1.0,0.0,0.0,2.0,-10.0,534
297,37.0,35:35,0.545,0.0,9.0,0.0,0.0,2.0,14.0,4.0,545
297,38.0,38:53,0.429,0.4,9.0,0.0,0.0,1.0,13.0,17.0,560
297,39.0,32:31,0.6,0.5,2.0,2.0,1.0,1.0,8.0,22.0,574
297,40.0,30:56,0.6,0.33299999999999996,8.0,0.0,0.0,1.0,8.0,9.0,586
297,41.0,32:06,0.5,,2.0,1.0,5.0,2.0,8.0,-5.0,601
297,42.0,27:13,0.0,0.0,5.0,1.0,3.0,1.0,1.0,-3.0,615
297,43.0,26:17,0.4,0.25,5.0,1.0,0.0,0.0,5.0,-17.0,626
297,44.0,33:38,0.14300000000000002,0.0,2.0,1.0,0.0,0.0,3.0,-19.0,639
297,45.0,31:19,0.667,0.0,11.0,2.0,0.0,0.0,8.0,6.0,678
297,46.0,27:40,0.8,0.0,4.0,1.0,1.0,3.0,8.0,8.0,691
297,47.0,29:15,0.0,0.0,8.0,2.0,1.0,0.0,2.0,16.0,695
297,48.0,23:25,0.4,0.0,5.0,0.0,1.0,0.0,4.0,-10.0,717
297,49.0,23:37,0.0,0.0,7.0,0.0,1.0,2.0,1.0,-18.0,733
297,50.0,30:07,0.4,0.25,6.0,1.0,0.0,2.0,5.0,-24.0,746
297,51.0,20:20,0.6,0.0,4.0,0.0,1.0,1.0,6.0,-2.0,756
297,52.0,35:32,0.75,0.0,11.0,1.0,3.0,0.0,14.0,9.0,773
297,53.0,35:40,0.625,,11.0,1.0,2.0,2.0,11.0,1.0,776
297,54.0,41:28,0.5,0.0,7.0,1.0,1.0,2.0,8.0,7.0,802
297,55.0,33:38,0.33299999999999996,0.0,11.0,1.0,1.0,3.0,6.0,-6.0,818
297,56.0,15:41,0.0,0.0,0.0,0.0,0.0,0.0,0.0,-20.0,831
297,57.0,33:45,0.375,1.0,7.0,0.0,2.0,0.0,10.0,12.0,851
297,58.0,29:23,0.889,1.0,7.0,1.0,1.0,0.0,19.0,33.0,1237
297,59.0,30:05,1.0,1.0,6.0,0.0,1.0,0.0,9.0,4.0,1256
297,60.0,29:36,0.5,1.0,4.0,0.0,1.0,0.0,3.0,-2.0,1269
297,61.0,30:41,0.0,0.0,4.0,1.0,2.0,3.0,2.0,-9.0,869
297,62.0,31:24,0.6,0.33299999999999996,3.0,0.0,1.0,2.0,8.0,2.0,877
297,63.0,23:03,0.33299999999999996,0.0,8.0,2.0,0.0,0.0,2.0,-17.0,893
297,64.0,35:07,0.5710000000000001,0.25,6.0,0.0,0.0,0.0,9.0,-1.0,906
297,65.0,27:02,0.75,0.0,5.0,1.0,2.0,1.0,7.0,1.0,922
297,66.0,32:19,0.75,0.5,3.0,0.0,2.0,1.0,8.0,15.0,933
297,67.0,19:57,0.5,0.33299999999999996,3.0,1.0,0.0,1.0,7.0,13.0,960
297,68.0,31:03,0.75,0.5,4.0,3.0,2.0,0.0,13.0,28.0,975
297,69.0,32:39,0.667,0.0,6.0,2.0,0.0,1.0,8.0,5.0,988
297,70.0,25:03,0.5,0.0,3.0,0.0,1.0,1.0,2.0,-14.0,1009
297,71.0,23:31,0.4,0.0,4.0,0.0,2.0,2.0,9.0,9.0,1022
297,72.0,32:53,0.33299999999999996,0.0,7.0,1.0,4.0,1.0,8.0,-8.0,1051
297,73.0,35:55,0.2,0.0,3.0,2.0,3.0,1.0,2.0,8.0,1060
297,74.0,35:05,0.429,0.0,9.0,3.0,1.0,2.0,6.0,3.0,1072
297,75.0,31:38,0.2,0.0,11.0,0.0,2.0,2.0,4.0,7.0,1094
297,76.0,36:57,0.857,0.0,6.0,1.0,1.0,1.0,12.0,-11.0,1103
297,77.0,27:33,0.33299999999999996,0.0,5.0,4.0,2.0,3.0,4.0,24.0,1120
297,78.0,12:37,1.0,,1.0,0.0,0.0,0.0,2.0,0.0,1128
297,no play,,,,,,,,,,1147
297,79.0,17:42,1.0,,2.0,1.0,0.0,0.0,2.0,-8.0,1159
297,no play,,,,,,,,,,1174
297,no play,,,,,,,,,,1186
