Player_ID,G,MP,FG%,3P%,TRB,AST,STL,BLK,PTS,+/-,Game_ID
270,1.0,7:48,0.0,0.0,1.0,0.0,1.0,1.0,0.0,-12.0,205
270,2.0,2:42,1.0,1.0,0.0,0.0,0.0,0.0,6.0,-2.0,218
270,3.0,8:31,0.0,0.0,1.0,0.0,0.0,0.0,0.0,5.0,248
270,4.0,9:58,0.0,0.0,2.0,0.0,0.0,0.0,0.0,4.0,261
270,5.0,21:47,0.6,0.5,6.0,2.0,2.0,0.0,7.0,-4.0,274
270,6.0,25:27,0.5710000000000001,0.25,3.0,1.0,0.0,0.0,9.0,-9.0,297
270,7.0,19:12,0.2,0.25,5.0,0.0,0.0,0.0,3.0,-3.0,311
270,8.0,29:22,0.4,0.25,6.0,2.0,1.0,0.0,9.0,9.0,320
270,9.0,17:45,0.0,0.0,2.0,1.0,1.0,0.0,0.0,1.0,334
270,10.0,4:29,0.5,,3.0,0.0,0.0,0.0,2.0,6.0,666
270,no play,,,,,,,,,,682
270,11.0,12:00,0.429,0.33299999999999996,4.0,2.0,0.0,0.0,7.0,9.0,701
270,no play,,,,,,,,,,720
270,no play,,,,,,,,,,726
