Player_ID,G,MP,FG%,3P%,TRB,AST,STL,BLK,PTS,+/-,Game_ID
1,1.0,15:22,0.75,,3.0,0.0,0.0,0.0,8.0,-7.0,3
1,2.0,17:58,0.75,,3.0,1.0,1.0,0.0,13.0,11.0,16
1,3.0,11:12,0.5,,7.0,0.0,0.0,0.0,7.0,5.0,34
1,4.0,12:42,0.33299999999999996,,4.0,0.0,0.0,1.0,2.0,2.0,46
1,5.0,18:42,0.4,,4.0,0.0,1.0,2.0,4.0,-4.0,53
1,6.0,11:37,0.0,,3.0,0.0,1.0,3.0,0.0,7.0,78
1,7.0,14:43,0.25,,4.0,0.0,1.0,0.0,2.0,-9.0,94
1,8.0,12:55,,,2.0,0.0,1.0,0.0,3.0,8.0,109
1,9.0,15:10,0.5,,4.0,0.0,0.0,0.0,2.0,-4.0,123
1,10.0,20:24,0.5,,2.0,1.0,0.0,0.0,4.0,2.0,134
1,11.0,33:41,0.615,,8.0,1.0,0.0,0.0,20.0,6.0,143
1,12.0,11:52,0.0,,2.0,0.0,0.0,0.0,0.0,4.0,158
1,13.0,15:06,0.33299999999999996,,7.0,2.0,0.0,0.0,4.0,3.0,172
1,14.0,17:06,0.0,,6.0,0.0,1.0,0.0,0.0,-5.0,184
1,15.0,13:59,0.0,,1.0,0.0,0.0,0.0,2.0,5.0,199
1,16.0,18:18,1.0,,7.0,0.0,1.0,0.0,4.0,-9.0,214
1,17.0,21:04,0.28600000000000003,,6.0,0.0,0.0,0.0,4.0,1.0,241
1,18.0,12:18,0.5,,4.0,1.0,0.0,1.0,7.0,4.0,253
1,19.0,22:45,0.429,,8.0,0.0,0.0,0.0,8.0,17.0,271
1,20.0,12:38,0.0,,3.0,2.0,0.0,1.0,4.0,1.0,277
1,21.0,15:54,,,0.0,0.0,0.0,0.0,2.0,6.0,298
1,22.0,13:05,0.33299999999999996,,6.0,0.0,0.0,0.0,2.0,-7.0,310
1,23.0,23:18,0.5,,9.0,1.0,2.0,1.0,8.0,16.0,327
1,24.0,13:56,0.0,,3.0,0.0,1.0,1.0,0.0,-14.0,1192
1,25.0,15:55,0.5,,2.0,1.0,0.0,0.0,2.0,21.0,342
1,26.0,11:32,0.33299999999999996,,4.0,0.0,0.0,0.0,2.0,-1.0,356
1,27.0,19:50,0.6,,10.0,0.0,0.0,1.0,8.0,18.0,381
1,28.0,16:48,0.5,,2.0,0.0,0.0,0.0,2.0,3.0,389
1,29.0,8:50,0.33299999999999996,,4.0,0.0,0.0,0.0,4.0,-6.0,400
1,30.0,17:36,0.33299999999999996,,1.0,0.0,1.0,0.0,4.0,-7.0,414
1,31.0,9:37,1.0,,1.0,0.0,0.0,0.0,2.0,-4.0,431
1,32.0,17:18,0.75,,2.0,1.0,0.0,0.0,6.0,-2.0,446
1,33.0,11:53,1.0,,4.0,0.0,0.0,0.0,2.0,11.0,469
1,34.0,17:44,1.0,,4.0,0.0,1.0,0.0,6.0,-12.0,484
1,35.0,13:09,0.33299999999999996,,3.0,1.0,0.0,0.0,4.0,-1.0,503
1,36.0,9:24,1.0,,4.0,0.0,0.0,0.0,2.0,9.0,514
1,no play,,,,,,,,,,528
1,no play,,,,,,,,,,543
1,37.0,6:06,0.33299999999999996,,1.0,0.0,0.0,0.0,2.0,-4.0,571
1,38.0,6:26,0.0,,2.0,0.0,0.0,0.0,0.0,1.0,584
1,39.0,4:40,1.0,,2.0,0.0,1.0,0.0,4.0,-1.0,596
1,40.0,18:07,0.33299999999999996,,0.0,0.0,0.0,4.0,2.0,-18.0,605
1,41.0,16:19,0.75,,4.0,0.0,0.0,1.0,6.0,10.0,617
1,42.0,22:23,0.6,,4.0,2.0,0.0,0.0,12.0,7.0,638
1,43.0,16:27,0.75,,3.0,0.0,0.0,0.0,9.0,9.0,656
1,44.0,13:50,0.667,,1.0,1.0,1.0,0.0,4.0,-10.0,674
1,45.0,12:50,0.0,,5.0,1.0,0.0,0.0,2.0,-5.0,710
1,no play,,,,,,,,,,727
1,46.0,18:55,0.8,,7.0,0.0,0.0,0.0,8.0,31.0,741
1,47.0,18:44,0.429,,6.0,0.0,0.0,0.0,8.0,-2.0,754
1,48.0,16:44,0.33299999999999996,,4.0,0.0,0.0,3.0,4.0,2.0,763
1,49.0,22:15,0.625,,7.0,1.0,0.0,1.0,12.0,-10.0,779
1,50.0,15:36,0.5710000000000001,,6.0,0.0,0.0,1.0,10.0,9.0,792
1,51.0,8:58,0.4,,0.0,0.0,0.0,0.0,4.0,-2.0,807
1,52.0,20:33,1.0,,7.0,1.0,0.0,1.0,2.0,11.0,824
1,53.0,4:56,,,0.0,0.0,0.0,0.0,0.0,-8.0,830
1,54.0,26:05,0.125,,11.0,0.0,0.0,1.0,2.0,10.0,845
1,55.0,4:41,,,0.0,0.0,1.0,0.0,0.0,8.0,1227
1,56.0,12:03,1.0,,1.0,2.0,0.0,0.0,3.0,8.0,1255
1,57.0,22:39,0.75,,6.0,0.0,0.0,1.0,9.0,-2.0,1266
1,58.0,13:19,0.33299999999999996,,6.0,0.0,0.0,1.0,2.0,-1.0,861
1,59.0,9:07,1.0,,2.0,0.0,0.0,1.0,7.0,3.0,880
1,60.0,18:08,0.667,,7.0,2.0,1.0,1.0,12.0,12.0,899
1,61.0,10:17,1.0,,3.0,0.0,0.0,0.0,4.0,-3.0,916
1,62.0,4:23,,,1.0,0.0,0.0,0.0,0.0,-2.0,920
1,63.0,17:58,0.5,,6.0,0.0,1.0,1.0,4.0,7.0,935
1,64.0,19:25,0.33299999999999996,,6.0,1.0,0.0,1.0,4.0,-9.0,959
1,65.0,23:11,0.545,,12.0,2.0,0.0,1.0,12.0,-2.0,968
1,66.0,11:13,0.5,,4.0,0.0,0.0,2.0,4.0,6.0,983
1,67.0,17:53,0.556,,17.0,0.0,0.0,0.0,13.0,8.0,998
1,68.0,17:27,,,6.0,2.0,0.0,0.0,0.0,4.0,1012
1,69.0,14:03,1.0,,3.0,1.0,0.0,0.0,4.0,-3.0,1021
1,70.0,16:08,0.5,,7.0,0.0,0.0,1.0,8.0,-7.0,1034
1,71.0,22:07,0.5,,8.0,1.0,0.0,1.0,7.0,-2.0,1058
1,72.0,14:20,0.4,,5.0,1.0,0.0,2.0,4.0,3.0,1067
1,73.0,18:51,0.429,,4.0,2.0,0.0,1.0,7.0,6.0,1081
1,74.0,21:32,0.667,,5.0,0.0,0.0,1.0,4.0,4.0,1090
1,75.0,18:34,1.0,,7.0,0.0,0.0,1.0,12.0,-6.0,1127
1,no play,,,,,,,,,,1143
1,no play,,,,,,,,,,1162
1,no play,,,,,,,,,,1169
1,no play,,,,,,,,,,1178
