Player_ID,G,MP,FG%,3P%,TRB,AST,STL,BLK,PTS,+/-,Game_ID
218,1.0,26:13,0.28600000000000003,1.0,3.0,0.0,1.0,0.0,8.0,6.0,8
218,2.0,35:36,0.33299999999999996,0.33299999999999996,4.0,1.0,1.0,0.0,7.0,4.0,12
218,3.0,30:12,0.33299999999999996,0.25,0.0,2.0,0.0,1.0,5.0,18.0,30
218,4.0,25:26,1.0,,2.0,2.0,1.0,0.0,9.0,-3.0,40
218,5.0,41:04,0.41200000000000003,0.2,3.0,0.0,1.0,0.0,18.0,-4.0,45
218,6.0,18:26,0.16699999999999998,0.0,0.0,1.0,0.0,0.0,3.0,0.0,61
218,7.0,22:31,0.2,0.33299999999999996,2.0,0.0,0.0,0.0,7.0,-15.0,81
218,8.0,36:18,0.625,1.0,5.0,1.0,0.0,0.0,12.0,0.0,85
218,9.0,29:11,0.833,0.667,2.0,2.0,0.0,0.0,15.0,2.0,101
218,10.0,31:23,0.3,0.5,6.0,0.0,0.0,0.0,9.0,-8.0,116
218,11.0,31:39,0.556,0.0,2.0,0.0,0.0,0.0,15.0,-4.0,124
218,12.0,21:41,0.375,0.33299999999999996,2.0,1.0,0.0,0.0,7.0,-14.0,164
218,13.0,24:17,0.33299999999999996,0.0,1.0,0.0,0.0,0.0,6.0,-1.0,179
218,14.0,19:56,0.7140000000000001,0.5,5.0,1.0,0.0,0.0,14.0,-2.0,192
218,15.0,30:21,0.429,0.0,1.0,4.0,0.0,0.0,8.0,2.0,220
218,16.0,15:48,0.33299999999999996,0.0,2.0,5.0,0.0,0.0,4.0,-12.0,250
218,17.0,20:44,0.667,,4.0,0.0,0.0,0.0,4.0,4.0,258
218,18.0,20:57,0.16699999999999998,0.0,1.0,1.0,0.0,0.0,3.0,-11.0,264
218,19.0,16:45,0.5,,3.0,2.0,2.0,0.0,5.0,-9.0,293
218,20.0,16:34,0.25,1.0,2.0,0.0,1.0,0.0,3.0,-11.0,312
218,no play,,,,,,,,,,1199
218,no play,,,,,,,,,,345
218,21.0,3:36,,,0.0,0.0,0.0,0.0,0.0,-3.0,354
218,22.0,13:00,0.2,0.33299999999999996,0.0,0.0,0.0,0.0,3.0,-23.0,367
218,23.0,7:34,0.25,0.0,1.0,0.0,0.0,0.0,2.0,-12.0,380
218,no play,,,,,,,,,,394
218,no play,,,,,,,,,,407
218,24.0,30:40,0.5710000000000001,0.33299999999999996,1.0,1.0,0.0,0.0,11.0,13.0,428
218,25.0,27:09,0.375,0.5,4.0,3.0,0.0,0.0,8.0,10.0,434
218,26.0,22:41,0.25,0.0,0.0,1.0,0.0,0.0,2.0,-7.0,450
218,no play,,,,,,,,,,476
218,no play,,,,,,,,,,489
218,no play,,,,,,,,,,507
218,27.0,30:09,0.727,0.5,2.0,2.0,1.0,0.0,19.0,2.0,531
218,28.0,31:03,0.625,1.0,1.0,1.0,0.0,0.0,15.0,-8.0,540
218,29.0,22:27,0.16699999999999998,0.0,2.0,0.0,0.0,0.0,2.0,-17.0,556
218,30.0,14:16,0.5,0.33299999999999996,1.0,0.0,1.0,0.0,5.0,3.0,570
218,31.0,11:25,1.0,,1.0,1.0,0.0,0.0,4.0,-6.0,584
218,32.0,16:48,0.667,1.0,0.0,0.0,1.0,0.0,5.0,-2.0,604
218,33.0,17:55,0.4,1.0,3.0,0.0,0.0,1.0,7.0,-17.0,615
218,34.0,31:02,0.5,0.5,1.0,1.0,0.0,1.0,11.0,-4.0,640
218,35.0,25:21,0.4,0.0,2.0,0.0,2.0,0.0,5.0,0.0,649
218,36.0,34:57,0.33299999999999996,0.75,1.0,4.0,1.0,1.0,9.0,-5.0,665
218,37.0,28:39,0.222,0.28600000000000003,2.0,2.0,0.0,0.0,6.0,11.0,674
218,38.0,40:16,0.625,0.667,2.0,3.0,0.0,0.0,14.0,4.0,685
218,39.0,34:22,0.667,0.6,1.0,0.0,0.0,0.0,15.0,-12.0,699
218,40.0,30:38,0.5,0.5,2.0,4.0,1.0,0.0,13.0,9.0,709
218,41.0,35:56,0.33299999999999996,0.28600000000000003,4.0,3.0,0.0,0.0,8.0,4.0,724
218,42.0,26:52,0.33299999999999996,0.25,1.0,1.0,0.0,1.0,9.0,-16.0,732
218,no play,,,,,,,,,,759
218,43.0,36:01,0.0,0.0,2.0,1.0,1.0,0.0,2.0,-4.0,770
218,44.0,17:02,0.4,0.33299999999999996,1.0,0.0,0.0,0.0,5.0,-20.0,784
218,45.0,33:48,0.33299999999999996,0.0,3.0,3.0,1.0,0.0,9.0,1.0,799
218,46.0,29:23,0.429,0.5,1.0,2.0,0.0,0.0,8.0,-10.0,812
218,47.0,32:13,0.429,0.33299999999999996,1.0,2.0,1.0,1.0,10.0,1.0,825
218,48.0,37:19,0.7140000000000001,,2.0,1.0,1.0,0.0,10.0,-1.0,839
218,49.0,15:40,0.25,0.5,0.0,2.0,0.0,0.0,4.0,-10.0,853
218,no play,,,,,,,,,,1231
218,no play,,,,,,,,,,1242
218,no play,,,,,,,,,,1264
218,50.0,26:26,0.5710000000000001,1.0,3.0,0.0,1.0,0.0,14.0,-11.0,866
218,51.0,39:40,0.5,0.5,4.0,3.0,0.0,0.0,17.0,-13.0,892
218,52.0,21:15,0.16699999999999998,0.0,0.0,2.0,1.0,0.0,2.0,-12.0,903
218,53.0,26:50,0.375,,4.0,1.0,1.0,0.0,8.0,2.0,917
218,54.0,34:14,0.6,0.667,3.0,1.0,0.0,0.0,18.0,-11.0,932
218,55.0,22:39,0.33299999999999996,0.5,3.0,0.0,0.0,0.0,8.0,-10.0,944
218,no play,,,,,,,,,,957
218,56.0,29:34,0.455,0.0,4.0,0.0,0.0,0.0,14.0,4.0,972
218,no play,,,,,,,,,,988
218,no play,,,,,,,,,,1002
218,57.0,23:15,0.556,0.4,2.0,0.0,0.0,0.0,12.0,-8.0,1025
218,58.0,22:49,0.14300000000000002,0.5,4.0,1.0,0.0,0.0,3.0,-5.0,1041
218,no play,,,,,,,,,,1049
218,no play,,,,,,,,,,1061
218,no play,,,,,,,,,,1080
218,no play,,,,,,,,,,1092
218,59.0,26:16,0.556,0.8,2.0,2.0,0.0,0.0,16.0,11.0,1100
218,no play,,,,,,,,,,1125
218,60.0,19:11,0.5,0.0,2.0,1.0,0.0,0.0,2.0,4.0,1148
218,no play,,,,,,,,,,1161
218,61.0,34:26,0.727,,2.0,6.0,0.0,0.0,18.0,-19.0,1189
