Player_ID,G,MP,FG%,3P%,TRB,AST,STL,BLK,PTS,+/-,Game_ID
350,1.0,34:03,0.467,0.75,9.0,6.0,1.0,0.0,17.0,3.0,2
350,2.0,40:36,0.5,0.33299999999999996,6.0,5.0,0.0,1.0,16.0,-10.0,11
350,3.0,35:35,0.579,0.727,11.0,4.0,1.0,0.0,31.0,11.0,23
350,4.0,38:41,0.4,0.14300000000000002,5.0,4.0,0.0,0.0,13.0,3.0,57
350,5.0,38:52,0.55,0.33299999999999996,10.0,2.0,1.0,0.0,26.0,-2.0,64
350,6.0,33:54,0.353,0.2,11.0,6.0,0.0,1.0,14.0,-14.0,87
350,7.0,38:23,0.643,0.429,3.0,2.0,2.0,1.0,21.0,-23.0,103
350,8.0,31:35,0.294,0.25,10.0,2.0,3.0,0.0,15.0,6.0,121
350,9.0,36:17,0.455,0.25,8.0,5.0,2.0,1.0,13.0,0.0,126
350,10.0,34:23,0.41200000000000003,0.375,10.0,1.0,0.0,0.0,19.0,1.0,144
350,11.0,34:19,0.42100000000000004,0.33299999999999996,13.0,1.0,0.0,0.0,18.0,11.0,157
350,12.0,34:54,0.467,0.5,10.0,2.0,2.0,1.0,17.0,-22.0,175
350,13.0,35:45,0.6,0.33299999999999996,4.0,3.0,0.0,0.0,13.0,5.0,184
350,14.0,32:53,0.41700000000000004,0.33299999999999996,3.0,0.0,0.0,0.0,13.0,-9.0,201
350,15.0,33:44,0.455,0.14300000000000002,7.0,1.0,5.0,0.0,22.0,20.0,213
350,16.0,38:26,0.5329999999999999,0.75,8.0,3.0,0.0,0.0,19.0,-8.0,236
350,17.0,39:12,0.5,1.0,6.0,2.0,0.0,0.0,18.0,12.0,267
350,18.0,35:33,0.33299999999999996,0.5,6.0,0.0,1.0,0.0,14.0,-9.0,277
350,19.0,34:49,0.462,0.5,9.0,2.0,2.0,0.0,15.0,2.0,293
350,20.0,32:19,0.563,0.16699999999999998,9.0,2.0,1.0,0.0,20.0,-7.0,304
350,21.0,35:03,0.5,0.0,10.0,1.0,1.0,0.0,16.0,1.0,321
350,22.0,32:46,0.5,0.6,4.0,3.0,1.0,1.0,23.0,24.0,1193
350,23.0,34:13,0.636,0.7140000000000001,5.0,2.0,0.0,0.0,19.0,-13.0,339
350,24.0,35:17,0.444,0.5,4.0,2.0,3.0,0.0,18.0,-12.0,357
350,25.0,35:09,0.625,0.5,10.0,6.0,3.0,0.0,25.0,-4.0,383
350,26.0,31:12,0.35700000000000004,0.33299999999999996,7.0,2.0,1.0,0.0,12.0,7.0,391
350,27.0,33:33,0.563,0.5,5.0,0.0,1.0,0.0,20.0,10.0,411
350,28.0,38:25,0.625,0.33299999999999996,3.0,3.0,1.0,1.0,16.0,11.0,424
350,29.0,30:30,0.462,0.0,5.0,0.0,3.0,0.0,15.0,1.0,437
350,30.0,35:48,0.375,0.2,6.0,1.0,0.0,0.0,16.0,-6.0,445
350,31.0,32:10,0.41700000000000004,1.0,6.0,3.0,3.0,0.0,11.0,-6.0,461
350,32.0,34:11,0.588,0.33299999999999996,7.0,4.0,2.0,1.0,23.0,5.0,477
350,33.0,29:50,0.47600000000000003,0.3,3.0,0.0,4.0,0.0,23.0,-19.0,493
350,no play,,,,,,,,,,499
350,34.0,36:21,0.5710000000000001,0.5,3.0,2.0,0.0,0.0,14.0,12.0,527
350,35.0,35:45,0.41700000000000004,0.545,9.0,2.0,1.0,0.0,26.0,7.0,551
350,no play,,,,,,,,,,558
350,no play,,,,,,,,,,577
350,no play,,,,,,,,,,588
350,no play,,,,,,,,,,602
350,36.0,32:45,0.222,0.16699999999999998,3.0,3.0,2.0,0.0,5.0,12.0,623
350,no play,,,,,,,,,,635
350,no play,,,,,,,,,,655
350,no play,,,,,,,,,,681
350,no play,,,,,,,,,,686
350,no play,,,,,,,,,,701
350,no play,,,,,,,,,,711
350,no play,,,,,,,,,,727
350,no play,,,,,,,,,,738
350,no play,,,,,,,,,,757
350,no play,,,,,,,,,,772
350,no play,,,,,,,,,,799
350,no play,,,,,,,,,,804
350,no play,,,,,,,,,,821
350,no play,,,,,,,,,,832
350,no play,,,,,,,,,,842
350,no play,,,,,,,,,,855
350,no play,,,,,,,,,,1234
350,no play,,,,,,,,,,1255
350,37.0,14:58,0.5,0.667,0.0,0.0,3.0,0.0,6.0,-2.0,1261
350,38.0,21:36,0.364,0.4,2.0,0.0,0.0,0.0,11.0,6.0,862
350,39.0,23:37,0.545,0.33299999999999996,4.0,4.0,0.0,0.0,15.0,20.0,879
350,no play,,,,,,,,,,890
350,40.0,26:11,0.41700000000000004,0.33299999999999996,3.0,1.0,0.0,0.0,14.0,-5.0,905
350,41.0,29:53,0.4,0.0,6.0,1.0,1.0,1.0,12.0,2.0,919
350,42.0,29:13,0.429,0.5,2.0,2.0,3.0,0.0,16.0,-3.0,930
350,43.0,25:43,0.43799999999999994,1.0,6.0,1.0,3.0,1.0,17.0,18.0,945
350,44.0,31:42,0.583,0.667,3.0,4.0,0.0,0.0,18.0,9.0,966
350,45.0,34:03,0.462,0.0,5.0,1.0,1.0,0.0,16.0,12.0,982
350,46.0,34:14,0.429,0.0,3.0,2.0,2.0,0.0,13.0,-12.0,997
350,47.0,34:04,0.5,0.5,9.0,4.0,1.0,0.0,20.0,12.0,1007
350,48.0,38:59,0.5379999999999999,0.667,8.0,2.0,1.0,0.0,18.0,4.0,1020
350,no play,,,,,,,,,,1036
350,49.0,30:51,0.364,0.0,1.0,2.0,0.0,0.0,8.0,6.0,1053
350,50.0,36:03,0.35700000000000004,0.16699999999999998,10.0,2.0,2.0,0.0,12.0,16.0,1073
350,no play,,,,,,,,,,1089
350,no play,,,,,,,,,,1102
350,51.0,33:37,0.125,0.0,7.0,1.0,1.0,0.0,4.0,-22.0,1130
350,52.0,35:10,0.316,0.125,4.0,1.0,2.0,0.0,17.0,-14.0,1138
350,53.0,34:07,0.429,0.429,6.0,4.0,0.0,1.0,15.0,3.0,1150
350,54.0,32:44,0.7,0.6,5.0,2.0,0.0,0.0,18.0,7.0,1165
350,55.0,30:42,0.444,0.0,2.0,1.0,1.0,0.0,8.0,14.0,1180
