Player_ID,G,MP,FG%,3P%,TRB,AST,STL,BLK,PTS,+/-,Game_ID
463,1.0,16:44,0.429,0.0,0.0,2.0,0.0,0.0,6.0,21.0,8
463,2.0,10:23,0.75,,2.0,1.0,0.0,0.0,10.0,-5.0,12
463,3.0,17:48,0.5,0.5,0.0,0.0,0.0,0.0,13.0,-15.0,30
463,4.0,25:40,0.455,0.5,2.0,1.0,0.0,1.0,12.0,-9.0,40
463,5.0,18:11,0.14300000000000002,0.25,1.0,1.0,1.0,0.0,3.0,-1.0,45
463,6.0,27:46,0.7140000000000001,0.5,4.0,1.0,1.0,0.0,11.0,-11.0,61
463,7.0,22:43,0.25,0.0,1.0,4.0,1.0,0.0,5.0,-7.0,81
463,no play,,,,,,,,,,85
463,8.0,15:30,0.667,0.5,4.0,0.0,0.0,0.0,5.0,5.0,101
463,no play,,,,,,,,,,116
463,9.0,17:50,0.0,0.0,0.0,0.0,0.0,0.0,2.0,-1.0,124
463,10.0,26:19,0.6,0.5,3.0,0.0,0.0,1.0,14.0,9.0,164
463,11.0,2:55,,,0.0,0.0,0.0,0.0,2.0,-6.0,179
463,12.0,3:06,0.0,,0.0,0.0,0.0,0.0,0.0,-6.0,192
463,13.0,16:54,0.4,0.33299999999999996,2.0,0.0,0.0,0.0,9.0,14.0,220
463,14.0,4:02,,,0.0,0.0,0.0,0.0,0.0,-10.0,250
463,15.0,6:41,0.5,0.0,1.0,0.0,1.0,0.0,4.0,0.0,258
463,no play,,,,,,,,,,264
463,no play,,,,,,,,,,293
463,no play,,,,,,,,,,312
463,16.0,21:07,0.273,0.16699999999999998,1.0,0.0,0.0,0.0,9.0,24.0,1199
463,17.0,21:46,0.5710000000000001,1.0,4.0,2.0,1.0,0.0,10.0,-5.0,345
463,18.0,26:26,0.0,0.0,2.0,1.0,1.0,0.0,1.0,-7.0,354
463,19.0,4:25,,,0.0,0.0,0.0,1.0,0.0,-5.0,367
463,no play,,,,,,,,,,380
463,20.0,16:17,0.429,0.33299999999999996,0.0,0.0,2.0,0.0,8.0,5.0,394
463,21.0,26:41,0.4,0.5,3.0,2.0,1.0,0.0,5.0,-8.0,407
463,22.0,21:24,0.5,0.33299999999999996,0.0,0.0,0.0,0.0,8.0,-7.0,428
463,23.0,17:05,0.5,0.0,2.0,0.0,2.0,0.0,6.0,-11.0,434
463,24.0,15:43,0.5,0.33299999999999996,3.0,0.0,0.0,0.0,7.0,2.0,450
463,25.0,16:52,0.28600000000000003,0.0,2.0,3.0,0.0,0.0,4.0,-4.0,476
463,26.0,19:05,0.222,0.0,0.0,0.0,2.0,0.0,5.0,-11.0,489
463,27.0,15:27,0.5,0.0,0.0,0.0,0.0,0.0,4.0,-5.0,507
463,28.0,14:55,0.5,0.667,2.0,0.0,0.0,0.0,6.0,-1.0,531
463,29.0,5:51,0.0,0.0,0.0,0.0,0.0,0.0,0.0,-7.0,540
463,no play,,,,,,,,,,556
463,no play,,,,,,,,,,570
463,30.0,2:28,,,0.0,1.0,0.0,0.0,0.0,-2.0,584
463,31.0,0:46,0.0,,0.0,0.0,0.0,0.0,0.0,-2.0,604
463,no play,,,,,,,,,,615
463,32.0,4:27,,,1.0,0.0,0.0,0.0,0.0,-5.0,640
463,33.0,12:00,0.33299999999999996,0.0,0.0,0.0,0.0,0.0,4.0,3.0,649
463,no play,,,,,,,,,,665
463,no play,,,,,,,,,,674
463,no play,,,,,,,,,,685
463,no play,,,,,,,,,,699
463,no play,,,,,,,,,,709
463,no play,,,,,,,,,,724
463,34.0,12:00,0.33299999999999996,0.0,1.0,4.0,1.0,0.0,2.0,3.0,732
463,35.0,35:04,0.5,0.5,0.0,3.0,0.0,0.0,18.0,-4.0,759
463,36.0,29:19,0.33299999999999996,0.25,1.0,1.0,3.0,0.0,10.0,-5.0,770
463,37.0,15:46,0.16699999999999998,0.0,1.0,1.0,0.0,0.0,2.0,-24.0,784
463,38.0,29:40,0.583,0.6,2.0,1.0,0.0,0.0,17.0,17.0,799
463,39.0,42:16,0.47100000000000003,0.6,9.0,3.0,4.0,0.0,22.0,2.0,812
463,40.0,27:50,0.5710000000000001,0.6,2.0,1.0,1.0,1.0,11.0,7.0,825
463,41.0,33:35,0.444,0.6,3.0,0.0,0.0,0.0,13.0,16.0,839
463,42.0,33:03,0.3,0.5,4.0,2.0,0.0,1.0,9.0,-21.0,853
463,43.0,22:49,0.5,0.667,2.0,1.0,0.0,0.0,10.0,5.0,1231
463,44.0,32:37,0.467,0.429,2.0,0.0,1.0,0.0,18.0,-9.0,1242
463,45.0,24:34,0.5,0.667,4.0,1.0,0.0,0.0,14.0,-1.0,1264
463,46.0,13:46,0.28600000000000003,,1.0,0.0,0.0,0.0,6.0,-18.0,866
463,no play,,,,,,,,,,892
463,47.0,13:00,0.5,0.0,2.0,0.0,0.0,0.0,2.0,-1.0,903
463,no play,,,,,,,,,,917
463,48.0,16:24,0.33299999999999996,0.5,4.0,0.0,0.0,0.0,11.0,3.0,932
463,no play,,,,,,,,,,944
463,49.0,22:56,0.4,0.5,5.0,1.0,1.0,0.0,14.0,-5.0,957
463,no play,,,,,,,,,,972
463,no play,,,,,,,,,,988
463,no play,,,,,,,,,,1002
463,50.0,12:42,0.0,0.0,1.0,0.0,0.0,0.0,0.0,-12.0,1025
463,51.0,22:05,0.5,0.0,1.0,2.0,1.0,0.0,11.0,-3.0,1041
463,52.0,20:04,0.4,0.0,2.0,2.0,0.0,0.0,8.0,25.0,1049
463,53.0,15:48,0.14300000000000002,0.0,1.0,0.0,0.0,1.0,3.0,-1.0,1061
463,54.0,27:56,0.75,0.25,4.0,1.0,0.0,0.0,22.0,-19.0,1080
463,55.0,25:00,0.375,0.25,8.0,4.0,0.0,0.0,15.0,-26.0,1092
463,56.0,17:37,0.75,,3.0,0.0,0.0,0.0,7.0,-8.0,1100
463,57.0,26:27,0.615,1.0,3.0,0.0,2.0,0.0,22.0,11.0,1125
463,58.0,26:24,0.5,0.5,3.0,2.0,0.0,0.0,9.0,-9.0,1148
463,59.0,24:11,0.4,0.429,3.0,0.0,0.0,0.0,18.0,0.0,1161
463,60.0,27:06,0.429,0.0,10.0,1.0,1.0,0.0,13.0,21.0,1177
463,61.0,31:00,0.462,0.33299999999999996,7.0,1.0,1.0,0.0,15.0,-14.0,1189
