Player_ID,G,MP,FG%,3P%,TRB,AST,STL,BLK,PTS,+/-,Game_ID
123,1.0,36:33,0.409,0.33299999999999996,13.0,2.0,3.0,1.0,27.0,-10.0,13
123,2.0,29:47,0.5,0.0,10.0,1.0,1.0,0.0,18.0,12.0,31
123,3.0,31:30,0.5710000000000001,1.0,11.0,5.0,0.0,1.0,21.0,18.0,41
123,4.0,34:00,0.33299999999999996,0.0,9.0,5.0,2.0,1.0,14.0,-4.0,60
123,5.0,35:31,0.385,,10.0,2.0,1.0,0.0,14.0,8.0,70
123,6.0,29:09,0.684,0.0,5.0,3.0,1.0,0.0,28.0,25.0,82
123,7.0,27:52,0.455,0.0,10.0,9.0,0.0,0.0,13.0,27.0,94
123,8.0,26:21,0.5,0.0,13.0,5.0,2.0,1.0,22.0,34.0,111
123,9.0,36:13,0.5,0.0,6.0,3.0,2.0,0.0,25.0,6.0,122
123,10.0,36:41,0.41200000000000003,,11.0,4.0,0.0,1.0,20.0,27.0,131
123,11.0,25:40,0.6,0.0,6.0,6.0,2.0,0.0,20.0,37.0,148
123,12.0,37:57,0.5329999999999999,0.0,8.0,3.0,1.0,2.0,25.0,8.0,163
123,13.0,36:47,0.467,0.0,7.0,6.0,1.0,1.0,29.0,9.0,179
123,14.0,38:48,0.5329999999999999,,13.0,5.0,1.0,0.0,26.0,13.0,188
123,15.0,35:53,0.588,,7.0,7.0,1.0,1.0,26.0,9.0,203
123,16.0,26:06,0.4,1.0,6.0,7.0,2.0,0.0,12.0,14.0,216
123,17.0,36:12,0.529,1.0,3.0,5.0,1.0,0.0,24.0,-9.0,241
123,18.0,34:08,0.4,0.0,9.0,3.0,0.0,0.0,16.0,-14.0,260
123,no play,,,,,,,,,,272
123,19.0,30:32,0.28600000000000003,0.0,5.0,11.0,1.0,0.0,13.0,19.0,289
123,20.0,33:46,0.545,0.5,9.0,4.0,0.0,0.0,27.0,25.0,297
123,21.0,34:22,0.47600000000000003,,16.0,5.0,1.0,2.0,24.0,9.0,313
123,22.0,30:54,0.25,0.0,9.0,2.0,1.0,0.0,12.0,-12.0,1201
123,no play,,,,,,,,,,355
123,23.0,40:00,0.48,,12.0,6.0,0.0,1.0,26.0,1.0,366
123,24.0,33:24,0.643,,7.0,3.0,0.0,0.0,23.0,-1.0,376
123,25.0,38:21,0.6,,8.0,4.0,1.0,0.0,20.0,-2.0,397
123,26.0,38:21,0.47600000000000003,,7.0,7.0,1.0,0.0,26.0,-5.0,406
123,no play,,,,,,,,,,426
123,no play,,,,,,,,,,441
123,no play,,,,,,,,,,455
123,no play,,,,,,,,,,465
123,no play,,,,,,,,,,475
123,no play,,,,,,,,,,486
123,no play,,,,,,,,,,501
123,no play,,,,,,,,,,512
123,no play,,,,,,,,,,524
123,no play,,,,,,,,,,538
123,no play,,,,,,,,,,556
123,no play,,,,,,,,,,566
123,no play,,,,,,,,,,589
123,no play,,,,,,,,,,606
123,no play,,,,,,,,,,626
123,no play,,,,,,,,,,645
123,no play,,,,,,,,,,663
123,no play,,,,,,,,,,672
123,27.0,29:28,0.273,,11.0,5.0,1.0,0.0,12.0,3.0,680
123,28.0,22:44,0.643,0.0,4.0,2.0,1.0,0.0,20.0,-34.0,712
123,29.0,34:04,0.7140000000000001,,9.0,5.0,1.0,1.0,29.0,11.0,745
123,30.0,30:11,0.526,,8.0,2.0,3.0,1.0,31.0,-11.0,751
123,31.0,36:58,0.474,0.0,8.0,4.0,1.0,0.0,23.0,-8.0,772
123,32.0,36:50,0.579,0.667,11.0,11.0,1.0,0.0,26.0,-1.0,777
123,33.0,35:35,0.478,0.667,8.0,5.0,2.0,0.0,32.0,5.0,797
123,34.0,34:33,0.42100000000000004,0.0,12.0,8.0,0.0,1.0,20.0,5.0,814
123,35.0,33:33,0.611,1.0,10.0,6.0,0.0,2.0,26.0,23.0,834
123,36.0,29:17,0.4,0.33299999999999996,5.0,9.0,1.0,2.0,17.0,16.0,852
123,37.0,34:50,0.231,0.5,5.0,8.0,1.0,0.0,12.0,-15.0,1230
123,38.0,38:29,0.529,0.0,9.0,5.0,1.0,0.0,29.0,-4.0,1241
123,39.0,42:19,0.5770000000000001,0.75,10.0,5.0,2.0,0.0,43.0,16.0,1257
123,40.0,34:37,0.41200000000000003,0.25,4.0,5.0,0.0,0.0,17.0,-12.0,865
123,41.0,38:05,0.667,0.0,9.0,8.0,0.0,0.0,21.0,-8.0,874
123,42.0,34:29,0.33299999999999996,0.0,6.0,7.0,0.0,0.0,16.0,11.0,883
123,43.0,35:46,0.5329999999999999,0.33299999999999996,8.0,3.0,0.0,0.0,26.0,6.0,905
123,44.0,35:50,0.455,0.5,4.0,2.0,0.0,0.0,16.0,-19.0,915
123,45.0,30:25,0.308,0.0,12.0,8.0,0.0,1.0,14.0,19.0,921
123,46.0,35:14,0.41700000000000004,0.0,10.0,6.0,3.0,0.0,15.0,8.0,934
123,47.0,36:36,0.375,0.5,9.0,5.0,0.0,0.0,8.0,-2.0,956
123,48.0,37:29,0.5,0.25,7.0,4.0,0.0,0.0,18.0,0.0,973
123,no play,,,,,,,,,,978
123,49.0,31:06,0.588,0.5,8.0,4.0,0.0,0.0,23.0,16.0,991
123,50.0,30:51,0.632,0.75,6.0,2.0,1.0,1.0,30.0,21.0,1010
123,51.0,25:58,0.222,0.25,3.0,8.0,0.0,0.0,12.0,17.0,1018
123,52.0,38:34,0.391,0.33299999999999996,5.0,2.0,1.0,0.0,21.0,-1.0,1029
123,53.0,32:35,0.375,0.2,6.0,1.0,3.0,0.0,15.0,2.0,1042
123,54.0,32:04,0.545,0.5,6.0,4.0,1.0,0.0,17.0,11.0,1049
123,55.0,39:59,0.625,0.0,10.0,9.0,2.0,0.0,26.0,21.0,1079
123,56.0,38:12,0.632,1.0,7.0,2.0,2.0,0.0,31.0,7.0,1084
123,57.0,40:02,0.8,0.5710000000000001,8.0,5.0,1.0,0.0,36.0,22.0,1097
123,58.0,37:42,0.7859999999999999,0.5,4.0,6.0,1.0,0.0,32.0,20.0,1133
123,59.0,36:27,0.368,0.0,8.0,1.0,0.0,1.0,18.0,9.0,1154
123,60.0,26:58,0.545,,8.0,2.0,0.0,0.0,18.0,24.0,1171
123,61.0,33:39,0.429,0.0,9.0,8.0,1.0,0.0,15.0,18.0,1189
