Player_ID,G,MP,FG%,3P%,TRB,AST,STL,BLK,PTS,+/-,Game_ID
358,1.0,5:03,0.0,,1.0,0.0,1.0,0.0,0.0,1.0,3
358,2.0,2:28,0.5,,0.0,0.0,0.0,0.0,2.0,-4.0,16
358,no play,,,,,,,,,,34
358,no play,,,,,,,,,,46
358,no play,,,,,,,,,,53
358,3.0,2:28,0.5,,1.0,0.0,0.0,0.0,2.0,-2.0,78
358,4.0,8:25,0.25,,2.0,0.0,0.0,0.0,7.0,5.0,94
358,no play,,,,,,,,,,109
358,no play,,,,,,,,,,123
358,no play,,,,,,,,,,134
358,5.0,12:19,0.33299999999999996,,4.0,0.0,0.0,2.0,4.0,7.0,143
358,no play,,,,,,,,,,158
358,6.0,6:09,0.25,,5.0,0.0,0.0,1.0,2.0,2.0,172
358,no play,,,,,,,,,,184
358,no play,,,,,,,,,,199
358,7.0,3:25,0.0,,1.0,0.0,0.0,0.0,0.0,-1.0,214
358,no play,,,,,,,,,,241
358,no play,,,,,,,,,,253
358,8.0,2:09,0.0,,1.0,0.0,0.0,0.0,0.0,-1.0,271
358,no play,,,,,,,,,,277
358,9.0,3:48,1.0,,2.0,0.0,0.0,0.0,3.0,5.0,298
358,no play,,,,,,,,,,310
358,no play,,,,,,,,,,327
358,no play,,,,,,,,,,1192
358,10.0,4:02,,,0.0,0.0,0.0,0.0,0.0,-3.0,342
358,no play,,,,,,,,,,356
358,no play,,,,,,,,,,381
358,no play,,,,,,,,,,389
358,11.0,4:16,0.5,,0.0,1.0,0.0,0.0,2.0,1.0,400
358,12.0,7:08,0.5,,2.0,0.0,1.0,2.0,6.0,3.0,414
358,no play,,,,,,,,,,431
358,no play,,,,,,,,,,446
358,no play,,,,,,,,,,469
358,13.0,4:15,0.5,,3.0,0.0,0.0,0.0,3.0,-1.0,484
358,no play,,,,,,,,,,503
358,no play,,,,,,,,,,514
358,14.0,10:03,0.4,,4.0,0.0,0.0,2.0,4.0,-4.0,528
358,15.0,22:08,0.75,,19.0,0.0,0.0,1.0,15.0,12.0,543
358,16.0,0:00,,,0.0,0.0,0.0,0.0,0.0,0.0,571
358,17.0,10:03,0.429,,4.0,0.0,0.0,0.0,8.0,5.0,584
358,18.0,16:04,0.7140000000000001,,11.0,2.0,0.0,0.0,13.0,-5.0,596
358,19.0,14:31,0.6,,4.0,0.0,0.0,0.0,6.0,-19.0,605
358,no play,,,,,,,,,,617
358,20.0,2:22,0.5,,2.0,0.0,0.0,0.0,2.0,1.0,638
358,21.0,4:55,1.0,,1.0,0.0,0.0,0.0,2.0,2.0,656
358,no play,,,,,,,,,,674
358,no play,,,,,,,,,,710
358,no play,,,,,,,,,,727
358,no play,,,,,,,,,,741
358,no play,,,,,,,,,,754
358,no play,,,,,,,,,,763
358,no play,,,,,,,,,,779
358,22.0,3:59,1.0,,4.0,1.0,0.0,0.0,4.0,-3.0,792
358,no play,,,,,,,,,,807
358,no play,,,,,,,,,,824
358,23.0,8:48,0.0,,4.0,1.0,0.0,0.0,0.0,2.0,830
358,no play,,,,,,,,,,845
358,no play,,,,,,,,,,1227
358,no play,,,,,,,,,,1255
358,no play,,,,,,,,,,1266
358,no play,,,,,,,,,,861
358,24.0,2:53,0.667,,0.0,0.0,0.0,0.0,5.0,3.0,880
358,no play,,,,,,,,,,899
358,25.0,11:21,0.5,,5.0,1.0,0.0,0.0,6.0,0.0,916
358,no play,,,,,,,,,,920
358,no play,,,,,,,,,,935
358,26.0,1:58,0.5,,1.0,0.0,0.0,0.0,4.0,6.0,959
358,27.0,4:46,0.5,,2.0,0.0,1.0,1.0,2.0,1.0,968
358,no play,,,,,,,,,,983
358,28.0,1:46,1.0,,0.0,1.0,0.0,0.0,4.0,0.0,998
358,no play,,,,,,,,,,1012
358,29.0,7:42,1.0,,2.0,0.0,0.0,0.0,7.0,-3.0,1021
358,30.0,12:00,0.7140000000000001,,4.0,0.0,0.0,0.0,15.0,2.0,1034
358,31.0,1:01,,,0.0,0.0,0.0,0.0,0.0,0.0,1058
358,no play,,,,,,,,,,1067
358,no play,,,,,,,,,,1081
358,no play,,,,,,,,,,1090
358,no play,,,,,,,,,,1127
358,32.0,27:33,0.667,,12.0,2.0,0.0,0.0,27.0,10.0,1143
358,33.0,22:52,0.667,,10.0,0.0,1.0,0.0,14.0,10.0,1162
358,34.0,19:56,0.5,,8.0,0.0,1.0,0.0,8.0,1.0,1169
358,35.0,20:39,0.5,,11.0,0.0,1.0,3.0,14.0,0.0,1178
