Player_ID,G,MP,FG%,3P%,TRB,AST,STL,BLK,PTS,+/-,Game_ID
97,no play,,,,,,,,,,11
97,1.0,6:43,0.25,,2.0,1.0,0.0,0.0,2.0,-7.0,26
97,2.0,4:25,0.75,,2.0,0.0,0.0,0.0,6.0,-3.0,39
97,3.0,11:01,1.0,,7.0,0.0,0.0,1.0,4.0,7.0,57
97,4.0,3:19,0.0,,0.0,0.0,0.0,0.0,0.0,-10.0,69
97,5.0,18:00,0.778,1.0,5.0,1.0,0.0,0.0,16.0,5.0,79
97,6.0,17:11,0.75,,6.0,2.0,0.0,0.0,9.0,14.0,92
97,7.0,13:55,0.0,,2.0,2.0,1.0,0.0,0.0,-10.0,107
97,8.0,10:13,1.0,,3.0,1.0,0.0,0.0,2.0,5.0,114
97,9.0,6:05,0.25,,3.0,0.0,0.0,0.0,2.0,-4.0,129
97,10.0,13:58,0.4,1.0,6.0,1.0,0.0,0.0,6.0,-1.0,152
97,11.0,9:43,0.33299999999999996,0.5,0.0,1.0,0.0,1.0,5.0,9.0,169
97,12.0,19:46,1.0,,3.0,0.0,0.0,0.0,2.0,-5.0,188
97,13.0,10:44,0.6,0.0,2.0,0.0,0.0,0.0,6.0,-12.0,194
97,14.0,7:32,0.0,0.0,1.0,0.0,0.0,0.0,0.0,-9.0,206
97,15.0,18:36,0.5,0.0,5.0,3.0,0.0,0.0,6.0,5.0,240
97,16.0,10:34,0.5,,4.0,0.0,0.0,0.0,3.0,-15.0,279
97,no play,,,,,,,,,,296
97,17.0,20:18,0.25,0.5,5.0,0.0,0.0,1.0,4.0,-2.0,306
97,18.0,6:25,,,1.0,2.0,1.0,1.0,0.0,-5.0,318
97,no play,,,,,,,,,,327
97,no play,,,,,,,,,,336
97,no play,,,,,,,,,,350
97,no play,,,,,,,,,,370
97,19.0,22:46,0.33299999999999996,0.0,6.0,0.0,0.0,0.0,6.0,2.0,384
97,20.0,19:24,0.5,1.0,8.0,0.0,0.0,0.0,10.0,-14.0,393
97,21.0,7:08,0.0,,1.0,1.0,0.0,0.0,0.0,-3.0,414
97,no play,,,,,,,,,,432
97,no play,,,,,,,,,,442
97,22.0,2:23,,,1.0,0.0,0.0,0.0,0.0,-3.0,463
97,no play,,,,,,,,,,470
97,no play,,,,,,,,,,485
97,no play,,,,,,,,,,497
97,23.0,2:16,,,0.0,0.0,0.0,0.0,0.0,-5.0,508
97,no play,,,,,,,,,,522
97,no play,,,,,,,,,,537
97,no play,,,,,,,,,,559
97,24.0,10:03,0.429,0.33299999999999996,2.0,0.0,1.0,0.0,7.0,5.0,574
97,25.0,17:49,0.625,0.75,7.0,0.0,1.0,0.0,13.0,6.0,576
97,26.0,18:41,0.25,0.0,3.0,0.0,1.0,0.0,2.0,5.0,593
97,27.0,15:21,0.33299999999999996,,5.0,0.0,1.0,0.0,2.0,-1.0,607
97,28.0,16:02,0.667,0.0,5.0,0.0,0.0,0.0,4.0,9.0,616
97,29.0,6:36,0.0,,1.0,0.0,0.0,0.0,0.0,-10.0,629
97,30.0,16:37,0.625,0.0,7.0,1.0,0.0,0.0,10.0,20.0,652
97,no play,,,,,,,,,,665
97,no play,,,,,,,,,,682
97,no play,,,,,,,,,,688
97,no play,,,,,,,,,,704
97,31.0,13:59,0.33299999999999996,,6.0,1.0,0.0,0.0,4.0,-6.0,721
97,32.0,6:53,0.5,,1.0,0.0,0.0,0.0,2.0,2.0,746
97,33.0,5:13,1.0,,2.0,0.0,0.0,0.0,2.0,-1.0,755
97,34.0,5:54,0.0,,0.0,1.0,0.0,0.0,0.0,-2.0,784
97,35.0,5:31,0.5,,1.0,1.0,0.0,0.0,2.0,-14.0,798
97,36.0,4:20,0.33299999999999996,,1.0,1.0,1.0,0.0,4.0,-1.0,813
97,37.0,30:37,0.545,0.25,6.0,0.0,0.0,0.0,16.0,-9.0,822
97,38.0,10:42,0.2,0.5,4.0,0.0,0.0,1.0,6.0,7.0,837
97,39.0,25:38,0.615,0.25,8.0,0.0,0.0,1.0,19.0,-4.0,855
97,40.0,16:11,0.444,1.0,7.0,1.0,0.0,0.0,9.0,-16.0,1235
97,41.0,18:57,0.33299999999999996,0.33299999999999996,3.0,1.0,0.0,0.0,7.0,3.0,1247
97,42.0,27:50,0.5,0.4,6.0,1.0,3.0,0.0,12.0,-1.0,1267
97,43.0,31:19,0.5,0.5,13.0,0.0,0.0,1.0,17.0,21.0,867
97,44.0,20:46,0.455,0.0,7.0,0.0,0.0,0.0,11.0,-9.0,883
97,45.0,25:40,0.444,0.0,6.0,0.0,0.0,0.0,10.0,-4.0,899
97,46.0,19:07,0.667,0.0,3.0,0.0,0.0,0.0,8.0,1.0,909
97,47.0,20:12,0.33299999999999996,0.0,6.0,0.0,1.0,0.0,8.0,-3.0,926
97,48.0,21:25,0.4,0.0,8.0,0.0,0.0,0.0,12.0,-10.0,945
97,49.0,20:08,0.28600000000000003,0.33299999999999996,7.0,1.0,0.0,0.0,5.0,-11.0,951
97,50.0,20:22,0.444,0.0,7.0,0.0,0.0,1.0,8.0,-14.0,969
97,51.0,15:55,0.2,0.0,6.0,2.0,0.0,1.0,3.0,-11.0,981
97,52.0,30:51,0.769,0.5,5.0,0.0,0.0,0.0,22.0,8.0,992
97,53.0,20:31,0.375,0.25,5.0,0.0,0.0,0.0,9.0,-8.0,1011
97,54.0,22:33,0.556,0.0,6.0,2.0,0.0,0.0,12.0,-5.0,1021
97,55.0,21:30,0.727,1.0,11.0,1.0,0.0,2.0,17.0,0.0,1037
97,56.0,13:10,0.33299999999999996,0.0,2.0,0.0,0.0,0.0,4.0,-3.0,1050
97,57.0,15:01,0.5710000000000001,0.5,4.0,0.0,1.0,0.0,9.0,-5.0,1082
97,58.0,17:04,0.0,0.0,4.0,1.0,1.0,0.0,0.0,-15.0,1098
97,59.0,31:01,0.6,0.6,11.0,0.0,0.0,0.0,21.0,8.0,1107
97,60.0,17:02,0.5,0.0,3.0,0.0,0.0,0.0,8.0,-1.0,1121
97,61.0,20:46,0.75,0.0,11.0,0.0,0.0,0.0,12.0,7.0,1134
97,62.0,21:09,0.429,0.667,7.0,2.0,1.0,0.0,9.0,17.0,1149
97,63.0,14:15,0.8,0.667,6.0,0.0,0.0,0.0,10.0,8.0,1167
97,64.0,25:22,0.455,0.5,10.0,3.0,2.0,0.0,12.0,16.0,1183
