Player_ID,G,MP,FG%,3P%,TRB,AST,STL,BLK,PTS,+/-,Game_ID
234,1.0,23:42,0.5,0.0,0.0,4.0,0.0,0.0,13.0,-16.0,10
234,2.0,39:49,0.294,0.25,3.0,1.0,2.0,1.0,14.0,-4.0,37
234,3.0,38:33,0.385,0.5,1.0,2.0,0.0,2.0,15.0,-8.0,51
234,4.0,39:14,0.375,0.375,2.0,3.0,0.0,1.0,28.0,4.0,66
234,5.0,33:14,0.353,0.2,4.0,3.0,1.0,1.0,15.0,16.0,77
234,6.0,34:06,0.444,0.33299999999999996,2.0,3.0,4.0,1.0,20.0,-8.0,90
234,7.0,10:51,0.125,0.0,4.0,1.0,1.0,0.0,3.0,11.0,103
234,no play,,,,,,,,,,118
234,no play,,,,,,,,,,129
234,no play,,,,,,,,,,154
234,8.0,29:13,0.5,0.6,2.0,5.0,0.0,0.0,18.0,11.0,165
234,9.0,40:09,0.462,0.364,5.0,4.0,1.0,0.0,34.0,-3.0,182
234,10.0,39:40,0.636,0.5,4.0,1.0,0.0,0.0,42.0,1.0,196
234,11.0,37:57,0.4,0.33299999999999996,2.0,8.0,1.0,0.0,14.0,10.0,237
234,12.0,38:03,0.478,0.33299999999999996,6.0,5.0,2.0,0.0,25.0,1.0,251
234,13.0,40:32,0.5,0.5379999999999999,6.0,3.0,0.0,1.0,31.0,7.0,264
234,14.0,41:30,0.47600000000000003,0.4,5.0,1.0,2.0,0.0,31.0,-5.0,280
234,15.0,30:23,0.636,1.0,0.0,0.0,0.0,0.0,23.0,11.0,299
234,16.0,36:01,0.389,0.375,4.0,4.0,3.0,0.0,18.0,17.0,316
234,17.0,37:13,0.389,0.5,3.0,4.0,0.0,0.0,19.0,-9.0,325
234,18.0,36:34,0.5329999999999999,0.5710000000000001,3.0,5.0,0.0,0.0,26.0,6.0,332
234,19.0,36:39,0.4,0.25,0.0,6.0,0.0,0.0,20.0,10.0,346
234,20.0,35:04,0.55,0.25,2.0,1.0,4.0,0.0,29.0,-17.0,363
234,21.0,37:03,0.375,0.429,4.0,9.0,0.0,0.0,20.0,9.0,375
234,22.0,33:53,0.625,0.25,2.0,4.0,0.0,0.0,25.0,16.0,389
234,23.0,38:02,0.565,0.6,3.0,3.0,1.0,0.0,41.0,9.0,406
234,24.0,29:35,0.368,0.273,2.0,3.0,0.0,0.0,22.0,8.0,413
234,25.0,36:48,0.41200000000000003,0.14300000000000002,0.0,5.0,2.0,0.0,21.0,8.0,432
234,26.0,30:47,0.3,0.2,2.0,6.0,0.0,1.0,10.0,-9.0,447
234,27.0,36:38,0.35700000000000004,0.375,4.0,5.0,2.0,0.0,22.0,15.0,466
234,28.0,17:52,0.556,0.33299999999999996,1.0,2.0,2.0,0.0,12.0,9.0,481
234,no play,,,,,,,,,,498
234,29.0,35:26,0.5,0.5,3.0,2.0,2.0,0.0,27.0,-3.0,523
234,30.0,35:17,0.385,0.273,4.0,6.0,0.0,0.0,25.0,3.0,529
234,31.0,34:09,0.583,0.7140000000000001,3.0,3.0,0.0,0.0,22.0,13.0,549
234,32.0,35:58,0.526,0.2,4.0,2.0,0.0,1.0,26.0,7.0,565
234,33.0,37:18,0.467,0.5,4.0,3.0,0.0,0.0,19.0,7.0,576
234,34.0,37:09,0.5,0.6,2.0,4.0,1.0,1.0,35.0,1.0,588
234,35.0,26:56,0.5329999999999999,0.667,4.0,1.0,1.0,0.0,20.0,18.0,609
234,36.0,28:35,0.636,1.0,2.0,5.0,3.0,0.0,25.0,12.0,619
234,37.0,36:58,0.28600000000000003,0.14300000000000002,1.0,4.0,1.0,0.0,12.0,-9.0,633
234,38.0,37:55,0.308,0.0,2.0,5.0,1.0,0.0,8.0,0.0,643
234,39.0,37:32,0.25,0.0,5.0,4.0,2.0,1.0,17.0,0.0,656
234,40.0,31:55,0.375,0.444,5.0,4.0,1.0,0.0,18.0,16.0,670
234,41.0,34:32,0.667,0.4,2.0,5.0,2.0,0.0,31.0,8.0,681
234,42.0,26:19,0.462,0.28600000000000003,1.0,4.0,1.0,0.0,15.0,19.0,706
234,43.0,38:50,0.688,0.5,6.0,2.0,1.0,0.0,27.0,22.0,719
234,44.0,31:53,0.667,0.33299999999999996,2.0,4.0,1.0,0.0,28.0,14.0,730
234,45.0,33:46,0.529,0.556,1.0,4.0,2.0,1.0,23.0,12.0,748
234,46.0,37:08,0.41700000000000004,0.33299999999999996,5.0,3.0,1.0,0.0,12.0,5.0,761
234,47.0,45:20,0.5710000000000001,0.429,5.0,8.0,0.0,0.0,41.0,-7.0,775
234,48.0,41:13,0.48,0.5,6.0,2.0,2.0,0.0,31.0,4.0,790
234,49.0,35:09,0.4,0.3,3.0,4.0,1.0,0.0,20.0,14.0,811
234,50.0,22:39,0.875,0.857,0.0,3.0,0.0,0.0,22.0,30.0,831
234,51.0,35:44,0.5,0.5710000000000001,3.0,4.0,1.0,0.0,19.0,15.0,854
234,52.0,41:30,0.6,0.25,4.0,2.0,1.0,0.0,40.0,1.0,1232
234,53.0,34:04,0.563,0.429,3.0,4.0,0.0,0.0,22.0,7.0,1253
234,54.0,39:02,0.47100000000000003,0.4,4.0,3.0,2.0,0.0,25.0,11.0,1265
234,55.0,32:28,0.529,0.16699999999999998,1.0,3.0,2.0,1.0,23.0,-4.0,857
234,56.0,35:56,0.47600000000000003,0.375,7.0,4.0,1.0,0.0,27.0,7.0,871
234,57.0,40:43,0.5710000000000001,0.6,3.0,4.0,2.0,1.0,32.0,14.0,891
234,58.0,32:48,0.5,0.4,3.0,0.0,2.0,0.0,27.0,-12.0,908
234,59.0,33:36,0.6,0.7140000000000001,3.0,5.0,0.0,0.0,23.0,18.0,918
234,60.0,42:44,0.542,0.556,10.0,3.0,1.0,1.0,38.0,16.0,932
234,61.0,32:52,0.5,0.5,1.0,6.0,1.0,0.0,26.0,5.0,943
234,62.0,37:57,0.33299999999999996,0.273,7.0,2.0,3.0,0.0,20.0,-23.0,955
234,63.0,37:33,0.45,0.33299999999999996,2.0,5.0,0.0,0.0,24.0,1.0,964
234,64.0,31:44,0.556,0.75,4.0,0.0,0.0,0.0,24.0,12.0,981
234,65.0,31:27,0.429,0.28600000000000003,3.0,2.0,1.0,1.0,18.0,-11.0,990
234,66.0,32:48,0.4,0.429,4.0,1.0,0.0,0.0,19.0,-19.0,1007
234,67.0,35:15,0.47600000000000003,0.444,9.0,2.0,4.0,1.0,28.0,5.0,1023
234,68.0,24:38,0.5379999999999999,0.5,1.0,3.0,1.0,0.0,19.0,-6.0,1032
234,69.0,43:04,0.474,0.33299999999999996,4.0,6.0,0.0,0.0,27.0,13.0,1043
234,70.0,35:13,0.43799999999999994,0.2,1.0,3.0,0.0,1.0,16.0,10.0,1070
234,71.0,39:52,0.455,0.455,0.0,4.0,0.0,0.0,27.0,-8.0,1079
234,72.0,39:18,0.5,0.429,3.0,0.0,1.0,0.0,27.0,-6.0,1095
234,73.0,30:35,0.5329999999999999,1.0,2.0,5.0,2.0,0.0,20.0,-16.0,1112
234,74.0,34:48,0.467,0.25,2.0,4.0,3.0,0.0,19.0,-7.0,1116
234,75.0,36:13,0.43799999999999994,0.444,3.0,1.0,2.0,1.0,25.0,7.0,1137
234,76.0,37:56,0.4,0.2,5.0,5.0,2.0,1.0,16.0,3.0,1153
234,77.0,33:12,0.65,0.375,2.0,3.0,0.0,1.0,33.0,13.0,1169
234,no play,,,,,,,,,,1182
