Player_ID,G,MP,FG%,3P%,TRB,AST,STL,BLK,PTS,+/-,Game_ID
156,1.0,21:14,0.14300000000000002,0.0,3.0,5.0,0.0,0.0,7.0,-14.0,
156,2.0,15:44,0.5,0.5,2.0,3.0,1.0,0.0,6.0,0.0,24
156,3.0,19:06,0.455,0.5,2.0,3.0,0.0,0.0,12.0,-12.0,46
156,4.0,22:55,0.429,0.0,3.0,3.0,0.0,0.0,12.0,-11.0,54
156,5.0,22:48,0.5,0.33299999999999996,5.0,7.0,0.0,0.0,6.0,-3.0,69
156,6.0,15:55,0.5,0.5,1.0,2.0,2.0,0.0,5.0,-5.0,83
156,7.0,26:36,0.16699999999999998,0.25,3.0,11.0,1.0,0.0,3.0,24.0,102
156,8.0,27:04,0.14300000000000002,0.25,6.0,2.0,0.0,0.0,6.0,-21.0,121
156,9.0,15:36,0.33299999999999996,,2.0,5.0,1.0,0.0,6.0,-15.0,127
156,10.0,23:14,0.5,0.33299999999999996,3.0,1.0,1.0,0.0,5.0,-2.0,142
156,11.0,16:41,0.0,0.0,2.0,7.0,1.0,0.0,0.0,4.0,158
156,12.0,24:24,0.7,0.6,5.0,11.0,1.0,0.0,17.0,19.0,165
156,13.0,27:47,0.33299999999999996,0.33299999999999996,4.0,3.0,3.0,0.0,5.0,-4.0,189
156,14.0,22:09,0.33299999999999996,0.0,3.0,11.0,2.0,0.0,4.0,11.0,204
156,15.0,15:42,0.25,0.33299999999999996,3.0,3.0,0.0,0.0,3.0,-8.0,239
156,16.0,25:04,0.5,0.4,1.0,4.0,5.0,0.0,12.0,2.0,252
156,17.0,12:41,0.0,0.0,1.0,2.0,1.0,0.0,0.0,-10.0,266
156,18.0,34:13,0.35700000000000004,0.4,2.0,7.0,2.0,0.0,12.0,8.0,281
156,19.0,19:21,0.25,0.0,3.0,8.0,0.0,0.0,2.0,-11.0,295
156,20.0,25:30,0.7140000000000001,0.5,1.0,3.0,0.0,0.0,19.0,10.0,312
156,21.0,24:01,0.25,0.25,1.0,9.0,1.0,0.0,6.0,2.0,326
156,22.0,30:39,0.429,0.33299999999999996,4.0,3.0,0.0,0.0,16.0,-29.0,1198
156,23.0,38:48,0.5,0.0,5.0,7.0,0.0,0.0,13.0,7.0,345
156,24.0,22:58,0.455,0.75,3.0,4.0,1.0,0.0,19.0,0.0,360
156,25.0,28:18,0.16699999999999998,0.0,0.0,5.0,1.0,0.0,3.0,-5.0,372
156,26.0,29:29,0.308,0.0,7.0,6.0,0.0,0.0,10.0,-16.0,388
156,27.0,36:24,0.25,0.4,0.0,7.0,3.0,0.0,14.0,-14.0,404
156,28.0,21:31,0.667,,3.0,6.0,1.0,0.0,5.0,10.0,421
156,29.0,22:08,0.2,0.5,1.0,12.0,1.0,0.0,4.0,15.0,439
156,30.0,15:42,0.0,0.0,2.0,2.0,2.0,0.0,0.0,-4.0,461
156,31.0,27:52,0.2,0.0,4.0,3.0,1.0,1.0,2.0,-5.0,483
156,32.0,28:09,0.25,0.33299999999999996,3.0,3.0,1.0,0.0,5.0,4.0,500
156,33.0,40:40,0.545,0.375,5.0,7.0,0.0,1.0,32.0,-10.0,510
156,34.0,23:55,0.444,0.4,3.0,4.0,0.0,0.0,12.0,-10.0,521
156,35.0,16:25,0.25,0.5,0.0,5.0,0.0,0.0,3.0,-12.0,536
156,36.0,4:40,0.0,0.0,1.0,1.0,0.0,0.0,0.0,-12.0,553
156,37.0,23:28,0.545,0.6,3.0,4.0,0.0,0.0,17.0,-6.0,557
156,38.0,29:03,0.5710000000000001,0.444,5.0,4.0,2.0,0.0,20.0,-20.0,573
156,39.0,24:18,0.667,1.0,3.0,2.0,0.0,0.0,9.0,5.0,585
156,40.0,13:48,0.25,0.25,0.0,1.0,1.0,0.0,5.0,0.0,593
156,41.0,24:11,0.25,0.25,2.0,7.0,1.0,0.0,9.0,5.0,612
156,42.0,20:20,0.25,0.0,3.0,1.0,1.0,0.0,2.0,-6.0,618
156,43.0,27:18,0.429,0.4,4.0,5.0,0.0,1.0,11.0,19.0,635
156,44.0,24:09,0.25,0.5,1.0,5.0,0.0,0.0,3.0,20.0,643
156,45.0,11:55,0.0,0.0,1.0,0.0,0.0,0.0,2.0,-3.0,659
156,46.0,28:36,0.4,0.5,2.0,6.0,1.0,0.0,9.0,6.0,677
156,47.0,20:44,0.16699999999999998,0.33299999999999996,0.0,3.0,0.0,0.0,3.0,6.0,693
156,48.0,31:14,0.545,0.4,3.0,3.0,1.0,0.0,15.0,12.0,703
156,49.0,53:15,0.33299999999999996,0.5,3.0,11.0,1.0,0.0,18.0,-5.0,716
156,50.0,37:40,0.313,0.33299999999999996,5.0,2.0,4.0,0.0,21.0,-12.0,730
156,51.0,42:40,0.091,0.0,3.0,10.0,5.0,0.0,6.0,7.0,739
156,52.0,42:26,0.615,0.75,5.0,10.0,2.0,0.0,23.0,-1.0,765
156,53.0,27:37,0.556,0.33299999999999996,3.0,5.0,1.0,0.0,16.0,-5.0,774
156,54.0,16:52,0.667,0.0,0.0,1.0,0.0,0.0,4.0,3.0,797
156,55.0,39:14,0.2,0.33299999999999996,2.0,13.0,1.0,0.0,6.0,-2.0,806
156,56.0,17:39,1.0,,3.0,3.0,0.0,0.0,2.0,-2.0,823
156,no play,,,,,,,,,,851
156,57.0,14:08,0.222,0.25,2.0,3.0,1.0,1.0,7.0,-5.0,1229
156,58.0,11:59,0.0,,2.0,3.0,0.0,0.0,2.0,1.0,1244
156,no play,,,,,,,,,,857
156,59.0,9:47,0.0,0.0,0.0,2.0,0.0,0.0,0.0,-14.0,871
156,60.0,16:36,0.33299999999999996,0.0,2.0,7.0,0.0,0.0,2.0,-2.0,891
156,61.0,4:42,0.33299999999999996,,0.0,1.0,0.0,0.0,2.0,2.0,908
156,62.0,17:35,0.28600000000000003,0.0,2.0,6.0,2.0,0.0,4.0,9.0,918
156,63.0,13:21,0.0,0.0,2.0,6.0,0.0,0.0,0.0,-5.0,932
156,64.0,16:01,0.25,0.0,1.0,4.0,0.0,0.0,3.0,-9.0,943
156,65.0,15:26,0.33299999999999996,0.0,0.0,5.0,1.0,0.0,2.0,9.0,955
156,66.0,16:00,0.33299999999999996,0.33299999999999996,2.0,4.0,0.0,0.0,3.0,-7.0,964
156,67.0,17:16,0.25,0.5,4.0,8.0,0.0,0.0,3.0,-9.0,981
156,68.0,16:18,0.16699999999999998,0.0,3.0,5.0,1.0,0.0,2.0,7.0,990
156,69.0,15:20,0.429,0.33299999999999996,1.0,7.0,0.0,0.0,10.0,14.0,1007
156,70.0,13:46,0.4,0.33299999999999996,2.0,6.0,0.0,0.0,5.0,9.0,1023
156,71.0,20:55,0.6,0.667,3.0,9.0,0.0,0.0,18.0,28.0,1032
156,72.0,14:48,0.0,0.0,1.0,5.0,2.0,0.0,1.0,-3.0,1043
156,73.0,12:03,0.0,0.0,1.0,3.0,2.0,0.0,2.0,0.0,1070
156,74.0,11:57,0.0,0.0,2.0,4.0,0.0,0.0,0.0,-1.0,1079
156,75.0,14:22,,,2.0,2.0,0.0,0.0,0.0,3.0,1095
156,76.0,22:54,0.375,0.33299999999999996,7.0,3.0,0.0,0.0,9.0,-6.0,1112
156,77.0,14:06,0.4,0.5,1.0,3.0,0.0,0.0,5.0,15.0,1116
156,78.0,19:33,0.2,0.5,3.0,3.0,1.0,0.0,4.0,-7.0,1137
156,79.0,15:03,0.25,0.0,0.0,4.0,0.0,0.0,2.0,2.0,1153
156,80.0,28:18,0.16699999999999998,0.0,2.0,6.0,5.0,0.0,2.0,2.0,1169
156,81.0,27:24,0.111,0.0,3.0,5.0,1.0,0.0,2.0,-6.0,1182
