Player_ID,G,MP,FG%,3P%,TRB,AST,STL,BLK,PTS,+/-,Game_ID
391,1.0,25:49,0.125,0.0,1.0,5.0,0.0,0.0,7.0,-19.0,8
391,2.0,35:27,0.389,0.16699999999999998,6.0,2.0,1.0,0.0,19.0,-18.0,17
391,3.0,25:38,0.25,0.33299999999999996,1.0,3.0,2.0,0.0,9.0,6.0,32
391,4.0,31:25,0.462,0.5,0.0,0.0,0.0,0.0,18.0,-24.0,41
391,5.0,32:12,0.353,0.25,4.0,3.0,0.0,0.0,16.0,7.0,59
391,6.0,23:06,0.4,0.33299999999999996,1.0,1.0,1.0,0.0,10.0,-25.0,71
391,7.0,17:28,0.125,0.0,0.0,4.0,0.0,0.0,2.0,-6.0,88
391,8.0,19:11,0.5,0.33299999999999996,4.0,6.0,1.0,0.0,11.0,7.0,99
391,9.0,16:54,0.556,0.5,1.0,3.0,0.0,0.0,14.0,-3.0,109
391,10.0,22:18,0.154,0.0,9.0,4.0,0.0,0.0,6.0,-5.0,135
391,11.0,25:15,0.375,0.33299999999999996,2.0,3.0,1.0,0.0,10.0,-7.0,139
391,12.0,28:08,0.6,0.6,4.0,4.0,1.0,0.0,32.0,-6.0,162
391,13.0,21:36,0.429,0.6,0.0,5.0,1.0,0.0,17.0,4.0,171
391,14.0,20:48,0.33299999999999996,0.5,2.0,2.0,1.0,0.0,12.0,-19.0,185
391,15.0,28:12,0.28600000000000003,0.0,6.0,3.0,0.0,0.0,4.0,-9.0,196
391,16.0,25:00,0.5,0.4,0.0,3.0,0.0,0.0,12.0,-1.0,210
391,17.0,27:34,0.41700000000000004,0.2,4.0,1.0,1.0,0.0,15.0,-15.0,247
391,18.0,17:17,0.2,,2.0,0.0,0.0,0.0,11.0,-19.0,257
391,19.0,30:44,0.33299999999999996,1.0,5.0,2.0,1.0,0.0,23.0,8.0,284
391,20.0,22:21,0.5,0.0,1.0,2.0,0.0,0.0,14.0,-28.0,309
391,21.0,27:07,0.33299999999999996,0.0,7.0,5.0,0.0,0.0,15.0,12.0,330
391,22.0,24:52,0.3,0.4,3.0,3.0,1.0,0.0,10.0,-15.0,1200
391,23.0,22:49,0.455,0.33299999999999996,2.0,4.0,1.0,0.0,14.0,-20.0,344
391,24.0,15:47,0.5,0.0,2.0,2.0,1.0,0.0,7.0,-14.0,359
391,25.0,20:07,0.364,0.4,2.0,3.0,0.0,0.0,14.0,-9.0,372
391,26.0,21:53,0.28600000000000003,0.0,1.0,2.0,3.0,0.0,11.0,-2.0,387
391,27.0,20:26,0.3,0.5,1.0,2.0,0.0,0.0,8.0,-6.0,399
391,28.0,28:51,0.615,0.0,2.0,4.0,0.0,0.0,21.0,-5.0,416
391,29.0,25:55,0.5,1.0,5.0,2.0,2.0,1.0,17.0,-10.0,435
391,30.0,14:36,0.5710000000000001,,3.0,1.0,0.0,0.0,12.0,-7.0,453
391,31.0,24:17,0.5,0.4,5.0,1.0,0.0,0.0,21.0,-8.0,472
391,32.0,23:19,0.5,1.0,1.0,5.0,1.0,1.0,14.0,-1.0,487
391,33.0,8:56,0.6,1.0,2.0,0.0,1.0,0.0,7.0,-3.0,495
391,34.0,7:47,0.0,,0.0,0.0,0.0,0.0,0.0,-8.0,511
391,35.0,7:29,0.5,,0.0,3.0,0.0,0.0,5.0,-9.0,524
391,no play,,,,,,,,,,532
391,36.0,26:14,0.545,1.0,2.0,2.0,1.0,0.0,17.0,5.0,546
391,37.0,13:49,0.0,0.0,1.0,1.0,1.0,0.0,3.0,-12.0,569
391,38.0,18:32,0.222,0.0,1.0,1.0,0.0,0.0,5.0,2.0,595
391,no play,,,,,,,,,,608
391,no play,,,,,,,,,,625
391,39.0,4:02,0.33299999999999996,1.0,0.0,0.0,0.0,0.0,3.0,-3.0,641
391,40.0,20:04,0.41700000000000004,0.25,5.0,2.0,1.0,0.0,11.0,-4.0,659
391,41.0,23:55,0.5,,1.0,1.0,0.0,0.0,12.0,17.0,668
391,42.0,22:22,0.429,0.0,2.0,1.0,1.0,0.0,10.0,11.0,684
391,43.0,29:04,0.727,0.5,1.0,4.0,0.0,1.0,17.0,1.0,697
391,44.0,15:51,0.125,0.0,1.0,3.0,0.0,0.0,2.0,-32.0,714
391,45.0,16:10,0.25,0.0,2.0,1.0,0.0,0.0,4.0,-9.0,729
391,46.0,8:16,0.0,0.0,0.0,0.0,0.0,1.0,0.0,1.0,745
391,47.0,18:47,0.556,0.5,2.0,1.0,0.0,0.0,12.0,-5.0,759
391,48.0,7:10,0.2,0.0,1.0,3.0,0.0,0.0,2.0,-11.0,767
391,49.0,24:06,0.455,0.0,2.0,6.0,0.0,0.0,12.0,9.0,780
391,50.0,26:25,0.455,0.5,2.0,2.0,2.0,0.0,16.0,-2.0,794
391,51.0,15:26,0.5,0.0,3.0,3.0,0.0,0.0,6.0,8.0,813
391,52.0,20:01,0.125,0.0,0.0,0.0,0.0,0.0,3.0,-37.0,820
391,53.0,18:12,0.5,1.0,1.0,2.0,0.0,0.0,11.0,4.0,835
391,54.0,20:47,0.5,0.25,2.0,4.0,0.0,1.0,11.0,5.0,850
391,no play,,,,,,,,,,1235
391,no play,,,,,,,,,,1251
391,no play,,,,,,,,,,1268
391,no play,,,,,,,,,,868
391,no play,,,,,,,,,,877
391,no play,,,,,,,,,,890
391,no play,,,,,,,,,,908
391,no play,,,,,,,,,,924
391,no play,,,,,,,,,,942
391,no play,,,,,,,,,,948
391,no play,,,,,,,,,,972
391,no play,,,,,,,,,,986
391,no play,,,,,,,,,,998
391,no play,,,,,,,,,,1013
391,no play,,,,,,,,,,1027
391,no play,,,,,,,,,,1036
391,no play,,,,,,,,,,1047
391,no play,,,,,,,,,,1066
391,no play,,,,,,,,,,1084
391,no play,,,,,,,,,,1101
391,no play,,,,,,,,,,1113
391,no play,,,,,,,,,,1132
391,no play,,,,,,,,,,1147
391,no play,,,,,,,,,,1160
