Player_ID,G,MP,FG%,3P%,TRB,AST,STL,BLK,PTS,+/-,Game_ID
374,1.0,23:40,0.667,0.5,3.0,0.0,0.0,0.0,9.0,10.0,9
374,2.0,4:11,0.5,0.0,0.0,0.0,0.0,0.0,2.0,2.0,20
374,3.0,20:51,0.3,0.0,5.0,2.0,1.0,0.0,9.0,-6.0,35
374,4.0,14:39,0.25,0.0,3.0,1.0,0.0,0.0,2.0,-3.0,43
374,5.0,21:37,0.5,1.0,2.0,2.0,0.0,1.0,3.0,-3.0,55
374,6.0,27:15,0.25,0.0,6.0,3.0,2.0,0.0,12.0,23.0,74
374,7.0,25:02,0.28600000000000003,0.5,2.0,1.0,1.0,1.0,9.0,11.0,88
374,8.0,26:11,0.4,0.5,4.0,1.0,1.0,1.0,5.0,-11.0,100
374,9.0,27:45,0.4,0.0,6.0,2.0,0.0,0.0,4.0,13.0,116
374,10.0,22:13,0.5710000000000001,,0.0,4.0,1.0,0.0,10.0,9.0,125
374,11.0,26:34,0.6,0.5,1.0,1.0,1.0,1.0,10.0,-7.0,138
374,12.0,24:17,0.4,0.0,3.0,0.0,0.0,2.0,8.0,-12.0,153
374,13.0,27:14,0.111,0.0,5.0,2.0,1.0,0.0,4.0,3.0,178
374,14.0,20:27,0.5,,4.0,3.0,0.0,0.0,7.0,5.0,194
374,15.0,25:05,0.667,1.0,2.0,3.0,0.0,0.0,11.0,6.0,207
374,16.0,34:24,0.5,0.5,3.0,1.0,0.0,0.0,16.0,-30.0,219
374,17.0,38:39,0.16699999999999998,0.0,9.0,2.0,2.0,1.0,8.0,-19.0,249
374,18.0,28:36,0.3,0.5,8.0,0.0,0.0,0.0,7.0,12.0,263
374,19.0,29:27,0.4,0.33299999999999996,3.0,5.0,2.0,1.0,9.0,0.0,274
374,20.0,41:09,0.111,0.0,3.0,3.0,2.0,1.0,8.0,14.0,279
374,21.0,35:26,0.5,0.2,6.0,2.0,0.0,0.0,17.0,-24.0,294
374,22.0,39:13,0.4,0.5,5.0,1.0,0.0,3.0,9.0,-9.0,305
374,23.0,25:12,0.16699999999999998,0.0,2.0,2.0,0.0,1.0,4.0,-8.0,323
374,24.0,33:03,0.385,0.5,7.0,1.0,1.0,1.0,12.0,-31.0,1197
374,25.0,30:40,0.375,0.5,7.0,3.0,0.0,0.0,9.0,-1.0,344
374,26.0,25:40,0.125,0.33299999999999996,2.0,2.0,0.0,0.0,3.0,-8.0,360
374,27.0,26:06,0.28600000000000003,0.0,5.0,2.0,0.0,0.0,5.0,-23.0,367
374,28.0,25:36,0.33299999999999996,0.0,1.0,1.0,0.0,0.0,9.0,-17.0,378
374,29.0,20:43,0.125,0.0,3.0,1.0,0.0,0.0,2.0,-7.0,396
374,30.0,40:48,0.4,0.2,10.0,9.0,0.0,0.0,9.0,1.0,402
374,31.0,28:26,0.5,0.0,4.0,3.0,0.0,0.0,4.0,10.0,419
374,32.0,34:30,0.28600000000000003,0.0,8.0,2.0,0.0,0.0,4.0,2.0,440
374,33.0,23:16,0.33299999999999996,0.0,3.0,2.0,0.0,0.0,9.0,-14.0,443
374,34.0,27:31,0.375,0.0,6.0,0.0,0.0,0.0,10.0,-1.0,465
374,35.0,31:07,0.4,,2.0,2.0,0.0,0.0,5.0,4.0,480
374,36.0,31:39,0.2,0.0,6.0,1.0,0.0,0.0,3.0,-14.0,496
374,37.0,25:30,0.28600000000000003,0.0,3.0,2.0,0.0,0.0,6.0,0.0,517
374,38.0,24:36,0.5,,3.0,2.0,0.0,1.0,6.0,-1.0,533
374,39.0,37:26,0.5,0.5,4.0,1.0,0.0,1.0,11.0,-6.0,548
374,40.0,28:09,0.667,0.0,6.0,4.0,0.0,0.0,17.0,10.0,554
374,41.0,26:46,0.667,0.5,3.0,2.0,0.0,1.0,17.0,12.0,572
374,42.0,25:58,0.5,1.0,4.0,2.0,0.0,1.0,11.0,-10.0,582
374,43.0,31:50,0.429,0.33299999999999996,2.0,1.0,0.0,1.0,9.0,-11.0,594
374,44.0,31:23,0.5,1.0,5.0,5.0,1.0,0.0,14.0,2.0,606
374,45.0,28:17,0.14300000000000002,0.0,4.0,3.0,0.0,1.0,5.0,-19.0,617
374,46.0,36:50,0.429,0.33299999999999996,5.0,4.0,3.0,0.0,15.0,1.0,631
374,47.0,32:43,0.429,0.5,7.0,2.0,2.0,0.0,15.0,14.0,654
374,48.0,36:20,0.16699999999999998,0.0,1.0,0.0,1.0,0.0,6.0,-45.0,667
374,49.0,19:23,0.0,0.0,4.0,2.0,0.0,1.0,0.0,-4.0,694
374,50.0,20:28,0.0,0.0,2.0,0.0,1.0,0.0,0.0,-7.0,698
374,51.0,20:34,0.25,0.0,1.0,1.0,0.0,1.0,4.0,-12.0,735
374,52.0,21:21,0.33299999999999996,,6.0,0.0,1.0,3.0,5.0,-1.0,748
374,53.0,32:36,0.5,0.5,6.0,1.0,0.0,0.0,14.0,-7.0,757
374,54.0,32:33,0.5,0.4,7.0,2.0,1.0,0.0,14.0,1.0,774
374,55.0,26:58,0.6,0.75,4.0,5.0,0.0,0.0,15.0,3.0,792
374,56.0,20:15,0.33299999999999996,0.0,2.0,0.0,0.0,0.0,2.0,15.0,808
374,57.0,27:06,0.28600000000000003,0.5,5.0,4.0,0.0,0.0,6.0,-3.0,839
374,58.0,28:39,0.14300000000000002,0.0,2.0,0.0,1.0,1.0,3.0,-34.0,850
374,59.0,38:38,0.33299999999999996,0.2,5.0,4.0,1.0,0.0,11.0,-22.0,1237
374,60.0,35:21,0.667,0.25,2.0,0.0,0.0,1.0,22.0,-9.0,1250
374,61.0,42:08,0.3,0.2,5.0,3.0,1.0,0.0,8.0,11.0,1270
374,62.0,25:37,0.0,0.0,4.0,2.0,1.0,0.0,0.0,-22.0,879
374,63.0,39:02,0.5379999999999999,0.667,6.0,2.0,0.0,1.0,16.0,-19.0,894
374,64.0,35:25,0.556,0.33299999999999996,4.0,5.0,0.0,0.0,13.0,-15.0,907
374,65.0,40:26,0.455,0.0,6.0,3.0,1.0,2.0,14.0,2.0,924
374,66.0,37:59,0.556,0.0,3.0,1.0,3.0,2.0,12.0,-9.0,950
374,67.0,26:48,0.583,0.0,1.0,2.0,1.0,0.0,14.0,-7.0,958
374,68.0,39:25,0.5710000000000001,0.667,6.0,3.0,1.0,0.0,18.0,-21.0,970
374,69.0,34:30,0.364,0.25,1.0,4.0,2.0,1.0,11.0,6.0,987
374,70.0,40:01,0.5329999999999999,0.0,6.0,1.0,0.0,0.0,18.0,-7.0,1003
374,71.0,40:14,0.5710000000000001,0.5,5.0,3.0,2.0,0.0,21.0,-14.0,1018
374,72.0,30:14,0.5,0.5,3.0,0.0,0.0,0.0,11.0,-2.0,1040
374,no play,,,,,,,,,,1056
374,no play,,,,,,,,,,1070
374,no play,,,,,,,,,,1083
374,73.0,23:46,0.5,1.0,5.0,3.0,1.0,1.0,18.0,5.0,1097
374,74.0,23:15,0.545,0.0,3.0,1.0,1.0,0.0,13.0,-5.0,1104
374,75.0,9:36,0.75,,2.0,3.0,0.0,1.0,8.0,13.0,1131
374,76.0,25:04,0.429,0.0,2.0,1.0,2.0,0.0,14.0,-5.0,1148
374,77.0,29:59,0.3,1.0,2.0,1.0,2.0,1.0,10.0,-7.0,1163
374,78.0,28:24,0.375,0.0,5.0,6.0,2.0,0.0,15.0,8.0,1176
374,79.0,29:26,0.313,,5.0,5.0,3.0,0.0,11.0,-29.0,1190
