Player_ID,G,MP,FG%,3P%,TRB,AST,STL,BLK,PTS,+/-,Game_ID
469,1.0,6:46,0.5,,2.0,1.0,0.0,0.0,2.0,10.0,798
469,2.0,2:05,1.0,,0.0,0.0,1.0,0.0,4.0,-2.0,809
469,3.0,2:07,0.0,,0.0,0.0,0.0,0.0,0.0,-8.0,818
469,4.0,24:12,0.33299999999999996,0.0,1.0,3.0,1.0,1.0,2.0,-3.0,833
469,5.0,5:30,0.0,0.0,0.0,1.0,0.0,0.0,0.0,-7.0,853
469,6.0,2:52,0.0,,0.0,0.0,0.0,0.0,0.0,-9.0,1230
469,7.0,2:20,0.667,0.0,1.0,0.0,1.0,0.0,4.0,3.0,1249
469,no play,,,,,,,,,,1270
469,8.0,1:38,,,0.0,0.0,0.0,0.0,2.0,0.0,868
469,no play,,,,,,,,,,884
469,no play,,,,,,,,,,901
469,no play,,,,,,,,,,911
469,9.0,6:43,0.25,,0.0,2.0,0.0,0.0,2.0,3.0,925
469,no play,,,,,,,,,,936
469,10.0,5:25,1.0,,1.0,0.0,1.0,0.0,4.0,-4.0,951
469,11.0,19:55,0.5710000000000001,0.0,5.0,2.0,2.0,0.0,8.0,1.0,965
469,12.0,13:48,0.33299999999999996,,2.0,2.0,0.0,0.0,2.0,1.0,990
469,13.0,18:48,0.8,,4.0,1.0,2.0,0.0,8.0,17.0,1004
469,14.0,15:07,0.667,,2.0,2.0,1.0,0.0,4.0,11.0,1019
469,15.0,9:22,0.25,0.0,1.0,1.0,0.0,0.0,2.0,-19.0,1033
469,16.0,9:44,0.0,,1.0,1.0,1.0,0.0,0.0,-17.0,1047
469,17.0,6:44,0.5,,1.0,0.0,0.0,0.0,5.0,-9.0,1063
469,no play,,,,,,,,,,1074
469,18.0,7:03,0.0,,1.0,1.0,0.0,0.0,0.0,1.0,1087
469,no play,,,,,,,,,,1103
469,no play,,,,,,,,,,1116
469,no play,,,,,,,,,,1126
469,no play,,,,,,,,,,1150
469,19.0,20:37,0.25,0.0,4.0,2.0,1.0,0.0,3.0,-2.0,1168
469,20.0,24:26,0.33299999999999996,0.33299999999999996,0.0,2.0,1.0,0.0,10.0,-17.0,1173
