Player_ID,G,MP,FG%,3P%,TRB,AST,STL,BLK,PTS,+/-,Game_ID
26,no play,,,,,,,,,,2
26,no play,,,,,,,,,,15
26,no play,,,,,,,,,,27
26,no play,,,,,,,,,,39
26,no play,,,,,,,,,,53
26,no play,,,,,,,,,,68
26,no play,,,,,,,,,,97
26,no play,,,,,,,,,,102
26,no play,,,,,,,,,,135
26,no play,,,,,,,,,,148
26,no play,,,,,,,,,,153
26,no play,,,,,,,,,,174
26,no play,,,,,,,,,,190
26,no play,,,,,,,,,,213
26,no play,,,,,,,,,,245
26,no play,,,,,,,,,,258
26,no play,,,,,,,,,,272
26,no play,,,,,,,,,,287
26,no play,,,,,,,,,,301
26,no play,,,,,,,,,,316
26,1.0,9:07,0.0,0.0,4.0,0.0,3.0,0.0,0.0,-2.0,1194
26,2.0,15:17,0.2,0.0,1.0,2.0,1.0,0.0,2.0,-10.0,353
26,3.0,14:36,0.4,0.5,2.0,0.0,0.0,0.0,7.0,-6.0,364
26,4.0,10:34,0.33299999999999996,0.0,4.0,2.0,1.0,0.0,3.0,3.0,378
26,5.0,10:52,0.667,0.5,4.0,2.0,1.0,0.0,5.0,4.0,390
26,6.0,11:28,0.33299999999999996,0.0,1.0,1.0,0.0,0.0,2.0,-8.0,409
26,7.0,18:40,0.16699999999999998,0.33299999999999996,1.0,0.0,1.0,0.0,3.0,8.0,420
26,8.0,12:56,0.33299999999999996,0.0,1.0,4.0,0.0,0.0,5.0,3.0,438
26,9.0,23:45,0.28600000000000003,0.4,7.0,2.0,1.0,1.0,9.0,3.0,444
26,10.0,14:40,0.667,0.5,1.0,1.0,0.0,0.0,5.0,3.0,468
26,11.0,20:17,0.25,0.25,2.0,1.0,1.0,1.0,3.0,1.0,485
26,12.0,24:11,0.8,0.667,3.0,1.0,2.0,0.0,12.0,-13.0,498
26,13.0,14:02,0.0,0.0,0.0,0.0,0.0,0.0,0.0,-7.0,520
26,14.0,21:14,0.667,0.667,2.0,1.0,1.0,0.0,6.0,4.0,541
26,15.0,27:23,0.583,0.28600000000000003,4.0,5.0,0.0,0.0,19.0,10.0,552
26,16.0,21:06,0.6,0.0,3.0,2.0,0.0,0.0,6.0,9.0,564
26,17.0,23:02,0.444,0.25,3.0,2.0,0.0,0.0,11.0,-17.0,578
26,18.0,25:28,0.5,0.2,3.0,1.0,2.0,0.0,10.0,3.0,592
26,19.0,18:30,0.2,0.2,1.0,0.0,0.0,0.0,3.0,-6.0,598
26,20.0,22:28,0.25,0.33299999999999996,2.0,2.0,1.0,0.0,8.0,7.0,614
26,21.0,23:16,0.75,0.667,3.0,4.0,2.0,0.0,14.0,7.0,627
26,22.0,24:57,1.0,1.0,5.0,6.0,1.0,1.0,17.0,3.0,650
26,23.0,18:25,0.5,0.0,1.0,4.0,2.0,0.0,9.0,-9.0,657
26,no play,,,,,,,,,,671
26,24.0,26:03,0.5,0.2,1.0,4.0,0.0,0.0,12.0,-11.0,687
26,no play,,,,,,,,,,700
26,25.0,27:25,0.5,0.5,4.0,1.0,2.0,1.0,11.0,-10.0,715
26,26.0,26:46,0.25,0.0,6.0,2.0,2.0,0.0,4.0,7.0,725
26,27.0,26:34,0.444,0.5,4.0,2.0,2.0,0.0,10.0,0.0,739
26,28.0,29:42,0.111,0.0,5.0,1.0,1.0,0.0,4.0,-24.0,753
26,no play,,,,,,,,,,771
26,no play,,,,,,,,,,785
26,29.0,26:10,0.33299999999999996,0.33299999999999996,5.0,0.0,2.0,1.0,9.0,-2.0,790
26,30.0,18:34,0.5710000000000001,1.0,3.0,1.0,0.0,0.0,9.0,-3.0,805
26,31.0,21:26,0.16699999999999998,0.0,2.0,2.0,0.0,0.0,2.0,-5.0,828
26,32.0,13:26,0.0,0.0,2.0,4.0,1.0,0.0,2.0,-15.0,844
26,33.0,26:23,0.444,0.2,2.0,1.0,1.0,0.0,10.0,-7.0,1240
26,no play,,,,,,,,,,1249
26,34.0,24:39,0.667,1.0,7.0,2.0,3.0,0.0,13.0,12.0,866
26,35.0,20:03,0.33299999999999996,0.0,2.0,2.0,1.0,0.0,4.0,-19.0,876
26,36.0,24:17,0.429,0.0,2.0,6.0,2.0,0.0,7.0,-6.0,887
26,37.0,25:00,0.833,0.667,3.0,1.0,0.0,0.0,14.0,9.0,900
26,38.0,23:42,0.5,0.25,3.0,2.0,1.0,0.0,7.0,-2.0,910
26,39.0,21:51,0.2,0.0,3.0,2.0,0.0,0.0,2.0,-9.0,931
26,40.0,26:18,1.0,1.0,4.0,4.0,2.0,0.0,13.0,-4.0,946
26,41.0,23:04,0.667,0.5,7.0,2.0,2.0,1.0,16.0,-2.0,960
26,42.0,25:20,0.556,0.33299999999999996,7.0,0.0,0.0,0.0,13.0,9.0,976
26,43.0,24:56,0.16699999999999998,0.25,4.0,2.0,1.0,0.0,5.0,1.0,982
26,44.0,25:23,0.33299999999999996,0.33299999999999996,5.0,1.0,0.0,0.0,5.0,5.0,996
26,45.0,25:19,0.625,0.75,1.0,1.0,1.0,0.0,15.0,9.0,1012
26,46.0,20:29,0.5,0.33299999999999996,3.0,3.0,0.0,0.0,8.0,-3.0,1027
26,47.0,18:12,0.5,0.0,2.0,2.0,1.0,0.0,4.0,-7.0,1032
26,48.0,25:50,0.444,0.0,5.0,1.0,0.0,0.0,8.0,-5.0,1048
26,49.0,26:20,0.33299999999999996,0.33299999999999996,5.0,0.0,0.0,0.0,9.0,1.0,1065
26,50.0,24:34,0.33299999999999996,1.0,7.0,4.0,1.0,0.0,7.0,8.0,1081
26,51.0,20:21,0.5,0.25,3.0,0.0,0.0,0.0,9.0,-6.0,1099
26,52.0,18:13,0.375,0.25,2.0,1.0,0.0,0.0,9.0,-4.0,1109
26,53.0,19:26,0.6,0.33299999999999996,4.0,7.0,1.0,1.0,7.0,26.0,1115
26,54.0,26:49,0.583,0.5,4.0,1.0,0.0,0.0,20.0,-10.0,1135
26,55.0,25:26,0.636,0.5710000000000001,5.0,1.0,1.0,0.0,19.0,10.0,1149
26,56.0,27:43,0.33299999999999996,0.33299999999999996,3.0,2.0,0.0,1.0,12.0,-5.0,1165
26,57.0,24:55,0.385,0.0,5.0,2.0,1.0,0.0,10.0,-22.0,1183
