Player_ID,G,MP,FG%,3P%,TRB,AST,STL,BLK,PTS,+/-,Game_ID
438,1.0,25:40,0.727,,9.0,0.0,0.0,1.0,16.0,8.0,9
438,2.0,25:07,0.4,,9.0,0.0,1.0,1.0,4.0,15.0,19
438,3.0,26:26,0.28600000000000003,,10.0,1.0,1.0,2.0,4.0,-8.0,36
438,4.0,18:31,0.6,,4.0,1.0,0.0,1.0,8.0,-11.0,42
438,5.0,21:04,0.667,,6.0,1.0,1.0,1.0,8.0,6.0,54
438,6.0,21:09,0.857,,10.0,0.0,1.0,0.0,12.0,-8.0,80
438,7.0,27:11,0.7,,6.0,0.0,1.0,4.0,14.0,2.0,90
438,8.0,17:51,0.625,,5.0,0.0,0.0,1.0,12.0,-9.0,110
438,9.0,24:45,0.556,,10.0,2.0,0.0,1.0,12.0,3.0,130
438,10.0,25:32,0.429,,13.0,1.0,0.0,5.0,8.0,21.0,145
438,11.0,27:31,0.625,,14.0,0.0,0.0,3.0,13.0,2.0,160
438,12.0,26:48,0.778,,7.0,1.0,1.0,2.0,15.0,15.0,167
438,13.0,30:31,0.526,,8.0,5.0,0.0,1.0,20.0,3.0,180
438,14.0,35:02,0.7,,12.0,2.0,0.0,2.0,15.0,-5.0,199
438,15.0,30:33,0.857,,6.0,0.0,0.0,4.0,12.0,-3.0,215
438,16.0,30:03,0.5,,10.0,0.0,0.0,2.0,17.0,11.0,250
438,17.0,32:37,0.75,,9.0,0.0,0.0,2.0,21.0,11.0,262
438,18.0,28:25,0.667,,6.0,1.0,1.0,1.0,8.0,-17.0,276
438,19.0,24:52,0.625,,4.0,0.0,0.0,2.0,10.0,-9.0,291
438,20.0,26:01,0.75,,9.0,1.0,0.0,1.0,13.0,10.0,300
438,21.0,21:36,0.7140000000000001,,9.0,1.0,1.0,1.0,11.0,-10.0,321
438,22.0,20:12,0.6,,9.0,2.0,2.0,2.0,12.0,16.0,1197
438,23.0,17:13,0.5,,6.0,0.0,0.0,0.0,13.0,-14.0,341
438,24.0,27:26,0.5,,10.0,2.0,0.0,0.0,13.0,11.0,352
438,25.0,18:59,1.0,,6.0,2.0,0.0,0.0,8.0,2.0,364
438,26.0,18:06,0.7,,2.0,2.0,1.0,1.0,14.0,4.0,380
438,27.0,22:10,0.667,,11.0,0.0,0.0,2.0,8.0,4.0,395
438,28.0,15:00,1.0,,4.0,0.0,0.0,0.0,10.0,-1.0,403
438,no play,,,,,,,,,,425
438,no play,,,,,,,,,,435
438,no play,,,,,,,,,,448
438,no play,,,,,,,,,,472
438,no play,,,,,,,,,,479
438,no play,,,,,,,,,,501
438,no play,,,,,,,,,,510
438,no play,,,,,,,,,,523
438,no play,,,,,,,,,,545
438,no play,,,,,,,,,,550
438,no play,,,,,,,,,,567
438,no play,,,,,,,,,,579
438,no play,,,,,,,,,,587
438,no play,,,,,,,,,,600
438,no play,,,,,,,,,,614
438,29.0,8:39,0.0,,6.0,1.0,0.0,1.0,0.0,-5.0,628
438,30.0,10:54,0.667,,3.0,0.0,0.0,2.0,5.0,-2.0,637
438,31.0,20:54,0.625,,12.0,1.0,1.0,1.0,22.0,-14.0,651
438,32.0,16:00,0.5,,4.0,2.0,0.0,1.0,5.0,2.0,661
438,33.0,22:12,0.583,,3.0,1.0,0.0,0.0,16.0,-4.0,675
438,34.0,20:27,0.5,,7.0,1.0,0.0,2.0,12.0,-19.0,686
438,35.0,21:23,0.636,,6.0,0.0,2.0,1.0,17.0,-4.0,707
438,36.0,22:25,0.667,,4.0,1.0,1.0,1.0,10.0,-18.0,718
438,37.0,20:02,0.625,,11.0,1.0,0.0,0.0,12.0,12.0,732
438,38.0,31:13,0.818,,9.0,0.0,2.0,1.0,22.0,5.0,749
438,39.0,31:38,0.875,,9.0,0.0,0.0,1.0,14.0,-1.0,755
438,40.0,28:19,0.778,,9.0,0.0,1.0,1.0,17.0,6.0,786
438,41.0,26:00,0.625,,8.0,2.0,3.0,1.0,11.0,0.0,800
438,42.0,17:53,0.75,,5.0,2.0,0.0,1.0,9.0,32.0,820
438,43.0,15:49,0.7140000000000001,,2.0,0.0,0.0,0.0,12.0,2.0,847
438,44.0,18:53,0.875,,8.0,0.0,0.0,3.0,15.0,15.0,1228
438,45.0,21:53,0.778,,9.0,2.0,1.0,1.0,16.0,5.0,1248
438,46.0,23:32,0.667,,7.0,0.0,2.0,2.0,8.0,14.0,1263
438,47.0,25:59,0.444,,12.0,0.0,0.0,0.0,14.0,15.0,865
438,48.0,28:53,0.5710000000000001,,11.0,2.0,0.0,0.0,24.0,13.0,885
438,49.0,24:52,0.545,,8.0,0.0,1.0,0.0,12.0,-5.0,902
438,50.0,31:44,0.6920000000000001,,12.0,2.0,0.0,0.0,19.0,3.0,914
438,51.0,23:35,0.778,,7.0,1.0,0.0,0.0,17.0,14.0,926
438,52.0,26:15,0.5,,11.0,1.0,1.0,1.0,8.0,1.0,949
438,53.0,21:02,0.7140000000000001,,10.0,2.0,0.0,0.0,15.0,23.0,970
438,54.0,19:16,0.33299999999999996,,4.0,0.0,1.0,2.0,6.0,-12.0,984
438,55.0,24:19,0.5379999999999999,,8.0,0.0,1.0,1.0,16.0,3.0,994
438,56.0,27:02,0.75,,9.0,4.0,1.0,1.0,12.0,16.0,1008
438,57.0,28:35,0.7140000000000001,,13.0,2.0,0.0,2.0,10.0,20.0,1039
438,58.0,22:05,0.833,,9.0,0.0,1.0,2.0,11.0,17.0,1051
438,59.0,30:25,0.9,,7.0,0.0,0.0,1.0,21.0,-3.0,1068
438,60.0,24:31,0.5,,7.0,0.0,1.0,2.0,8.0,-3.0,1085
438,61.0,26:17,0.308,,13.0,4.0,1.0,0.0,8.0,3.0,1096
438,62.0,24:45,0.364,,12.0,3.0,1.0,0.0,8.0,-5.0,1113
438,63.0,23:39,0.7,,11.0,1.0,0.0,0.0,15.0,-6.0,1129
438,no play,,,,,,,,,,1143
438,64.0,23:48,1.0,,6.0,0.0,0.0,1.0,18.0,28.0,1161
438,no play,,,,,,,,,,1171
438,65.0,29:51,0.917,,10.0,2.0,1.0,3.0,22.0,18.0,1185
