Player_ID,G,MP,FG%,3P%,TRB,AST,STL,BLK,PTS,+/-,Game_ID
267,1.0,9:58,0.5,,2.0,0.0,1.0,1.0,4.0,5.0,5
267,2.0,11:42,,,5.0,0.0,0.0,0.0,0.0,-10.0,30
267,3.0,9:52,1.0,,4.0,1.0,0.0,0.0,2.0,-1.0,48
267,4.0,8:30,0.5,,0.0,0.0,0.0,0.0,2.0,-1.0,63
267,5.0,14:34,1.0,,5.0,0.0,1.0,1.0,2.0,0.0,75
267,6.0,23:26,0.33299999999999996,,5.0,1.0,2.0,0.0,4.0,6.0,97
267,7.0,11:49,0.0,,5.0,2.0,0.0,1.0,0.0,1.0,105
267,8.0,14:07,0.667,,3.0,0.0,1.0,0.0,8.0,5.0,131
267,9.0,13:30,0.33299999999999996,,3.0,1.0,3.0,1.0,2.0,-3.0,138
267,10.0,15:08,0.5,,5.0,0.0,1.0,0.0,2.0,6.0,151
267,11.0,13:53,1.0,,3.0,0.0,0.0,1.0,3.0,12.0,168
267,12.0,6:13,1.0,,1.0,0.0,0.0,0.0,2.0,-3.0,186
267,13.0,8:29,0.5,,3.0,0.0,0.0,0.0,2.0,-4.0,201
267,14.0,14:25,0.5,,5.0,0.0,0.0,0.0,4.0,1.0,218
267,15.0,11:05,0.0,,5.0,1.0,0.0,1.0,4.0,4.0,247
267,16.0,9:51,,,3.0,0.0,0.0,0.0,0.0,-3.0,255
267,17.0,4:28,,,1.0,1.0,0.0,0.0,0.0,-5.0,269
267,18.0,5:55,1.0,,2.0,0.0,0.0,1.0,2.0,-6.0,281
267,19.0,27:04,0.667,,12.0,2.0,2.0,3.0,10.0,15.0,295
267,20.0,21:38,0.5,,8.0,1.0,2.0,2.0,4.0,3.0,302
267,21.0,14:47,0.33299999999999996,,1.0,1.0,1.0,0.0,2.0,-7.0,329
267,22.0,14:55,1.0,,8.0,0.0,1.0,0.0,6.0,0.0,331
267,23.0,20:12,0.5,,1.0,2.0,1.0,1.0,4.0,-27.0,342
267,no play,,,,,,,,,,358
267,24.0,10:56,0.5,,4.0,0.0,0.0,1.0,2.0,-10.0,370
267,25.0,14:27,,,5.0,2.0,0.0,1.0,0.0,1.0,403
267,26.0,8:00,1.0,,0.0,0.0,0.0,0.0,4.0,0.0,416
267,no play,,,,,,,,,,430
267,27.0,4:57,0.0,,2.0,0.0,0.0,0.0,0.0,-4.0,450
267,no play,,,,,,,,,,464
267,no play,,,,,,,,,,473
267,28.0,3:55,0.0,,3.0,0.0,0.0,0.0,1.0,-2.0,488
267,29.0,4:39,,,1.0,0.0,1.0,0.0,0.0,-2.0,502
267,30.0,9:48,0.0,,6.0,0.0,1.0,1.0,0.0,8.0,516
267,31.0,8:07,0.0,,2.0,1.0,0.0,1.0,0.0,-1.0,526
267,32.0,7:39,1.0,,4.0,0.0,0.0,0.0,4.0,-5.0,549
267,33.0,3:54,0.0,,2.0,1.0,0.0,0.0,0.0,1.0,561
267,34.0,4:06,,,2.0,1.0,0.0,0.0,0.0,7.0,575
267,35.0,4:06,1.0,,2.0,1.0,0.0,0.0,2.0,1.0,587
267,36.0,9:06,,,2.0,1.0,1.0,0.0,0.0,-3.0,601
267,37.0,4:33,,,3.0,0.0,0.0,0.0,0.0,-13.0,611
267,no play,,,,,,,,,,630
267,38.0,4:32,0.0,,1.0,1.0,0.0,0.0,0.0,1.0,645
267,39.0,5:30,,,0.0,1.0,1.0,0.0,0.0,-3.0,669
267,40.0,7:35,1.0,,4.0,0.0,0.0,0.0,4.0,-1.0,684
267,41.0,4:45,,,0.0,0.0,1.0,1.0,0.0,1.0,696
267,42.0,1:59,0.0,,0.0,0.0,0.0,0.0,0.0,-5.0,715
267,43.0,4:15,0.5,,1.0,0.0,0.0,1.0,2.0,3.0,726
267,44.0,2:43,0.0,,2.0,0.0,0.0,0.0,0.0,-5.0,737
267,45.0,7:38,,,1.0,2.0,0.0,1.0,0.0,4.0,754
267,46.0,3:13,,,1.0,0.0,0.0,0.0,0.0,-6.0,769
267,47.0,5:16,,,2.0,0.0,1.0,0.0,0.0,3.0,781
267,48.0,4:40,,,0.0,0.0,1.0,0.0,0.0,1.0,796
267,49.0,2:41,1.0,,2.0,0.0,0.0,0.0,2.0,1.0,810
267,50.0,8:48,1.0,,3.0,1.0,0.0,0.0,2.0,2.0,822
267,51.0,4:35,0.0,,0.0,0.0,0.0,0.0,0.0,-2.0,838
267,no play,,,,,,,,,,848
267,52.0,3:23,,,1.0,0.0,0.0,0.0,0.0,-4.0,1238
267,no play,,,,,,,,,,1248
267,53.0,1:08,,,0.0,0.0,0.0,1.0,0.0,-2.0,1264
267,54.0,5:24,,,1.0,0.0,1.0,1.0,0.0,1.0,864
267,55.0,1:47,,,0.0,0.0,0.0,0.0,0.0,2.0,886
267,56.0,2:37,0.0,,2.0,0.0,0.0,0.0,0.0,-7.0,915
267,no play,,,,,,,,,,928
267,no play,,,,,,,,,,938
267,no play,,,,,,,,,,955
267,no play,,,,,,,,,,966
267,57.0,9:31,1.0,,2.0,0.0,0.0,0.0,3.0,1.0,985
267,58.0,7:02,1.0,,2.0,0.0,1.0,1.0,4.0,-1.0,999
267,59.0,2:07,0.0,,0.0,0.0,0.0,0.0,0.0,-6.0,1016
267,no play,,,,,,,,,,1040
267,60.0,4:34,1.0,,0.0,0.0,0.0,0.0,2.0,6.0,1046
267,no play,,,,,,,,,,1064
267,no play,,,,,,,,,,1083
267,no play,,,,,,,,,,1100
267,no play,,,,,,,,,,1114
267,61.0,6:15,0.25,,1.0,0.0,0.0,0.0,2.0,-2.0,1124
267,no play,,,,,,,,,,1139
267,no play,,,,,,,,,,1146
267,no play,,,,,,,,,,1163
267,no play,,,,,,,,,,1174
267,62.0,15:20,0.5,,4.0,0.0,0.0,0.0,2.0,19.0,1185
