Player_ID,G,MP,FG%,3P%,TRB,AST,STL,BLK,PTS,+/-,Game_ID
286,1.0,15:16,0.5,0.0,0.0,2.0,0.0,0.0,4.0,-1.0,9
286,2.0,10:54,0.4,0.5,2.0,1.0,0.0,0.0,5.0,7.0,19
286,3.0,14:58,0.5,0.5,2.0,0.0,0.0,0.0,3.0,12.0,36
286,4.0,20:51,0.5710000000000001,0.0,3.0,2.0,1.0,0.0,9.0,-17.0,42
286,5.0,14:10,0.5,,3.0,4.0,1.0,0.0,4.0,8.0,54
286,6.0,15:14,0.0,0.0,0.0,0.0,2.0,0.0,0.0,-7.0,80
286,7.0,16:01,0.5,0.0,3.0,1.0,0.0,0.0,4.0,4.0,90
286,8.0,14:07,0.0,0.0,2.0,1.0,0.0,0.0,0.0,6.0,110
286,9.0,16:04,0.0,0.0,0.0,1.0,1.0,1.0,0.0,-9.0,130
286,10.0,14:11,0.5,0.0,4.0,0.0,0.0,1.0,4.0,1.0,145
286,11.0,16:57,0.667,0.5,2.0,0.0,0.0,0.0,9.0,1.0,160
286,12.0,17:51,0.5,0.0,3.0,0.0,1.0,0.0,9.0,5.0,167
286,13.0,14:47,0.667,0.0,5.0,1.0,0.0,0.0,6.0,14.0,180
286,14.0,13:29,0.667,0.5,1.0,0.0,0.0,0.0,7.0,-2.0,199
286,15.0,10:20,0.6,0.33299999999999996,3.0,0.0,0.0,1.0,7.0,-3.0,215
286,16.0,12:40,0.8,1.0,2.0,0.0,1.0,0.0,10.0,9.0,250
286,17.0,15:18,0.0,,4.0,1.0,0.0,1.0,0.0,2.0,262
286,18.0,18:09,0.0,0.0,2.0,2.0,0.0,0.0,0.0,2.0,276
286,19.0,12:56,0.33299999999999996,0.0,2.0,1.0,1.0,0.0,2.0,11.0,291
286,20.0,12:31,1.0,,0.0,1.0,1.0,0.0,2.0,8.0,300
286,21.0,12:51,0.0,0.0,2.0,1.0,0.0,0.0,1.0,-2.0,321
286,22.0,20:54,0.444,0.0,1.0,2.0,3.0,0.0,9.0,17.0,1197
286,23.0,12:02,0.33299999999999996,0.0,2.0,1.0,0.0,0.0,2.0,-1.0,341
286,24.0,11:14,1.0,1.0,1.0,2.0,0.0,1.0,3.0,1.0,352
286,25.0,9:30,0.0,0.0,0.0,0.0,1.0,0.0,0.0,6.0,364
286,26.0,13:20,1.0,1.0,2.0,2.0,0.0,0.0,3.0,11.0,380
286,27.0,15:33,0.5,0.0,0.0,1.0,0.0,0.0,2.0,10.0,395
286,28.0,10:06,0.0,0.0,1.0,0.0,0.0,1.0,0.0,-2.0,403
286,29.0,5:33,,,1.0,1.0,0.0,0.0,0.0,-5.0,425
286,30.0,13:36,0.0,0.0,2.0,0.0,0.0,1.0,0.0,14.0,435
286,31.0,4:54,0.0,,1.0,0.0,0.0,0.0,1.0,-7.0,448
286,32.0,17:45,1.0,1.0,0.0,1.0,1.0,0.0,8.0,-7.0,472
286,33.0,20:23,0.5,0.667,3.0,1.0,1.0,0.0,8.0,17.0,479
286,34.0,16:26,0.6,0.0,3.0,1.0,3.0,0.0,10.0,28.0,501
286,35.0,28:52,0.5,0.33299999999999996,4.0,1.0,0.0,0.0,7.0,1.0,510
286,36.0,15:56,0.5,0.0,1.0,2.0,0.0,0.0,4.0,-1.0,523
286,37.0,12:54,0.5,0.0,2.0,2.0,0.0,1.0,2.0,2.0,545
286,38.0,15:53,0.0,0.0,1.0,3.0,0.0,0.0,0.0,7.0,550
286,39.0,13:40,0.25,0.0,2.0,2.0,3.0,1.0,2.0,9.0,567
286,40.0,25:54,0.7,0.5,5.0,0.0,1.0,0.0,15.0,5.0,579
286,41.0,27:12,0.444,0.5,2.0,1.0,1.0,1.0,9.0,-18.0,587
286,42.0,16:35,0.28600000000000003,0.25,4.0,0.0,0.0,0.0,6.0,-8.0,600
286,43.0,18:27,0.0,0.0,2.0,1.0,0.0,0.0,0.0,17.0,614
286,44.0,25:44,0.4,0.667,1.0,1.0,2.0,0.0,8.0,-8.0,628
286,45.0,17:52,0.16699999999999998,0.0,4.0,1.0,3.0,1.0,2.0,-20.0,637
286,46.0,18:58,0.25,0.0,1.0,2.0,1.0,0.0,4.0,-7.0,651
286,47.0,23:57,0.667,0.5,5.0,2.0,0.0,1.0,6.0,25.0,661
286,48.0,6:43,0.0,0.0,0.0,0.0,0.0,0.0,0.0,-22.0,675
286,49.0,24:12,0.75,,2.0,1.0,1.0,0.0,7.0,9.0,686
286,50.0,11:19,0.0,,0.0,1.0,0.0,0.0,0.0,-10.0,707
286,51.0,7:25,0.0,0.0,1.0,0.0,0.0,0.0,0.0,1.0,718
286,52.0,17:24,0.667,1.0,2.0,2.0,0.0,0.0,5.0,5.0,732
286,53.0,10:31,0.25,0.0,1.0,1.0,0.0,0.0,3.0,-6.0,749
286,54.0,12:27,0.8,,2.0,0.0,1.0,0.0,9.0,10.0,755
286,55.0,12:00,0.5,,3.0,0.0,0.0,0.0,3.0,6.0,786
286,56.0,24:40,0.25,0.25,4.0,2.0,3.0,0.0,5.0,0.0,800
286,57.0,26:51,0.5,0.33299999999999996,1.0,3.0,2.0,0.0,9.0,0.0,820
286,58.0,26:58,0.5,0.0,2.0,2.0,1.0,0.0,4.0,6.0,847
286,59.0,4:00,0.5,,0.0,0.0,0.0,0.0,2.0,0.0,1237
286,60.0,12:39,0.33299999999999996,1.0,2.0,1.0,1.0,0.0,5.0,-6.0,1250
286,61.0,11:15,0.33299999999999996,0.0,1.0,1.0,1.0,1.0,2.0,-9.0,1270
286,62.0,11:57,0.75,,3.0,1.0,0.0,0.0,6.0,-12.0,879
286,63.0,15:30,0.4,0.0,2.0,2.0,0.0,2.0,4.0,-2.0,894
286,64.0,12:35,0.5710000000000001,0.5,2.0,0.0,1.0,1.0,9.0,4.0,907
286,65.0,11:52,0.33299999999999996,0.0,1.0,4.0,1.0,0.0,2.0,15.0,924
286,66.0,10:01,0.33299999999999996,,0.0,0.0,0.0,0.0,4.0,7.0,950
286,67.0,17:10,0.375,,4.0,1.0,2.0,0.0,7.0,-24.0,958
286,68.0,22:05,0.4,0.0,3.0,1.0,2.0,0.0,4.0,-28.0,970
286,69.0,6:49,0.0,,1.0,3.0,0.0,0.0,0.0,-5.0,987
286,70.0,19:07,0.5,0.0,9.0,0.0,1.0,0.0,9.0,2.0,1003
286,71.0,11:48,0.2,0.0,1.0,1.0,0.0,1.0,2.0,-16.0,1018
286,72.0,15:46,0.625,0.5,3.0,1.0,0.0,0.0,12.0,-6.0,1040
286,73.0,19:26,0.2,0.5,2.0,1.0,1.0,2.0,3.0,-10.0,1056
286,74.0,15:17,0.75,,2.0,0.0,0.0,1.0,9.0,2.0,1070
286,75.0,18:00,0.5,0.0,2.0,2.0,0.0,0.0,11.0,-14.0,1083
286,76.0,10:06,0.33299999999999996,,3.0,1.0,1.0,0.0,6.0,9.0,1097
286,77.0,12:47,0.5,,1.0,1.0,3.0,0.0,4.0,11.0,1104
286,78.0,20:58,0.33299999999999996,0.5,1.0,4.0,2.0,0.0,5.0,7.0,1131
286,79.0,22:12,0.28600000000000003,0.0,2.0,1.0,2.0,0.0,6.0,2.0,1148
286,80.0,15:08,0.5,0.0,0.0,3.0,0.0,0.0,2.0,7.0,1163
286,81.0,23:36,0.5,,5.0,5.0,2.0,0.0,7.0,5.0,1176
286,82.0,18:02,0.5,,2.0,2.0,4.0,0.0,8.0,0.0,1190
