Player_ID,G,MP,FG%,3P%,TRB,AST,STL,BLK,PTS,+/-,Game_ID
43,1.0,19:37,0.0,0.0,3.0,0.0,0.0,1.0,0.0,-19.0,
43,2.0,33:37,0.545,0.5,3.0,1.0,1.0,0.0,16.0,4.0,24
43,3.0,28:50,0.429,0.33299999999999996,2.0,2.0,0.0,0.0,7.0,-1.0,46
43,4.0,27:55,0.583,0.5,0.0,1.0,2.0,1.0,16.0,-11.0,54
43,5.0,40:35,0.8,1.0,2.0,4.0,0.0,0.0,17.0,23.0,69
43,6.0,36:27,0.375,1.0,6.0,0.0,3.0,0.0,10.0,2.0,83
43,7.0,31:02,0.5,0.0,3.0,1.0,0.0,0.0,13.0,0.0,102
43,8.0,21:48,0.0,0.0,1.0,1.0,0.0,1.0,1.0,-18.0,121
43,9.0,33:46,0.5710000000000001,0.667,5.0,1.0,0.0,1.0,10.0,0.0,127
43,10.0,32:05,0.429,0.33299999999999996,2.0,2.0,1.0,0.0,7.0,8.0,142
43,11.0,28:34,0.16699999999999998,0.33299999999999996,4.0,3.0,3.0,0.0,5.0,3.0,158
43,12.0,23:11,0.222,0.0,3.0,0.0,0.0,0.0,4.0,-10.0,165
43,13.0,38:07,0.462,0.667,5.0,5.0,2.0,0.0,14.0,6.0,189
43,14.0,26:32,0.25,0.0,4.0,3.0,1.0,1.0,5.0,-5.0,204
43,15.0,37:40,0.4,0.5,2.0,2.0,2.0,0.0,12.0,13.0,239
43,16.0,30:22,0.556,0.5710000000000001,2.0,3.0,0.0,0.0,14.0,-15.0,252
43,17.0,36:21,0.5,0.6,2.0,1.0,2.0,0.0,13.0,0.0,266
43,18.0,7:53,1.0,1.0,1.0,3.0,0.0,0.0,7.0,4.0,281
43,no play,,,,,,,,,,295
43,no play,,,,,,,,,,312
43,19.0,29:44,0.5710000000000001,1.0,7.0,1.0,0.0,0.0,9.0,16.0,326
43,20.0,31:24,0.5,0.429,2.0,5.0,2.0,0.0,15.0,-20.0,1198
43,21.0,33:00,0.429,0.667,4.0,1.0,0.0,0.0,8.0,7.0,345
43,22.0,34:49,0.667,0.75,0.0,1.0,1.0,0.0,16.0,14.0,360
43,23.0,29:05,0.75,0.667,2.0,2.0,2.0,0.0,14.0,-8.0,372
43,24.0,32:33,0.364,0.0,4.0,3.0,0.0,1.0,9.0,-13.0,388
43,25.0,35:46,0.364,0.667,1.0,1.0,0.0,0.0,10.0,-22.0,404
43,26.0,36:39,0.28600000000000003,0.33299999999999996,4.0,1.0,1.0,0.0,7.0,0.0,421
43,27.0,28:40,0.5710000000000001,0.667,3.0,3.0,2.0,1.0,10.0,2.0,439
43,28.0,34:20,0.444,0.33299999999999996,3.0,0.0,0.0,2.0,11.0,-6.0,461
43,no play,,,,,,,,,,483
43,no play,,,,,,,,,,500
43,no play,,,,,,,,,,510
43,29.0,33:50,0.545,0.25,3.0,0.0,1.0,0.0,14.0,-12.0,521
43,30.0,37:56,0.444,0.6,2.0,3.0,1.0,1.0,11.0,6.0,536
43,31.0,34:50,0.6,0.667,2.0,3.0,1.0,1.0,11.0,8.0,553
43,32.0,27:42,0.33299999999999996,0.33299999999999996,4.0,1.0,2.0,0.0,9.0,-14.0,557
43,33.0,27:30,0.25,0.33299999999999996,2.0,1.0,0.0,0.0,5.0,-19.0,573
43,34.0,27:29,0.429,0.0,2.0,4.0,0.0,0.0,7.0,-12.0,585
43,35.0,30:56,0.375,0.0,2.0,3.0,0.0,0.0,6.0,13.0,593
43,36.0,25:13,0.222,0.25,1.0,0.0,2.0,0.0,5.0,-22.0,612
43,37.0,20:52,0.429,0.25,2.0,1.0,0.0,0.0,7.0,0.0,618
43,38.0,38:06,0.5,0.33299999999999996,8.0,7.0,0.0,1.0,9.0,18.0,635
43,39.0,29:08,0.33299999999999996,0.33299999999999996,4.0,2.0,1.0,0.0,5.0,-1.0,643
43,40.0,37:13,0.556,1.0,4.0,3.0,0.0,1.0,13.0,3.0,659
43,41.0,25:20,0.429,0.33299999999999996,4.0,1.0,1.0,0.0,14.0,-6.0,677
43,42.0,38:18,0.6920000000000001,0.4,6.0,1.0,0.0,1.0,23.0,-5.0,693
43,43.0,35:18,0.583,0.4,3.0,4.0,3.0,1.0,16.0,-5.0,703
43,44.0,52:17,0.375,0.375,9.0,2.0,2.0,1.0,17.0,5.0,716
43,45.0,27:19,0.2,0.2,5.0,1.0,0.0,0.0,5.0,-18.0,730
43,46.0,27:54,0.429,0.0,4.0,2.0,2.0,0.0,7.0,-15.0,739
43,47.0,30:21,0.636,0.6,4.0,0.0,0.0,1.0,17.0,-17.0,765
43,48.0,25:11,0.5,0.5,3.0,1.0,0.0,0.0,8.0,0.0,774
43,49.0,32:03,0.5,0.0,1.0,6.0,1.0,0.0,4.0,-6.0,797
43,50.0,31:02,0.6,0.429,3.0,4.0,2.0,0.0,15.0,-8.0,806
43,51.0,34:42,0.444,0.5,5.0,5.0,1.0,0.0,9.0,3.0,823
43,52.0,39:13,0.5379999999999999,0.4,4.0,1.0,0.0,0.0,16.0,-12.0,851
43,53.0,36:24,0.667,0.6,6.0,5.0,1.0,0.0,25.0,0.0,1229
43,54.0,24:07,0.28600000000000003,0.25,4.0,2.0,1.0,0.0,5.0,-2.0,1244
43,55.0,40:51,0.6,0.75,3.0,3.0,5.0,2.0,16.0,10.0,1258
43,56.0,35:24,0.4,0.33299999999999996,4.0,2.0,1.0,1.0,5.0,7.0,856
43,57.0,37:18,0.462,0.33299999999999996,6.0,3.0,2.0,0.0,16.0,12.0,870
43,58.0,28:47,0.4,0.5,0.0,1.0,3.0,0.0,5.0,-15.0,889
43,59.0,40:55,0.375,0.0,3.0,2.0,1.0,0.0,20.0,6.0,896
43,60.0,36:38,0.33299999999999996,0.4,7.0,5.0,0.0,0.0,12.0,-3.0,912
43,61.0,34:47,0.556,0.5,7.0,5.0,1.0,0.0,13.0,-17.0,935
43,62.0,38:38,0.5,0.5,2.0,1.0,1.0,0.0,15.0,-2.0,946
43,63.0,29:04,0.222,0.2,7.0,3.0,1.0,0.0,5.0,7.0,961
43,64.0,35:15,0.556,0.0,0.0,2.0,0.0,1.0,13.0,-16.0,976
43,65.0,21:56,0.16699999999999998,0.0,2.0,2.0,0.0,0.0,2.0,-8.0,1010
43,66.0,35:15,0.625,0.667,0.0,3.0,1.0,0.0,12.0,-13.0,1026
43,67.0,40:33,0.5,0.0,1.0,4.0,1.0,0.0,16.0,-14.0,1031
43,68.0,40:27,0.273,0.0,7.0,7.0,2.0,1.0,6.0,0.0,1045
43,69.0,32:57,0.5,0.5,7.0,3.0,2.0,1.0,7.0,14.0,1058
43,70.0,30:48,0.444,1.0,2.0,1.0,2.0,1.0,10.0,-21.0,1075
43,71.0,35:04,0.4,0.5,4.0,1.0,3.0,0.0,20.0,4.0,1093
43,72.0,30:19,0.5,0.33299999999999996,3.0,5.0,1.0,0.0,16.0,-9.0,1102
43,73.0,33:09,0.5,0.0,4.0,3.0,0.0,0.0,14.0,5.0,1121
43,74.0,31:10,0.41700000000000004,0.25,9.0,3.0,5.0,0.0,11.0,-1.0,1137
43,75.0,27:34,0.5379999999999999,0.5,3.0,3.0,1.0,0.0,16.0,-3.0,1142
43,76.0,32:01,0.462,0.4,1.0,3.0,1.0,0.0,14.0,-2.0,1157
43,77.0,19:59,0.4,0.33299999999999996,0.0,0.0,0.0,0.0,8.0,-11.0,1181
