Player_ID,G,MP,FG%,3P%,TRB,AST,STL,BLK,PTS,+/-,Game_ID
308,1.0,35:25,0.65,0.667,9.0,6.0,0.0,0.0,39.0,1.0,
308,2.0,36:11,0.45799999999999996,0.4,10.0,3.0,0.0,0.0,29.0,14.0,13
308,3.0,41:22,0.536,0.25,5.0,7.0,2.0,1.0,37.0,2.0,29
308,4.0,31:34,0.42100000000000004,0.4,1.0,2.0,1.0,0.0,31.0,-29.0,50
308,5.0,39:55,0.409,0.125,5.0,5.0,1.0,0.0,27.0,-4.0,59
308,6.0,36:59,0.667,0.833,4.0,4.0,0.0,0.0,42.0,17.0,72
308,7.0,32:54,0.273,0.25,7.0,7.0,1.0,0.0,19.0,4.0,84
308,8.0,37:06,0.522,0.375,5.0,3.0,0.0,0.0,38.0,9.0,99
308,9.0,27:47,0.1,0.0,1.0,1.0,0.0,0.0,8.0,-31.0,111
308,10.0,42:25,0.632,0.5,1.0,7.0,0.0,0.0,36.0,-1.0,124
308,11.0,33:09,0.389,0.429,8.0,6.0,4.0,0.0,32.0,19.0,140
308,12.0,38:26,0.318,0.2,5.0,4.0,1.0,0.0,19.0,-23.0,152
308,13.0,33:50,0.41200000000000003,0.2,5.0,5.0,0.0,1.0,18.0,-24.0,167
308,14.0,35:41,0.33299999999999996,0.364,3.0,2.0,1.0,0.0,27.0,-17.0,173
308,15.0,28:04,0.5710000000000001,0.0,4.0,5.0,1.0,1.0,18.0,13.0,190
308,16.0,35:21,0.444,0.33299999999999996,5.0,6.0,2.0,0.0,22.0,-3.0,204
308,17.0,37:33,0.619,0.7140000000000001,7.0,11.0,0.0,0.0,40.0,-16.0,211
308,18.0,35:55,0.474,0.429,4.0,11.0,0.0,1.0,27.0,18.0,248
308,19.0,37:58,0.35,0.25,5.0,5.0,1.0,0.0,27.0,-15.0,262
308,20.0,34:57,0.611,0.16699999999999998,5.0,10.0,4.0,0.0,28.0,26.0,285
308,21.0,35:14,0.316,0.33299999999999996,4.0,6.0,1.0,0.0,19.0,3.0,308
308,22.0,34:26,0.45799999999999996,0.5,3.0,7.0,2.0,3.0,30.0,1.0,318
308,23.0,39:04,0.444,0.385,7.0,6.0,0.0,0.0,30.0,4.0,1196
308,24.0,36:10,0.33299999999999996,0.28600000000000003,3.0,2.0,1.0,0.0,19.0,-4.0,333
308,25.0,36:45,0.41700000000000004,0.35700000000000004,3.0,9.0,0.0,0.0,33.0,-1.0,348
308,26.0,37:21,0.41200000000000003,0.5710000000000001,5.0,8.0,1.0,1.0,24.0,1.0,366
308,27.0,30:02,0.5379999999999999,0.2,2.0,9.0,1.0,0.0,17.0,4.0,373
308,28.0,37:53,0.591,0.5,3.0,10.0,0.0,0.0,40.0,-11.0,386
308,29.0,30:07,0.5329999999999999,0.33299999999999996,2.0,1.0,1.0,0.0,20.0,-29.0,405
308,30.0,38:30,0.3,0.1,4.0,16.0,0.0,0.0,24.0,3.0,428
308,31.0,39:07,0.435,0.33299999999999996,3.0,4.0,1.0,0.0,29.0,2.0,436
308,32.0,37:29,0.368,0.2,5.0,10.0,1.0,0.0,16.0,-9.0,454
308,no play,,,,,,,,,,474
308,no play,,,,,,,,,,489
308,no play,,,,,,,,,,504
308,no play,,,,,,,,,,516
308,no play,,,,,,,,,,539
308,33.0,35:56,0.5,0.4,5.0,10.0,0.0,0.0,21.0,28.0,548
308,34.0,43:28,0.43799999999999994,0.33299999999999996,9.0,5.0,0.0,0.0,20.0,4.0,571
308,35.0,31:16,0.33299999999999996,0.16699999999999998,8.0,6.0,0.0,1.0,20.0,14.0,582
308,36.0,31:32,0.33299999999999996,0.25,3.0,3.0,0.0,0.0,14.0,12.0,590
308,37.0,37:10,0.462,0.182,8.0,3.0,0.0,0.0,34.0,-12.0,603
308,38.0,28:20,0.353,0.5,7.0,4.0,0.0,1.0,22.0,-15.0,619
308,39.0,35:01,0.389,0.33299999999999996,7.0,6.0,1.0,1.0,21.0,-8.0,634
308,40.0,36:04,0.48,0.28600000000000003,5.0,1.0,1.0,0.0,30.0,-12.0,646
308,41.0,37:19,0.429,0.28600000000000003,1.0,7.0,0.0,1.0,28.0,19.0,655
308,42.0,35:14,0.4,0.2,4.0,2.0,1.0,0.0,24.0,16.0,694
308,43.0,39:30,0.429,0.455,5.0,6.0,0.0,0.0,33.0,0.0,708
308,44.0,36:02,0.429,0.4,2.0,8.0,1.0,0.0,19.0,-2.0,723
308,45.0,30:50,0.556,0.4,4.0,4.0,1.0,0.0,27.0,15.0,734
308,46.0,37:58,0.2,0.125,9.0,6.0,0.0,1.0,13.0,-1.0,760
308,47.0,36:27,0.409,0.444,7.0,3.0,1.0,2.0,29.0,-5.0,773
308,48.0,39:35,0.545,0.556,5.0,6.0,2.0,0.0,29.0,6.0,787
308,49.0,39:50,0.4,0.28600000000000003,6.0,7.0,0.0,0.0,28.0,-5.0,804
308,50.0,41:17,0.28600000000000003,0.33299999999999996,6.0,4.0,1.0,0.0,21.0,-20.0,836
308,51.0,34:36,0.158,0.25,6.0,7.0,0.0,0.0,13.0,-17.0,849
308,52.0,32:22,0.522,0.5710000000000001,5.0,2.0,0.0,0.0,33.0,26.0,
308,53.0,36:26,0.5,0.5710000000000001,6.0,8.0,2.0,0.0,28.0,-2.0,1254
308,54.0,40:39,0.52,0.375,11.0,9.0,1.0,0.0,34.0,3.0,1266
308,55.0,37:48,0.478,0.33299999999999996,4.0,5.0,1.0,0.0,33.0,5.0,869
308,56.0,35:57,0.43799999999999994,0.33299999999999996,5.0,11.0,0.0,1.0,19.0,5.0,887
308,57.0,36:18,0.47100000000000003,0.33299999999999996,3.0,8.0,1.0,0.0,22.0,-4.0,906
308,58.0,40:43,0.28600000000000003,0.0,4.0,4.0,0.0,2.0,24.0,10.0,923
308,59.0,35:36,0.48100000000000004,0.364,3.0,7.0,0.0,0.0,33.0,-13.0,943
308,60.0,37:54,0.5,0.4,6.0,2.0,1.0,0.0,39.0,16.0,948
308,61.0,31:06,0.444,0.5710000000000001,4.0,2.0,0.0,0.0,29.0,-26.0,962
308,62.0,34:07,0.545,0.375,3.0,4.0,2.0,0.0,36.0,2.0,971
308,63.0,33:53,0.529,0.6,5.0,5.0,2.0,0.0,27.0,27.0,989
308,64.0,36:26,0.667,0.75,1.0,5.0,0.0,1.0,49.0,14.0,1001
308,65.0,39:44,0.5,0.222,5.0,7.0,4.0,0.0,31.0,6.0,1017
308,66.0,30:43,0.529,0.5710000000000001,4.0,5.0,2.0,0.0,30.0,15.0,1031
308,67.0,29:02,0.615,0.5,6.0,8.0,2.0,0.0,21.0,15.0,1046
308,68.0,30:27,0.35,0.4,7.0,5.0,3.0,0.0,22.0,21.0,1056
308,69.0,38:16,0.368,0.364,6.0,7.0,3.0,0.0,19.0,9.0,1069
308,70.0,37:48,0.556,0.444,4.0,11.0,2.0,0.0,31.0,12.0,1085
308,71.0,34:38,0.43799999999999994,0.364,5.0,7.0,1.0,0.0,31.0,9.0,1101
308,72.0,39:07,0.33299999999999996,0.273,4.0,6.0,2.0,0.0,25.0,-1.0,1114
308,73.0,34:04,0.25,0.28600000000000003,2.0,3.0,0.0,0.0,16.0,-23.0,1123
308,74.0,36:35,0.33299999999999996,0.111,9.0,8.0,1.0,0.0,22.0,-1.0,1139
308,75.0,41:49,0.529,0.643,6.0,5.0,1.0,1.0,59.0,19.0,1155
308,no play,,,,,,,,,,1170
308,no play,,,,,,,,,,1191
