Player_ID,G,MP,FG%,3P%,TRB,AST,STL,BLK,PTS,+/-,Game_ID
353,1.0,37:43,0.455,0.5,3.0,2.0,3.0,1.0,15.0,3.0,6
353,2.0,41:33,0.25,0.0,5.0,2.0,0.0,0.0,17.0,0.0,29
353,3.0,37:05,0.273,0.4,2.0,1.0,0.0,0.0,16.0,-5.0,38
353,4.0,36:59,0.667,0.5710000000000001,5.0,2.0,0.0,0.0,19.0,-3.0,63
353,5.0,29:09,0.35700000000000004,0.28600000000000003,3.0,2.0,0.0,0.0,16.0,-9.0,78
353,6.0,41:13,0.5379999999999999,0.5,3.0,3.0,0.0,1.0,16.0,20.0,87
353,7.0,38:17,0.455,0.6,7.0,2.0,2.0,1.0,21.0,5.0,98
353,8.0,26:28,0.222,0.2,1.0,2.0,0.0,0.0,11.0,-20.0,115
353,9.0,35:43,0.5,0.5,4.0,1.0,0.0,0.0,18.0,-15.0,134
353,10.0,29:07,0.5379999999999999,0.6,7.0,1.0,0.0,1.0,19.0,-28.0,140
353,11.0,38:03,0.308,0.25,5.0,2.0,1.0,1.0,18.0,21.0,162
353,12.0,42:56,0.308,0.0,9.0,1.0,1.0,0.0,21.0,3.0,177
353,13.0,35:53,0.28600000000000003,0.2,5.0,7.0,0.0,0.0,13.0,18.0,193
353,14.0,36:34,0.667,0.5,5.0,0.0,1.0,0.0,15.0,-2.0,206
353,no play,,,,,,,,,,217
353,no play,,,,,,,,,,246
353,no play,,,,,,,,,,257
353,15.0,36:20,0.375,0.2,4.0,4.0,0.0,1.0,17.0,4.0,283
353,16.0,34:32,0.545,0.667,5.0,1.0,0.0,0.0,16.0,-16.0,300
353,17.0,35:03,0.273,0.5,5.0,1.0,2.0,0.0,12.0,-1.0,307
353,18.0,37:47,0.41700000000000004,0.429,4.0,3.0,2.0,1.0,24.0,0.0,314
353,19.0,22:56,0.28600000000000003,1.0,3.0,3.0,1.0,0.0,5.0,-24.0,1194
353,20.0,31:38,0.273,0.125,4.0,1.0,1.0,0.0,14.0,10.0,332
353,21.0,32:55,0.625,0.667,6.0,3.0,0.0,0.0,21.0,3.0,347
353,22.0,28:02,0.3,0.4,8.0,0.0,0.0,0.0,12.0,-17.0,365
353,23.0,36:11,0.615,0.5,4.0,3.0,1.0,0.0,27.0,8.0,386
353,24.0,27:48,0.444,0.28600000000000003,3.0,3.0,0.0,0.0,13.0,15.0,404
353,25.0,34:23,0.33299999999999996,0.33299999999999996,2.0,4.0,3.0,0.0,14.0,23.0,417
353,26.0,31:45,0.545,0.5,5.0,2.0,0.0,0.0,17.0,-24.0,426
353,27.0,32:42,0.5,0.5,11.0,2.0,0.0,1.0,21.0,7.0,451
353,28.0,37:03,0.41700000000000004,0.4,11.0,1.0,3.0,0.0,23.0,10.0,475
353,29.0,35:29,0.667,0.5,5.0,2.0,0.0,0.0,18.0,-7.0,488
353,30.0,29:23,0.364,0.2,5.0,2.0,0.0,0.0,18.0,7.0,505
353,31.0,32:04,0.467,0.28600000000000003,8.0,4.0,2.0,0.0,19.0,-9.0,525
353,32.0,32:45,0.667,0.667,4.0,3.0,0.0,1.0,24.0,2.0,531
353,33.0,27:46,0.385,0.33299999999999996,3.0,1.0,0.0,0.0,15.0,-5.0,547
353,34.0,35:17,0.278,0.0,7.0,0.0,1.0,0.0,15.0,-25.0,560
353,35.0,30:14,0.636,0.667,2.0,3.0,0.0,0.0,18.0,27.0,591
353,36.0,40:20,0.455,0.33299999999999996,6.0,2.0,1.0,0.0,15.0,15.0,622
353,37.0,39:03,0.462,0.33299999999999996,5.0,6.0,1.0,0.0,14.0,16.0,631
353,no play,,,,,,,,,,644
353,38.0,31:41,0.625,0.667,4.0,2.0,0.0,0.0,18.0,25.0,663
353,39.0,35:10,0.4,0.5,6.0,4.0,0.0,0.0,14.0,-13.0,669
353,40.0,30:57,0.3,1.0,3.0,2.0,1.0,1.0,11.0,7.0,683
353,41.0,35:15,0.43799999999999994,0.28600000000000003,7.0,1.0,0.0,1.0,25.0,16.0,697
353,42.0,37:28,0.643,0.6,8.0,1.0,0.0,0.0,32.0,10.0,714
353,43.0,35:37,0.41700000000000004,0.0,2.0,3.0,1.0,0.0,17.0,-10.0,735
353,44.0,29:35,0.33299999999999996,0.0,3.0,2.0,0.0,0.0,14.0,-10.0,743
353,no play,,,,,,,,,,758
353,no play,,,,,,,,,,768
353,no play,,,,,,,,,,782
353,no play,,,,,,,,,,791
353,no play,,,,,,,,,,806
353,no play,,,,,,,,,,817
353,no play,,,,,,,,,,833
353,no play,,,,,,,,,,848
353,45.0,30:17,0.556,0.0,5.0,4.0,1.0,0.0,15.0,4.0,1231
353,46.0,24:57,0.615,0.5,8.0,0.0,0.0,0.0,20.0,16.0,1240
353,47.0,34:47,0.375,0.28600000000000003,4.0,1.0,2.0,0.0,24.0,0.0,1252
353,48.0,32:20,0.7,0.75,3.0,0.0,1.0,0.0,22.0,3.0,1267
353,49.0,33:36,0.545,0.4,5.0,1.0,1.0,1.0,22.0,5.0,860
353,50.0,33:29,0.33299999999999996,0.25,5.0,0.0,1.0,0.0,22.0,-8.0,884
353,51.0,31:01,0.7140000000000001,0.75,7.0,2.0,0.0,0.0,18.0,18.0,903
353,no play,,,,,,,,,,918
353,52.0,34:24,0.5,0.6,5.0,1.0,2.0,0.0,20.0,8.0,930
353,53.0,33:57,0.455,0.33299999999999996,5.0,2.0,1.0,0.0,15.0,11.0,944
353,54.0,28:41,0.5,0.5,3.0,5.0,0.0,1.0,18.0,14.0,958
353,no play,,,,,,,,,,978
353,no play,,,,,,,,,,994
353,no play,,,,,,,,,,1008
353,no play,,,,,,,,,,1024
353,55.0,35:09,0.16699999999999998,0.0,11.0,2.0,1.0,2.0,21.0,14.0,1035
353,56.0,23:55,0.33299999999999996,0.5,5.0,0.0,0.0,0.0,11.0,-7.0,1055
353,57.0,31:51,0.2,0.125,7.0,3.0,0.0,0.0,13.0,4.0,1069
353,58.0,34:28,0.455,0.667,5.0,4.0,0.0,0.0,19.0,3.0,1087
353,59.0,37:06,0.579,0.429,6.0,2.0,0.0,0.0,29.0,12.0,1110
353,60.0,41:32,0.6,0.5,5.0,3.0,0.0,0.0,28.0,7.0,1119
353,61.0,38:08,0.5,0.375,5.0,3.0,0.0,0.0,23.0,9.0,1129
353,62.0,32:44,0.364,0.33299999999999996,4.0,2.0,0.0,0.0,13.0,23.0,1145
353,63.0,37:52,0.6,0.444,10.0,3.0,2.0,0.0,34.0,-6.0,1159
353,no play,,,,,,,,,,1175
353,no play,,,,,,,,,,1186
