Player_ID,G,MP,FG%,3P%,TRB,AST,STL,BLK,PTS,+/-,Game_ID
495,no play,,,,,,,,,,
495,no play,,,,,,,,,,12
495,no play,,,,,,,,,,28
495,no play,,,,,,,,,,33
495,no play,,,,,,,,,,49
495,no play,,,,,,,,,,73
495,no play,,,,,,,,,,82
495,1.0,26:00,0.33299999999999996,0.25,3.0,2.0,4.0,1.0,8.0,12.0,110
495,no play,,,,,,,,,,123
495,2.0,27:15,0.5,0.5,0.0,2.0,0.0,2.0,5.0,-6.0,130
495,3.0,14:56,0.5,1.0,1.0,0.0,0.0,1.0,3.0,8.0,146
495,4.0,27:46,0.429,0.429,4.0,3.0,1.0,0.0,9.0,29.0,164
495,5.0,26:58,0.667,0.667,4.0,6.0,2.0,0.0,10.0,5.0,178
495,6.0,29:15,0.25,0.0,3.0,4.0,0.0,0.0,7.0,22.0,202
495,7.0,29:59,0.5,0.5710000000000001,3.0,2.0,0.0,1.0,16.0,10.0,209
495,8.0,32:25,0.75,0.75,7.0,2.0,0.0,3.0,11.0,7.0,236
495,9.0,27:24,0.5,0.5,5.0,2.0,0.0,1.0,6.0,6.0,251
495,10.0,23:48,0.25,0.0,5.0,2.0,0.0,0.0,2.0,-13.0,275
495,11.0,27:50,0.5,0.5,3.0,2.0,0.0,0.0,11.0,7.0,282
495,12.0,24:14,0.25,0.25,0.0,1.0,1.0,0.0,3.0,-11.0,299
495,13.0,18:48,0.33299999999999996,0.4,1.0,1.0,0.0,0.0,6.0,-5.0,319
495,14.0,20:14,0.5,0.33299999999999996,3.0,2.0,0.0,0.0,5.0,2.0,329
495,15.0,25:31,0.375,0.375,1.0,1.0,3.0,0.0,9.0,-13.0,336
495,16.0,22:35,0.5,0.0,3.0,2.0,1.0,1.0,5.0,4.0,353
495,17.0,22:49,0.5,0.5,0.0,1.0,0.0,0.0,5.0,-3.0,383
495,18.0,16:05,1.0,1.0,1.0,1.0,0.0,0.0,6.0,-14.0,387
495,19.0,25:01,0.6,0.6,5.0,2.0,1.0,1.0,9.0,16.0,412
495,20.0,33:52,0.5,0.5,3.0,2.0,2.0,1.0,12.0,2.0,425
495,21.0,30:12,0.5,0.4,5.0,1.0,1.0,0.0,10.0,1.0,441
495,22.0,30:03,0.28600000000000003,0.33299999999999996,0.0,0.0,1.0,1.0,5.0,14.0,454
495,23.0,24:26,0.5,0.5,3.0,4.0,1.0,0.0,6.0,16.0,463
495,24.0,29:57,0.5,0.5,3.0,0.0,4.0,1.0,11.0,22.0,487
495,25.0,31:11,0.667,0.75,2.0,1.0,0.0,1.0,18.0,11.0,504
495,26.0,31:21,0.375,0.375,6.0,2.0,0.0,0.0,9.0,0.0,513
495,27.0,22:11,0.4,0.667,3.0,1.0,1.0,0.0,6.0,17.0,530
495,28.0,25:10,0.28600000000000003,0.33299999999999996,5.0,2.0,1.0,1.0,6.0,16.0,547
495,29.0,20:34,0.33299999999999996,0.5,4.0,4.0,1.0,1.0,6.0,1.0,563
495,30.0,26:02,0.41700000000000004,0.444,3.0,0.0,0.0,1.0,14.0,-2.0,580
495,31.0,24:02,0.25,0.33299999999999996,4.0,4.0,0.0,1.0,3.0,21.0,594
495,32.0,28:26,0.429,0.0,2.0,0.0,0.0,0.0,6.0,-13.0,608
495,33.0,27:16,0.125,0.2,4.0,1.0,4.0,1.0,5.0,4.0,630
495,34.0,22:26,0.4,0.33299999999999996,1.0,4.0,2.0,2.0,5.0,3.0,644
495,35.0,32:27,0.4,0.4,2.0,2.0,0.0,0.0,6.0,10.0,662
495,36.0,32:31,0.5,0.33299999999999996,2.0,1.0,2.0,0.0,9.0,14.0,671
495,37.0,34:37,0.16699999999999998,0.0,7.0,2.0,1.0,4.0,4.0,6.0,679
495,38.0,29:08,0.4,0.4,3.0,2.0,2.0,0.0,8.0,-9.0,705
495,39.0,30:43,0.5,0.25,4.0,5.0,0.0,1.0,7.0,-14.0,722
495,40.0,23:48,0.33299999999999996,0.4,1.0,1.0,2.0,3.0,6.0,13.0,733
495,41.0,28:36,0.5,0.4,4.0,0.0,2.0,0.0,12.0,6.0,750
495,42.0,20:00,0.4,0.25,4.0,3.0,2.0,0.0,5.0,20.0,768
495,43.0,32:49,0.41700000000000004,0.33299999999999996,8.0,2.0,0.0,2.0,12.0,-19.0,783
495,44.0,24:53,0.5,0.75,4.0,0.0,1.0,2.0,11.0,16.0,788
495,45.0,29:49,0.8,0.8,4.0,0.0,0.0,0.0,12.0,8.0,807
495,46.0,33:52,0.154,0.2,3.0,1.0,1.0,0.0,6.0,-10.0,823
495,47.0,34:50,0.444,0.4,6.0,3.0,0.0,1.0,12.0,8.0,827
495,48.0,17:31,0.25,0.33299999999999996,6.0,0.0,3.0,2.0,3.0,3.0,840
495,49.0,27:30,0.25,0.33299999999999996,3.0,2.0,1.0,0.0,3.0,-11.0,1241
495,50.0,19:42,0.33299999999999996,1.0,1.0,1.0,3.0,1.0,5.0,9.0,1250
495,51.0,28:13,0.14300000000000002,0.2,2.0,3.0,2.0,3.0,3.0,-2.0,863
495,52.0,36:26,0.3,0.0,7.0,3.0,0.0,0.0,6.0,5.0,878
495,53.0,38:03,0.25,0.2,4.0,1.0,0.0,0.0,6.0,9.0,886
495,54.0,33:17,0.25,0.16699999999999998,4.0,5.0,2.0,0.0,5.0,11.0,902
495,55.0,26:45,0.385,0.5,2.0,0.0,1.0,0.0,14.0,-5.0,917
495,56.0,28:10,0.6,0.5,2.0,3.0,2.0,2.0,9.0,-4.0,922
495,57.0,20:56,0.28600000000000003,0.2,3.0,2.0,0.0,2.0,5.0,16.0,940
495,58.0,29:15,0.556,0.8,5.0,1.0,2.0,2.0,14.0,6.0,954
495,59.0,31:22,0.14300000000000002,0.16699999999999998,3.0,0.0,1.0,1.0,3.0,4.0,971
495,60.0,24:58,0.0,0.0,5.0,1.0,1.0,0.0,4.0,1.0,993
495,61.0,19:37,0.4,0.5,5.0,3.0,0.0,0.0,5.0,11.0,1002
495,62.0,32:11,0.5710000000000001,0.4,3.0,3.0,1.0,1.0,10.0,-4.0,1016
495,63.0,22:01,0.33299999999999996,0.0,0.0,2.0,0.0,0.0,4.0,13.0,1030
495,no play,,,,,,,,,,1045
495,64.0,19:19,0.14300000000000002,0.16699999999999998,2.0,1.0,2.0,4.0,5.0,11.0,1059
495,65.0,30:13,0.556,0.667,6.0,3.0,2.0,0.0,16.0,-1.0,1078
495,66.0,17:41,0.16699999999999998,0.0,1.0,0.0,1.0,2.0,2.0,-19.0,1094
495,no play,,,,,,,,,,1106
495,no play,,,,,,,,,,1122
495,no play,,,,,,,,,,1131
495,no play,,,,,,,,,,1144
495,no play,,,,,,,,,,1154
495,67.0,20:06,0.4,0.25,4.0,2.0,0.0,1.0,5.0,-1.0,1170
495,68.0,19:37,0.16699999999999998,0.0,4.0,2.0,2.0,1.0,2.0,-7.0,1188
