Player_ID,G,MP,FG%,3P%,TRB,AST,STL,BLK,PTS,+/-,Game_ID
21,1.0,8:30,0.0,0.0,0.0,1.0,0.0,0.0,0.0,1.0,6
21,2.0,32:01,0.545,0.5,8.0,0.0,0.0,2.0,15.0,9.0,21
21,3.0,22:46,0.6,0.667,5.0,0.0,0.0,0.0,9.0,-4.0,28
21,4.0,38:17,0.111,0.25,5.0,1.0,1.0,0.0,4.0,-14.0,47
21,5.0,5:15,0.0,0.0,0.0,0.0,0.0,0.0,0.0,-4.0,56
21,no play,,,,,,,,,,71
21,6.0,25:49,0.6,0.667,1.0,1.0,0.0,1.0,8.0,-23.0,95
21,7.0,23:13,0.6,0.5,4.0,1.0,0.0,1.0,7.0,-4.0,101
21,8.0,18:59,0.25,0.2,4.0,1.0,2.0,1.0,5.0,1.0,113
21,9.0,17:41,0.33299999999999996,0.5,4.0,1.0,1.0,0.0,3.0,-12.0,125
21,10.0,23:25,0.5,0.33299999999999996,1.0,0.0,0.0,0.0,5.0,-8.0,144
21,11.0,32:32,0.33299999999999996,0.5,9.0,0.0,2.0,1.0,7.0,6.0,155
21,12.0,25:27,0.5,0.0,3.0,0.0,1.0,0.0,4.0,4.0,173
21,13.0,42:40,0.25,0.667,8.0,1.0,1.0,0.0,6.0,4.0,181
21,14.0,25:00,0.5710000000000001,1.0,5.0,1.0,0.0,3.0,9.0,13.0,205
21,15.0,11:38,0.5,,2.0,0.0,1.0,1.0,2.0,3.0,218
21,no play,,,,,,,,,,248
21,no play,,,,,,,,,,261
21,no play,,,,,,,,,,274
21,no play,,,,,,,,,,297
21,no play,,,,,,,,,,311
21,no play,,,,,,,,,,320
21,no play,,,,,,,,,,334
21,no play,,,,,,,,,,355
21,no play,,,,,,,,,,359
21,no play,,,,,,,,,,371
21,no play,,,,,,,,,,385
21,no play,,,,,,,,,,395
21,16.0,17:11,0.4,0.33299999999999996,1.0,1.0,1.0,0.0,6.0,3.0,412
21,17.0,18:43,0.5,0.75,5.0,1.0,0.0,0.0,9.0,-3.0,418
21,18.0,12:32,0.0,0.0,1.0,0.0,0.0,0.0,0.0,-5.0,433
21,19.0,33:50,0.25,0.33299999999999996,6.0,2.0,0.0,2.0,5.0,0.0,449
21,20.0,36:49,0.5710000000000001,0.33299999999999996,6.0,0.0,1.0,0.0,11.0,7.0,471
21,21.0,32:09,0.33299999999999996,0.4,9.0,3.0,1.0,1.0,6.0,8.0,486
21,22.0,34:36,0.429,0.5,3.0,0.0,1.0,1.0,8.0,19.0,500
21,23.0,32:43,0.6,0.0,6.0,0.0,0.0,0.0,6.0,6.0,519
21,24.0,27:17,0.5,0.33299999999999996,5.0,1.0,1.0,0.0,5.0,-4.0,544
21,25.0,24:04,0.0,0.0,3.0,0.0,2.0,0.0,0.0,-1.0,558
21,26.0,30:26,0.6,1.0,3.0,0.0,1.0,0.0,9.0,22.0,573
21,27.0,21:32,0.33299999999999996,0.0,5.0,0.0,1.0,0.0,4.0,-5.0,592
21,28.0,18:31,0.429,0.25,5.0,1.0,0.0,0.0,7.0,-4.0,607
21,29.0,31:03,0.14300000000000002,0.2,2.0,0.0,1.0,0.0,3.0,-4.0,621
21,30.0,27:27,0.636,0.0,5.0,0.0,0.0,0.0,14.0,17.0,636
21,31.0,30:22,0.7140000000000001,0.667,7.0,1.0,0.0,1.0,14.0,-32.0,650
21,32.0,30:30,0.4,0.28600000000000003,6.0,2.0,0.0,1.0,11.0,-10.0,676
21,33.0,25:27,0.6,0.5,6.0,0.0,0.0,3.0,7.0,-4.0,691
21,34.0,29:08,0.5,0.0,2.0,1.0,0.0,0.0,4.0,8.0,705
21,35.0,21:20,0.5,0.33299999999999996,4.0,2.0,0.0,0.0,5.0,4.0,719
21,36.0,6:00,,,1.0,0.0,0.0,0.0,0.0,5.0,731
21,37.0,21:46,0.5,0.0,2.0,2.0,0.0,0.0,2.0,-11.0,741
21,38.0,19:23,0.667,,3.0,0.0,1.0,0.0,5.0,-10.0,761
21,39.0,20:16,0.6,,5.0,0.0,1.0,1.0,6.0,-8.0,780
21,40.0,23:30,0.5,0.0,4.0,2.0,1.0,0.0,4.0,-8.0,795
21,41.0,38:17,0.5,0.6,4.0,1.0,0.0,1.0,12.0,16.0,810
21,42.0,38:05,0.41700000000000004,0.5710000000000001,6.0,2.0,0.0,0.0,14.0,-6.0,825
21,no play,,,,,,,,,,835
21,no play,,,,,,,,,,846
21,43.0,25:09,0.667,0.5,4.0,1.0,1.0,0.0,5.0,-20.0,1228
21,44.0,17:22,0.5,0.0,3.0,0.0,0.0,0.0,2.0,-12.0,1246
21,45.0,21:29,0.5,0.5,1.0,0.0,0.0,0.0,3.0,-8.0,1256
21,46.0,32:40,0.625,0.5710000000000001,5.0,1.0,1.0,0.0,16.0,18.0,861
21,47.0,20:52,0.5,0.5,1.0,0.0,0.0,0.0,8.0,-4.0,878
21,48.0,23:33,0.33299999999999996,0.25,4.0,0.0,1.0,0.0,6.0,-7.0,894
21,49.0,25:45,0.33299999999999996,0.0,5.0,0.0,1.0,0.0,4.0,4.0,904
21,50.0,26:25,0.429,0.0,5.0,1.0,2.0,0.0,6.0,-7.0,913
21,51.0,33:57,0.857,0.5,6.0,1.0,0.0,1.0,14.0,8.0,936
21,52.0,24:38,0.75,0.0,10.0,0.0,0.0,0.0,6.0,8.0,962
21,53.0,22:56,0.7140000000000001,0.5,3.0,0.0,1.0,0.0,11.0,2.0,967
21,54.0,38:56,0.6,0.0,9.0,1.0,1.0,1.0,7.0,15.0,984
21,55.0,22:10,0.33299999999999996,1.0,3.0,0.0,1.0,0.0,3.0,7.0,999
21,no play,,,,,,,,,,1014
21,56.0,24:58,0.0,0.0,4.0,0.0,0.0,0.0,0.0,-3.0,1039
21,57.0,28:53,0.5,0.0,8.0,0.0,0.0,2.0,6.0,19.0,1055
21,58.0,39:01,0.33299999999999996,0.5,4.0,0.0,0.0,0.0,8.0,3.0,1062
21,59.0,20:15,0.75,0.6,2.0,0.0,2.0,0.0,15.0,-9.0,1077
21,60.0,21:19,0.6,0.0,8.0,1.0,2.0,1.0,12.0,21.0,1092
21,61.0,14:04,0.75,1.0,1.0,0.0,1.0,0.0,9.0,-12.0,1107
21,62.0,18:42,1.0,1.0,0.0,0.0,0.0,0.0,3.0,-10.0,1119
21,63.0,22:29,0.667,0.0,4.0,0.0,1.0,1.0,4.0,-13.0,1145
21,64.0,26:59,0.5,0.0,5.0,0.0,0.0,0.0,6.0,-23.0,1156
21,65.0,21:03,0.667,0.5,3.0,1.0,1.0,0.0,10.0,5.0,1176
21,66.0,18:46,0.8,0.667,5.0,0.0,1.0,1.0,10.0,-2.0,1191
