Player_ID,G,MP,FG%,3P%,TRB,AST,STL,BLK,PTS,+/-,Game_ID
319,1.0,8:20,0.5,0.0,2.0,0.0,0.0,0.0,5.0,-18.0,
319,2.0,21:31,0.5,0.0,0.0,2.0,0.0,0.0,4.0,-3.0,20
319,3.0,25:39,0.5,0.0,2.0,2.0,1.0,0.0,10.0,-5.0,31
319,4.0,13:52,0.5,0.0,3.0,2.0,0.0,4.0,4.0,11.0,49
319,5.0,19:44,0.667,1.0,2.0,0.0,0.0,0.0,10.0,-13.0,58
319,6.0,28:35,0.33299999999999996,0.33299999999999996,7.0,2.0,0.0,0.0,7.0,-20.0,73
319,7.0,10:41,0.0,0.0,0.0,2.0,0.0,0.0,0.0,-5.0,83
319,8.0,19:30,0.667,0.75,2.0,0.0,0.0,1.0,11.0,13.0,89
319,9.0,23:34,0.5,0.33299999999999996,1.0,5.0,0.0,0.0,6.0,-11.0,104
319,10.0,22:28,0.25,0.0,4.0,2.0,0.0,0.0,4.0,3.0,120
319,11.0,28:53,0.3,0.5,3.0,2.0,1.0,0.0,10.0,7.0,132
319,12.0,30:28,0.444,0.0,3.0,2.0,0.0,0.0,9.0,2.0,147
319,13.0,34:22,0.41700000000000004,0.4,4.0,2.0,1.0,0.0,14.0,3.0,169
319,14.0,27:46,0.364,0.33299999999999996,1.0,1.0,0.0,0.0,10.0,-15.0,180
319,15.0,35:28,0.455,0.0,6.0,2.0,0.0,0.0,10.0,-14.0,193
319,16.0,8:14,0.0,0.0,0.0,0.0,0.0,0.0,0.0,-3.0,217
319,17.0,5:18,0.0,0.0,0.0,1.0,1.0,1.0,0.0,-4.0,242
319,no play,,,,,,,,,,269
319,18.0,8:18,0.25,0.0,3.0,0.0,0.0,0.0,2.0,-10.0,276
319,19.0,18:27,0.16699999999999998,0.25,2.0,2.0,0.0,1.0,5.0,-6.0,290
319,20.0,22:02,0.429,0.0,2.0,2.0,0.0,0.0,10.0,1.0,307
319,21.0,17:45,0.8,1.0,0.0,1.0,0.0,0.0,10.0,8.0,323
319,22.0,16:41,0.6,0.5,3.0,1.0,0.0,1.0,7.0,0.0,330
319,23.0,36:43,0.091,0.0,3.0,5.0,0.0,0.0,2.0,0.0,335
319,24.0,21:40,0.4,1.0,2.0,2.0,2.0,0.0,5.0,-3.0,354
319,25.0,17:04,0.6,1.0,1.0,3.0,0.0,0.0,8.0,0.0,382
319,26.0,18:48,0.667,0.33299999999999996,1.0,1.0,0.0,0.0,11.0,11.0,398
319,27.0,14:15,0.0,0.0,2.0,3.0,0.0,0.0,0.0,4.0,408
319,28.0,26:00,1.0,1.0,1.0,0.0,0.0,0.0,6.0,-9.0,427
319,no play,,,,,,,,,,434
319,no play,,,,,,,,,,452
319,no play,,,,,,,,,,480
319,no play,,,,,,,,,,494
319,no play,,,,,,,,,,511
319,no play,,,,,,,,,,520
319,no play,,,,,,,,,,527
319,29.0,14:27,0.33299999999999996,0.0,0.0,2.0,0.0,0.0,2.0,1.0,542
319,no play,,,,,,,,,,561
319,no play,,,,,,,,,,568
319,no play,,,,,,,,,,581
319,30.0,16:15,0.5,0.0,2.0,4.0,2.0,0.0,4.0,9.0,605
319,31.0,7:33,0.25,0.0,0.0,1.0,0.0,0.0,2.0,-4.0,610
319,32.0,7:36,0.0,0.0,0.0,0.0,0.0,0.0,0.0,-10.0,625
319,no play,,,,,,,,,,653
319,no play,,,,,,,,,,664
319,33.0,14:07,0.5,0.25,1.0,2.0,1.0,0.0,8.0,14.0,678
319,no play,,,,,,,,,,683
319,no play,,,,,,,,,,698
319,34.0,4:49,,,0.0,1.0,0.0,0.0,2.0,0.0,713
319,35.0,7:49,0.33299999999999996,0.5,2.0,0.0,0.0,0.0,3.0,-4.0,744
319,36.0,21:49,0.41700000000000004,0.25,1.0,3.0,1.0,0.0,11.0,1.0,766
319,37.0,13:45,0.6,0.0,2.0,0.0,0.0,0.0,7.0,0.0,778
319,38.0,23:11,0.7140000000000001,0.5,3.0,5.0,1.0,0.0,11.0,16.0,795
319,39.0,18:17,0.667,0.5,0.0,0.0,0.0,0.0,5.0,3.0,803
319,40.0,5:53,0.25,0.0,0.0,0.0,0.0,0.0,2.0,-2.0,821
319,41.0,21:52,0.5,0.0,3.0,3.0,1.0,0.0,10.0,15.0,834
319,42.0,19:42,0.667,,2.0,1.0,1.0,0.0,12.0,-5.0,849
319,43.0,15:57,0.6,0.33299999999999996,3.0,3.0,1.0,0.0,12.0,6.0,1236
319,44.0,10:54,0.0,0.0,2.0,1.0,0.0,1.0,0.0,-12.0,1253
319,45.0,7:39,0.25,,0.0,0.0,0.0,0.0,2.0,-9.0,1269
319,46.0,28:58,0.5,0.4,1.0,3.0,1.0,0.0,15.0,-1.0,864
319,47.0,16:15,0.4,0.33299999999999996,2.0,2.0,1.0,0.0,8.0,-11.0,876
319,48.0,13:22,0.2,0.0,1.0,1.0,0.0,0.0,2.0,-1.0,892
319,49.0,25:24,0.273,0.2,4.0,2.0,0.0,0.0,8.0,3.0,904
319,50.0,9:00,0.5,0.0,1.0,1.0,0.0,0.0,5.0,1.0,914
319,51.0,26:25,0.875,1.0,1.0,1.0,0.0,0.0,22.0,15.0,933
319,52.0,14:22,0.667,1.0,3.0,2.0,0.0,0.0,8.0,8.0,956
319,53.0,22:46,0.75,1.0,3.0,3.0,1.0,0.0,7.0,4.0,968
319,54.0,19:31,0.2,,4.0,2.0,0.0,1.0,2.0,2.0,974
319,55.0,15:32,0.4,0.0,4.0,0.0,0.0,0.0,7.0,2.0,992
319,56.0,5:49,0.0,,1.0,0.0,0.0,0.0,0.0,-4.0,1006
319,no play,,,,,,,,,,1026
319,57.0,2:31,1.0,1.0,0.0,1.0,0.0,0.0,5.0,7.0,1042
319,58.0,24:25,0.33299999999999996,,3.0,2.0,0.0,0.0,4.0,14.0,1062
319,59.0,22:38,0.0,0.0,3.0,2.0,0.0,0.0,0.0,1.0,1080
319,60.0,24:59,0.667,0.667,4.0,2.0,0.0,0.0,10.0,6.0,1095
319,61.0,27:08,0.429,0.5,3.0,2.0,0.0,1.0,7.0,5.0,1106
319,62.0,24:45,0.5710000000000001,0.33299999999999996,3.0,1.0,1.0,0.0,10.0,13.0,1123
319,63.0,23:28,0.6,0.75,2.0,3.0,0.0,0.0,9.0,1.0,1146
319,64.0,14:06,0.0,0.0,1.0,3.0,0.0,1.0,1.0,-9.0,1155
319,65.0,35:45,0.214,0.14300000000000002,6.0,2.0,2.0,0.0,7.0,4.0,1172
319,66.0,16:57,0.5,0.0,1.0,3.0,1.0,0.0,2.0,1.0,1188
