Player_ID,G,MP,FG%,3P%,TRB,AST,STL,BLK,PTS,+/-,Game_ID
65,1.0,27:27,0.16699999999999998,0.0,7.0,2.0,0.0,0.0,5.0,-4.0,7
65,2.0,26:24,0.222,0.33299999999999996,4.0,2.0,0.0,0.0,5.0,-17.0,22
65,3.0,31:29,0.643,1.0,3.0,1.0,1.0,0.0,21.0,5.0,44
65,4.0,28:56,0.385,0.5,7.0,1.0,1.0,0.0,14.0,-19.0,52
65,5.0,17:49,0.2,0.0,7.0,2.0,0.0,0.0,3.0,24.0,76
65,6.0,23:05,0.33299999999999996,,2.0,2.0,0.0,0.0,4.0,-5.0,89
65,7.0,33:36,0.556,1.0,12.0,3.0,0.0,2.0,14.0,-7.0,106
65,8.0,28:48,0.5,0.5,5.0,2.0,3.0,0.0,8.0,0.0,117
65,9.0,27:39,0.385,0.5,7.0,1.0,1.0,0.0,12.0,-11.0,128
65,10.0,24:00,0.364,0.33299999999999996,6.0,2.0,0.0,0.0,11.0,-18.0,145
65,11.0,26:13,0.385,0.16699999999999998,12.0,1.0,0.0,0.0,13.0,5.0,154
65,12.0,26:59,0.545,0.5,4.0,1.0,2.0,0.0,16.0,-9.0,168
65,13.0,25:23,0.429,0.5,7.0,5.0,0.0,1.0,10.0,11.0,185
65,14.0,16:34,0.25,0.33299999999999996,4.0,0.0,0.0,0.0,3.0,-4.0,195
65,15.0,22:15,0.16699999999999998,0.2,5.0,2.0,0.0,0.0,3.0,-2.0,208
65,16.0,22:20,0.16699999999999998,,7.0,3.0,0.0,0.0,4.0,-8.0,240
65,17.0,19:32,0.444,0.5,4.0,3.0,0.0,1.0,10.0,-8.0,256
65,18.0,23:34,0.231,0.16699999999999998,4.0,4.0,0.0,1.0,8.0,-16.0,265
65,19.0,16:07,0.2,0.0,0.0,0.0,0.0,0.0,2.0,-17.0,292
65,20.0,27:21,0.583,0.5,11.0,2.0,1.0,0.0,21.0,-12.0,304
65,21.0,24:39,0.5,0.5,8.0,0.0,1.0,0.0,17.0,-15.0,314
65,22.0,25:05,0.5,0.5,7.0,0.0,1.0,0.0,17.0,-11.0,328
65,23.0,25:13,0.455,0.33299999999999996,5.0,1.0,0.0,1.0,13.0,10.0,334
65,24.0,19:52,0.33299999999999996,,2.0,2.0,0.0,0.0,4.0,3.0,356
65,25.0,13:29,0.0,0.0,6.0,0.0,0.0,0.0,2.0,5.0,374
65,26.0,19:40,0.25,0.25,3.0,0.0,0.0,0.0,7.0,1.0,396
65,27.0,24:38,0.3,0.2,8.0,2.0,0.0,0.0,7.0,14.0,409
65,28.0,15:42,0.0,0.0,3.0,3.0,1.0,0.0,2.0,1.0,418
65,29.0,27:08,0.3,0.4,4.0,0.0,2.0,0.0,8.0,-11.0,453
65,30.0,26:34,0.455,0.4,9.0,2.0,1.0,0.0,12.0,4.0,476
65,31.0,25:22,0.545,0.33299999999999996,4.0,1.0,0.0,1.0,14.0,-13.0,494
65,32.0,27:55,0.364,0.0,11.0,5.0,0.0,0.0,13.0,2.0,505
65,33.0,24:16,0.375,0.0,7.0,1.0,2.0,1.0,8.0,6.0,526
65,34.0,22:43,0.33299999999999996,0.0,6.0,1.0,0.0,0.0,8.0,5.0,551
65,35.0,29:30,0.385,0.5,5.0,0.0,1.0,0.0,18.0,5.0,564
65,36.0,21:12,0.125,0.33299999999999996,3.0,0.0,0.0,0.0,3.0,-16.0,585
65,37.0,21:17,0.5,0.667,6.0,2.0,1.0,0.0,15.0,-1.0,597
65,38.0,25:48,0.429,0.4,4.0,1.0,1.0,0.0,9.0,-7.0,609
65,39.0,23:50,0.545,0.4,9.0,4.0,1.0,0.0,17.0,-9.0,620
65,40.0,24:22,0.33299999999999996,0.33299999999999996,9.0,1.0,0.0,2.0,8.0,1.0,632
65,41.0,24:06,0.083,0.2,6.0,3.0,0.0,1.0,3.0,-13.0,646
65,42.0,15:06,0.1,0.2,3.0,1.0,2.0,0.0,3.0,-21.0,658
65,43.0,25:42,0.4,0.0,8.0,2.0,1.0,1.0,16.0,15.0,680
65,44.0,21:24,0.5,0.25,3.0,0.0,0.0,0.0,17.0,-6.0,689
65,45.0,21:02,0.444,0.0,4.0,2.0,1.0,1.0,12.0,6.0,707
65,46.0,16:27,0.33299999999999996,0.0,3.0,1.0,0.0,0.0,6.0,-32.0,721
65,47.0,27:10,0.727,0.33299999999999996,5.0,6.0,0.0,0.0,17.0,8.0,724
65,48.0,24:24,0.33299999999999996,0.25,7.0,2.0,1.0,0.0,10.0,-18.0,742
65,49.0,35:39,0.294,0.28600000000000003,8.0,1.0,1.0,0.0,14.0,-17.0,750
65,50.0,26:47,0.111,0.0,4.0,0.0,2.0,0.0,4.0,-11.0,764
65,51.0,27:46,0.429,0.2,6.0,4.0,0.0,0.0,13.0,-2.0,779
65,52.0,21:14,0.727,0.8,1.0,3.0,0.0,0.0,20.0,10.0,788
65,53.0,27:35,0.5329999999999999,0.6,8.0,1.0,3.0,0.0,26.0,25.0,801
65,54.0,26:02,0.467,0.2,6.0,4.0,2.0,1.0,19.0,5.0,816
65,55.0,31:05,0.47100000000000003,0.28600000000000003,11.0,3.0,0.0,1.0,18.0,1.0,826
65,56.0,33:11,0.5,0.125,11.0,0.0,1.0,1.0,20.0,-4.0,842
65,57.0,32:52,0.526,0.0,11.0,4.0,1.0,0.0,20.0,5.0,1232
65,58.0,39:34,0.41200000000000003,0.2,15.0,5.0,0.0,0.0,19.0,5.0,1244
65,59.0,35:16,0.4,0.0,7.0,7.0,1.0,0.0,21.0,-9.0,1259
65,60.0,28:13,0.33299999999999996,0.667,6.0,2.0,0.0,0.0,10.0,-14.0,859
65,61.0,27:11,0.5,0.2,10.0,4.0,0.0,0.0,21.0,-6.0,870
65,62.0,28:59,0.467,0.33299999999999996,6.0,8.0,0.0,1.0,19.0,-19.0,880
65,63.0,33:18,0.33299999999999996,0.2,8.0,6.0,2.0,0.0,14.0,-18.0,895
65,64.0,40:56,0.688,0.5710000000000001,9.0,1.0,1.0,0.0,28.0,-10.0,923
65,65.0,34:52,0.353,0.4,5.0,2.0,0.0,1.0,16.0,-10.0,934
65,66.0,35:16,0.5,0.429,7.0,5.0,2.0,1.0,29.0,21.0,950
65,67.0,37:14,0.55,0.33299999999999996,9.0,6.0,2.0,2.0,25.0,-4.0,963
65,68.0,26:04,0.33299999999999996,0.0,7.0,5.0,1.0,1.0,10.0,30.0,980
65,69.0,32:15,0.5,0.5,6.0,4.0,2.0,0.0,23.0,-13.0,997
65,70.0,25:30,0.429,0.4,5.0,0.0,1.0,1.0,18.0,-8.0,1005
65,71.0,25:49,0.28600000000000003,0.33299999999999996,2.0,2.0,1.0,3.0,12.0,-23.0,1022
65,72.0,34:01,0.632,0.4,10.0,2.0,1.0,0.0,32.0,9.0,1037
65,73.0,28:05,0.2,0.16699999999999998,10.0,1.0,0.0,0.0,9.0,-15.0,1052
65,74.0,36:42,0.5329999999999999,0.33299999999999996,7.0,1.0,0.0,1.0,23.0,2.0,1065
65,75.0,39:14,0.278,0.25,8.0,4.0,0.0,1.0,15.0,-7.0,1071
65,76.0,25:30,0.25,0.14300000000000002,4.0,4.0,0.0,0.0,8.0,-13.0,1088
65,77.0,23:47,0.385,0.25,3.0,1.0,1.0,0.0,16.0,2.0,1108
65,78.0,19:09,0.444,0.2,3.0,2.0,1.0,0.0,10.0,-16.0,1115
65,79.0,22:09,0.375,0.33299999999999996,10.0,1.0,1.0,1.0,9.0,-5.0,1134
65,80.0,24:06,0.5,0.16699999999999998,8.0,4.0,2.0,0.0,14.0,-5.0,1152
65,81.0,24:36,0.3,0.25,6.0,3.0,2.0,1.0,12.0,-3.0,1164
65,no play,,,,,,,,,,1181
