Player_ID,G,MP,FG%,3P%,TRB,AST,STL,BLK,PTS,+/-,Game_ID
250,no play,,,,,,,,,,6
250,no play,,,,,,,,,,29
250,no play,,,,,,,,,,38
250,1.0,8:32,0.33299999999999996,0.0,2.0,1.0,0.0,0.0,2.0,-5.0,63
250,2.0,6:36,0.33299999999999996,1.0,2.0,0.0,0.0,0.0,3.0,5.0,78
250,no play,,,,,,,,,,87
250,no play,,,,,,,,,,98
250,no play,,,,,,,,,,115
250,no play,,,,,,,,,,134
250,no play,,,,,,,,,,140
250,no play,,,,,,,,,,162
250,no play,,,,,,,,,,177
250,no play,,,,,,,,,,193
250,no play,,,,,,,,,,206
250,3.0,15:49,0.375,0.4,1.0,0.0,0.0,0.0,8.0,-5.0,217
250,4.0,20:04,0.4,0.25,2.0,0.0,1.0,0.0,5.0,13.0,246
250,5.0,20:43,0.33299999999999996,0.5,1.0,2.0,0.0,0.0,8.0,-9.0,257
250,no play,,,,,,,,,,283
250,6.0,9:07,1.0,,4.0,1.0,0.0,1.0,8.0,2.0,300
250,7.0,12:20,0.25,1.0,1.0,1.0,0.0,0.0,3.0,-11.0,307
250,8.0,22:47,0.4,0.33299999999999996,7.0,2.0,1.0,1.0,7.0,14.0,314
250,9.0,11:26,1.0,1.0,0.0,0.0,0.0,0.0,3.0,-15.0,1194
250,10.0,19:47,0.667,0.667,3.0,4.0,0.0,1.0,6.0,10.0,332
250,11.0,22:54,0.4,0.5,0.0,4.0,0.0,0.0,5.0,-3.0,347
250,12.0,4:30,1.0,,1.0,0.0,1.0,0.0,2.0,-8.0,365
250,no play,,,,,,,,,,386
250,13.0,4:12,0.0,0.0,0.0,0.0,0.0,1.0,0.0,-5.0,404
250,no play,,,,,,,,,,417
250,no play,,,,,,,,,,426
250,14.0,10:49,0.5,0.5,1.0,0.0,0.0,0.0,5.0,-2.0,451
250,no play,,,,,,,,,,475
250,no play,,,,,,,,,,488
250,no play,,,,,,,,,,505
250,no play,,,,,,,,,,525
250,15.0,18:21,0.667,0.8,3.0,0.0,0.0,1.0,12.0,10.0,531
250,16.0,19:25,0.625,0.5,4.0,0.0,0.0,1.0,13.0,-12.0,547
250,17.0,24:07,0.444,0.5,4.0,1.0,1.0,0.0,10.0,-6.0,560
250,no play,,,,,,,,,,591
250,no play,,,,,,,,,,622
250,no play,,,,,,,,,,631
250,no play,,,,,,,,,,644
250,18.0,13:20,0.6,0.33299999999999996,2.0,0.0,1.0,0.0,7.0,17.0,663
250,19.0,20:49,0.444,0.33299999999999996,4.0,4.0,0.0,3.0,10.0,4.0,669
250,20.0,21:41,0.7140000000000001,1.0,8.0,1.0,1.0,0.0,16.0,5.0,683
250,21.0,15:09,0.6,0.667,2.0,0.0,0.0,0.0,8.0,-9.0,697
250,22.0,14:58,0.25,0.5,3.0,0.0,0.0,0.0,3.0,-8.0,714
250,23.0,19:36,0.5,0.5,6.0,3.0,1.0,2.0,10.0,7.0,735
250,24.0,15:30,0.444,0.5710000000000001,5.0,0.0,0.0,0.0,14.0,-8.0,743
250,25.0,17:00,0.444,0.667,3.0,2.0,0.0,0.0,10.0,-2.0,758
250,no play,,,,,,,,,,768
250,26.0,21:47,0.375,0.2,3.0,2.0,1.0,3.0,7.0,3.0,782
250,27.0,20:30,0.4,0.5,4.0,1.0,0.0,1.0,10.0,4.0,791
250,28.0,20:51,0.556,0.5,3.0,2.0,0.0,0.0,13.0,-1.0,806
250,29.0,20:14,0.2,0.2,3.0,1.0,0.0,1.0,3.0,-14.0,817
250,no play,,,,,,,,,,833
250,no play,,,,,,,,,,848
250,no play,,,,,,,,,,1231
250,30.0,12:43,0.0,0.0,2.0,1.0,3.0,0.0,0.0,13.0,1240
250,31.0,11:54,0.0,0.0,1.0,1.0,1.0,0.0,0.0,-9.0,1252
250,no play,,,,,,,,,,1267
250,32.0,6:13,1.0,,2.0,0.0,0.0,0.0,2.0,12.0,860
250,33.0,15:47,0.4,0.0,5.0,0.0,0.0,1.0,4.0,-12.0,884
250,34.0,16:52,0.25,0.33299999999999996,4.0,3.0,2.0,0.0,7.0,1.0,903
250,35.0,27:42,0.5,0.667,5.0,1.0,0.0,1.0,6.0,4.0,918
250,36.0,6:55,0.25,0.5,3.0,1.0,0.0,0.0,3.0,6.0,930
250,37.0,15:00,0.25,0.0,1.0,1.0,0.0,2.0,2.0,4.0,944
250,no play,,,,,,,,,,958
250,no play,,,,,,,,,,978
250,no play,,,,,,,,,,994
250,no play,,,,,,,,,,1008
250,38.0,1:11,,,1.0,1.0,0.0,0.0,0.0,-3.0,1024
250,no play,,,,,,,,,,1035
250,39.0,10:45,0.5,1.0,1.0,1.0,1.0,0.0,5.0,-11.0,1055
250,no play,,,,,,,,,,1069
250,no play,,,,,,,,,,1087
250,no play,,,,,,,,,,1110
250,no play,,,,,,,,,,1119
250,no play,,,,,,,,,,1129
250,no play,,,,,,,,,,1145
250,no play,,,,,,,,,,1159
250,40.0,17:28,0.33299999999999996,0.429,3.0,0.0,0.0,0.0,9.0,8.0,1175
250,41.0,23:08,0.28600000000000003,0.25,2.0,0.0,4.0,1.0,13.0,-5.0,1186
