Player_ID,G,MP,FG%,3P%,TRB,AST,STL,BLK,PTS,+/-,Game_ID
496,no play,,,,,,,,,,3
496,1.0,2:28,,,0.0,1.0,0.0,0.0,0.0,-4.0,16
496,no play,,,,,,,,,,34
496,no play,,,,,,,,,,46
496,no play,,,,,,,,,,53
496,2.0,2:28,0.0,0.0,0.0,2.0,0.0,0.0,0.0,-2.0,78
496,3.0,12:00,0.0,0.0,2.0,2.0,0.0,0.0,3.0,6.0,94
496,no play,,,,,,,,,,109
496,no play,,,,,,,,,,123
496,no play,,,,,,,,,,134
496,4.0,1:17,1.0,,0.0,0.0,0.0,0.0,2.0,1.0,143
496,no play,,,,,,,,,,158
496,5.0,19:37,0.16699999999999998,0.5,1.0,3.0,0.0,0.0,7.0,5.0,172
496,no play,,,,,,,,,,184
496,no play,,,,,,,,,,199
496,6.0,5:11,,,0.0,1.0,0.0,0.0,2.0,0.0,214
496,7.0,19:11,0.667,0.0,3.0,1.0,1.0,0.0,9.0,-1.0,241
496,8.0,11:49,0.33299999999999996,0.0,1.0,0.0,0.0,0.0,2.0,-8.0,253
496,9.0,9:17,0.5,0.5,0.0,0.0,1.0,0.0,5.0,8.0,271
496,10.0,12:58,0.0,0.0,1.0,1.0,0.0,1.0,0.0,-8.0,277
496,11.0,17:39,0.5,0.6,1.0,2.0,0.0,0.0,11.0,8.0,298
496,12.0,12:04,0.16699999999999998,,0.0,0.0,0.0,0.0,2.0,-17.0,310
496,13.0,16:42,0.5710000000000001,0.33299999999999996,0.0,0.0,2.0,0.0,9.0,17.0,327
496,14.0,10:51,0.5,0.0,3.0,0.0,1.0,0.0,5.0,-7.0,1192
496,15.0,16:35,0.667,0.5,0.0,1.0,0.0,0.0,5.0,3.0,342
496,16.0,19:45,0.28600000000000003,0.0,1.0,0.0,0.0,0.0,5.0,-11.0,356
496,no play,,,,,,,,,,381
496,17.0,5:58,0.5,1.0,0.0,1.0,0.0,0.0,3.0,8.0,389
496,18.0,11:38,0.33299999999999996,,3.0,1.0,1.0,0.0,2.0,1.0,400
496,19.0,18:05,0.33299999999999996,0.25,4.0,1.0,1.0,0.0,5.0,7.0,414
496,no play,,,,,,,,,,431
496,no play,,,,,,,,,,446
496,20.0,2:27,0.0,,1.0,0.0,0.0,0.0,1.0,-3.0,469
496,21.0,4:15,1.0,,0.0,0.0,0.0,0.0,2.0,-1.0,484
496,no play,,,,,,,,,,503
496,no play,,,,,,,,,,514
496,no play,,,,,,,,,,528
496,22.0,15:08,0.0,0.0,0.0,3.0,0.0,0.0,0.0,5.0,543
496,no play,,,,,,,,,,571
496,23.0,0:24,,,0.0,0.0,0.0,0.0,0.0,0.0,584
496,24.0,26:25,0.16699999999999998,0.0,1.0,3.0,0.0,0.0,6.0,-3.0,596
496,25.0,4:44,,,1.0,0.0,0.0,0.0,0.0,-5.0,605
496,no play,,,,,,,,,,617
496,26.0,9:08,0.0,0.0,4.0,0.0,0.0,0.0,2.0,-5.0,638
496,no play,,,,,,,,,,656
496,no play,,,,,,,,,,674
496,no play,,,,,,,,,,710
496,no play,,,,,,,,,,727
496,no play,,,,,,,,,,741
496,no play,,,,,,,,,,754
496,no play,,,,,,,,,,763
496,no play,,,,,,,,,,779
496,27.0,1:50,0.0,0.0,0.0,0.0,0.0,0.0,0.0,-1.0,792
496,no play,,,,,,,,,,807
496,no play,,,,,,,,,,824
496,no play,,,,,,,,,,830
496,no play,,,,,,,,,,845
496,no play,,,,,,,,,,1227
496,no play,,,,,,,,,,1255
496,no play,,,,,,,,,,1266
496,no play,,,,,,,,,,861
496,28.0,3:09,,,0.0,0.0,0.0,0.0,0.0,3.0,880
496,no play,,,,,,,,,,899
496,no play,,,,,,,,,,916
496,no play,,,,,,,,,,920
496,29.0,1:50,1.0,,1.0,0.0,1.0,0.0,2.0,2.0,935
496,30.0,6:58,0.5,0.0,1.0,0.0,0.0,0.0,2.0,-2.0,959
496,no play,,,,,,,,,,968
496,no play,,,,,,,,,,983
496,31.0,1:46,,,0.0,0.0,0.0,0.0,0.0,0.0,998
496,no play,,,,,,,,,,1012
496,32.0,3:01,0.0,0.0,0.0,0.0,0.0,0.0,0.0,1.0,1021
496,33.0,8:30,0.0,,0.0,4.0,0.0,0.0,0.0,2.0,1034
496,34.0,1:01,,,0.0,0.0,0.0,0.0,0.0,0.0,1058
496,no play,,,,,,,,,,1067
496,35.0,5:39,0.5,,0.0,1.0,0.0,0.0,2.0,8.0,1081
496,no play,,,,,,,,,,1090
496,36.0,8:23,1.0,,3.0,0.0,1.0,0.0,6.0,-3.0,1127
496,no play,,,,,,,,,,1143
496,37.0,21:26,0.7140000000000001,0.6,0.0,0.0,1.0,1.0,13.0,3.0,1162
496,38.0,16:08,0.5,0.0,1.0,4.0,1.0,0.0,6.0,-1.0,1169
496,39.0,13:15,0.429,0.0,0.0,1.0,0.0,0.0,8.0,8.0,1178
