Player_ID,G,MP,FG%,3P%,TRB,AST,STL,BLK,PTS,+/-,Game_ID
489,1.0,3:41,1.0,1.0,1.0,0.0,0.0,0.0,5.0,6.0,
489,no play,,,,,,,,,,12
489,2.0,11:55,0.25,0.5,3.0,0.0,0.0,2.0,3.0,-2.0,28
489,3.0,17:18,0.667,0.667,1.0,0.0,0.0,1.0,6.0,7.0,33
489,no play,,,,,,,,,,49
489,4.0,16:17,0.0,0.0,3.0,1.0,0.0,0.0,0.0,8.0,73
489,5.0,16:15,0.0,0.0,1.0,0.0,0.0,1.0,0.0,-5.0,82
489,6.0,9:30,,,1.0,0.0,0.0,0.0,0.0,-8.0,110
489,7.0,0:40,,,1.0,0.0,0.0,0.0,0.0,2.0,123
489,no play,,,,,,,,,,130
489,8.0,0:08,0.0,0.0,0.0,0.0,0.0,0.0,0.0,0.0,146
489,9.0,17:07,0.4,0.4,2.0,3.0,0.0,2.0,7.0,3.0,164
489,10.0,6:46,0.5,0.5,1.0,0.0,0.0,0.0,3.0,-9.0,178
489,11.0,19:38,0.33299999999999996,0.33299999999999996,2.0,0.0,0.0,0.0,3.0,-5.0,202
489,12.0,10:50,1.0,1.0,0.0,0.0,0.0,1.0,11.0,-4.0,209
489,13.0,23:08,0.75,0.6,2.0,0.0,1.0,0.0,15.0,8.0,236
489,14.0,11:26,0.0,0.0,1.0,1.0,0.0,1.0,0.0,4.0,251
489,15.0,6:02,0.0,,0.0,0.0,0.0,1.0,0.0,-2.0,275
489,16.0,15:20,1.0,1.0,0.0,0.0,0.0,0.0,7.0,7.0,282
489,no play,,,,,,,,,,299
489,17.0,8:03,0.0,0.0,1.0,1.0,0.0,0.0,1.0,-2.0,319
489,18.0,1:58,,,0.0,1.0,0.0,0.0,0.0,-4.0,329
489,no play,,,,,,,,,,336
489,19.0,21:22,0.25,0.0,6.0,0.0,2.0,2.0,5.0,21.0,353
489,20.0,14:42,0.33299999999999996,0.33299999999999996,1.0,4.0,0.0,0.0,3.0,4.0,383
489,21.0,2:50,,,0.0,0.0,0.0,0.0,0.0,-2.0,387
489,22.0,11:36,0.0,0.0,3.0,1.0,0.0,0.0,0.0,-6.0,412
489,23.0,2:29,,,0.0,1.0,0.0,0.0,0.0,0.0,425
489,no play,,,,,,,,,,441
489,24.0,6:50,,,0.0,0.0,0.0,0.0,0.0,4.0,454
489,25.0,2:23,0.0,0.0,0.0,0.0,1.0,0.0,0.0,3.0,463
489,26.0,3:13,,,0.0,0.0,0.0,0.0,0.0,5.0,487
489,27.0,2:55,0.0,0.0,0.0,0.0,1.0,0.0,0.0,-2.0,504
489,no play,,,,,,,,,,513
489,28.0,8:03,0.667,0.5,2.0,1.0,0.0,2.0,5.0,-4.0,530
489,29.0,4:34,,,1.0,0.0,0.0,0.0,0.0,6.0,547
489,30.0,18:21,0.833,0.8,1.0,2.0,1.0,0.0,21.0,19.0,563
489,31.0,18:54,0.5710000000000001,0.5,0.0,2.0,0.0,1.0,11.0,8.0,580
489,32.0,11:07,0.4,0.25,3.0,2.0,0.0,0.0,5.0,7.0,594
489,33.0,4:15,0.0,0.0,0.0,0.0,0.0,0.0,0.0,3.0,608
489,34.0,3:15,,,0.0,0.0,0.0,0.0,0.0,-6.0,630
489,35.0,15:13,0.5,0.5,2.0,2.0,0.0,0.0,4.0,-6.0,644
489,no play,,,,,,,,,,662
489,36.0,12:16,0.6,0.5,2.0,2.0,0.0,0.0,11.0,8.0,671
489,37.0,15:04,0.667,0.5,0.0,2.0,1.0,0.0,12.0,2.0,679
489,38.0,19:44,0.667,0.7140000000000001,1.0,0.0,1.0,1.0,17.0,-14.0,705
489,39.0,16:53,0.4,0.33299999999999996,3.0,1.0,0.0,2.0,6.0,-3.0,722
489,40.0,23:25,0.16699999999999998,0.0,5.0,1.0,1.0,1.0,2.0,21.0,733
489,41.0,30:02,0.35700000000000004,0.25,6.0,3.0,2.0,0.0,12.0,19.0,750
489,42.0,19:21,0.75,1.0,3.0,1.0,1.0,1.0,7.0,8.0,768
489,43.0,15:10,0.0,0.0,1.0,0.0,1.0,1.0,0.0,0.0,783
489,44.0,14:50,0.6,0.5,1.0,1.0,0.0,0.0,9.0,-5.0,788
489,45.0,11:15,0.5,0.5,1.0,0.0,0.0,0.0,5.0,-6.0,807
489,46.0,13:41,0.5,1.0,4.0,0.0,0.0,0.0,3.0,8.0,823
489,47.0,0:16,,,0.0,0.0,0.0,0.0,0.0,0.0,827
489,48.0,15:49,0.14300000000000002,0.16699999999999998,0.0,1.0,1.0,0.0,5.0,15.0,840
489,no play,,,,,,,,,,1241
489,49.0,8:05,1.0,1.0,1.0,2.0,0.0,0.0,3.0,-3.0,1250
489,50.0,6:52,1.0,1.0,1.0,0.0,1.0,0.0,3.0,5.0,863
489,51.0,2:11,0.0,0.0,0.0,0.0,0.0,0.0,0.0,0.0,878
489,no play,,,,,,,,,,886
489,no play,,,,,,,,,,902
489,52.0,19:23,0.429,0.25,4.0,1.0,1.0,1.0,8.0,2.0,917
489,53.0,14:20,0.2,0.33299999999999996,4.0,0.0,0.0,1.0,3.0,3.0,922
489,54.0,21:00,0.5710000000000001,0.6,3.0,2.0,0.0,1.0,13.0,-1.0,940
489,55.0,14:25,0.5,0.4,1.0,1.0,0.0,1.0,8.0,1.0,954
489,no play,,,,,,,,,,971
489,56.0,7:51,0.5,0.5,2.0,1.0,0.0,1.0,3.0,4.0,993
489,57.0,15:24,0.33299999999999996,0.0,1.0,0.0,0.0,0.0,2.0,-17.0,1002
489,58.0,6:13,0.0,,1.0,0.0,0.0,0.0,0.0,-5.0,1016
489,no play,,,,,,,,,,1030
489,59.0,1:24,,,0.0,0.0,0.0,0.0,0.0,-4.0,1045
489,60.0,10:54,0.33299999999999996,0.5,2.0,1.0,0.0,0.0,3.0,0.0,1059
489,61.0,0:52,,,0.0,0.0,0.0,0.0,0.0,2.0,1078
489,no play,,,,,,,,,,1094
489,62.0,33:52,0.5,0.5,4.0,1.0,1.0,0.0,11.0,10.0,1106
489,no play,,,,,,,,,,1122
489,63.0,22:56,0.455,0.4,1.0,1.0,0.0,1.0,14.0,-1.0,1131
489,64.0,38:52,0.5379999999999999,0.556,4.0,1.0,2.0,0.0,19.0,7.0,1144
489,65.0,2:13,0.0,0.0,0.0,0.0,0.0,0.0,0.0,0.0,1154
489,66.0,13:02,0.25,0.0,2.0,1.0,0.0,2.0,2.0,-9.0,1170
489,67.0,12:00,0.4,0.4,1.0,0.0,1.0,0.0,7.0,6.0,1188
