Player_ID,G,MP,FG%,3P%,TRB,AST,STL,BLK,PTS,+/-,Game_ID
95,1.0,5:19,0.0,,1.0,0.0,0.0,0.0,0.0,2.0,1270
95,2.0,20:00,1.0,,2.0,0.0,0.0,1.0,7.0,5.0,879
95,3.0,9:05,,,1.0,0.0,0.0,0.0,0.0,6.0,894
95,4.0,8:18,0.33299999999999996,,1.0,0.0,1.0,0.0,2.0,11.0,907
95,5.0,13:40,0.33299999999999996,,3.0,1.0,0.0,2.0,4.0,7.0,924
95,6.0,16:23,0.33299999999999996,0.0,1.0,0.0,0.0,1.0,6.0,-4.0,950
95,7.0,18:34,0.5,,2.0,0.0,1.0,1.0,2.0,-6.0,958
95,8.0,17:46,0.4,,3.0,2.0,0.0,0.0,4.0,-25.0,970
95,9.0,12:36,0.667,,2.0,0.0,0.0,1.0,4.0,7.0,987
95,10.0,22:09,0.6,,5.0,0.0,1.0,0.0,7.0,-8.0,1003
95,11.0,14:01,0.33299999999999996,,3.0,0.0,0.0,0.0,2.0,-15.0,1018
95,12.0,26:12,0.8,,7.0,2.0,0.0,0.0,10.0,19.0,1040
95,13.0,28:48,1.0,1.0,1.0,0.0,1.0,0.0,9.0,-6.0,1056
95,14.0,22:50,0.8,,8.0,1.0,3.0,1.0,8.0,-5.0,1070
95,15.0,30:00,0.25,0.0,6.0,1.0,0.0,0.0,4.0,-1.0,1083
95,16.0,34:33,0.667,0.0,6.0,1.0,2.0,0.0,19.0,-1.0,1097
95,17.0,15:03,0.33299999999999996,,1.0,0.0,1.0,0.0,3.0,1.0,1104
95,18.0,28:32,0.556,,5.0,3.0,1.0,0.0,10.0,9.0,1131
95,no play,,,,,,,,,,1148
95,no play,,,,,,,,,,1163
95,19.0,28:06,0.75,,2.0,1.0,2.0,0.0,14.0,13.0,1176
95,20.0,25:20,0.5,,3.0,2.0,0.0,0.0,5.0,2.0,1190
