Player_ID,G,MP,FG%,3P%,TRB,AST,STL,BLK,PTS,+/-,Game_ID
347,1.0,10:39,0.5,,2.0,0.0,1.0,1.0,2.0,-13.0,
347,2.0,8:43,0.33299999999999996,,1.0,0.0,0.0,0.0,3.0,2.0,21
347,3.0,7:36,0.33299999999999996,0.0,3.0,0.0,0.0,0.0,4.0,2.0,32
347,4.0,10:56,0.667,,4.0,3.0,1.0,1.0,4.0,27.0,50
347,5.0,6:02,0.5,,2.0,0.0,0.0,0.0,2.0,17.0,65
347,6.0,5:47,0.5,,1.0,1.0,0.0,0.0,4.0,-12.0,74
347,7.0,14:04,0.6,,4.0,2.0,3.0,0.0,8.0,8.0,95
347,8.0,13:09,0.667,,3.0,3.0,0.0,1.0,5.0,14.0,112
347,9.0,13:19,0.667,,0.0,1.0,2.0,0.0,5.0,3.0,115
347,10.0,5:33,0.5,,1.0,1.0,0.0,0.0,2.0,-3.0,139
347,11.0,16:09,0.75,,2.0,1.0,1.0,1.0,6.0,8.0,161
347,12.0,13:29,0.4,,2.0,0.0,0.0,1.0,4.0,1.0,175
347,13.0,11:39,0.75,,7.0,3.0,0.0,1.0,7.0,7.0,187
347,14.0,14:36,0.4,,4.0,2.0,1.0,1.0,7.0,-5.0,198
347,15.0,14:40,0.33299999999999996,,5.0,4.0,1.0,1.0,3.0,6.0,219
347,16.0,11:07,1.0,,2.0,3.0,1.0,0.0,2.0,7.0,249
347,17.0,9:14,0.5,,2.0,2.0,1.0,0.0,2.0,-3.0,255
347,18.0,8:50,0.0,,0.0,1.0,0.0,1.0,0.0,-3.0,270
347,19.0,3:18,0.0,,2.0,0.0,0.0,0.0,0.0,-4.0,291
347,20.0,13:23,0.833,,2.0,2.0,0.0,0.0,10.0,10.0,309
347,21.0,9:21,0.33299999999999996,,5.0,1.0,0.0,2.0,4.0,0.0,324
347,22.0,11:12,0.0,,5.0,3.0,0.0,0.0,2.0,2.0,1201
347,23.0,11:59,0.667,,2.0,3.0,0.0,1.0,4.0,-12.0,335
347,24.0,15:08,1.0,1.0,3.0,4.0,1.0,2.0,9.0,6.0,351
347,25.0,13:39,0.25,,2.0,3.0,1.0,1.0,3.0,13.0,358
347,26.0,12:23,0.25,,3.0,3.0,0.0,0.0,2.0,-2.0,371
347,27.0,10:14,1.0,,4.0,4.0,2.0,1.0,2.0,-2.0,388
347,28.0,7:28,0.667,,3.0,1.0,0.0,0.0,4.0,16.0,405
347,29.0,10:39,0.667,,3.0,1.0,0.0,0.0,4.0,6.0,427
347,30.0,16:06,0.8,,6.0,2.0,1.0,2.0,10.0,-2.0,438
347,31.0,14:11,0.75,,1.0,5.0,1.0,0.0,6.0,5.0,446
347,32.0,14:08,0.33299999999999996,,2.0,5.0,1.0,0.0,5.0,-2.0,462
347,33.0,10:19,1.0,,2.0,1.0,0.0,0.0,4.0,-11.0,490
347,34.0,14:35,1.0,,2.0,4.0,1.0,0.0,8.0,4.0,506
347,35.0,12:42,0.25,,2.0,3.0,0.0,0.0,2.0,-2.0,525
347,36.0,13:34,1.0,,4.0,1.0,1.0,0.0,4.0,0.0,539
347,37.0,11:20,0.0,,4.0,3.0,2.0,1.0,1.0,2.0,555
347,38.0,15:12,0.33299999999999996,,5.0,2.0,1.0,0.0,2.0,-8.0,570
347,39.0,11:59,0.25,,5.0,3.0,1.0,0.0,2.0,1.0,583
347,40.0,9:26,0.25,0.0,0.0,0.0,1.0,0.0,2.0,-8.0,596
347,41.0,14:31,0.75,,2.0,3.0,1.0,0.0,6.0,16.0,624
347,42.0,11:25,0.8,,1.0,3.0,1.0,0.0,8.0,7.0,639
347,no play,,,,,,,,,,651
347,no play,,,,,,,,,,666
347,no play,,,,,,,,,,673
347,no play,,,,,,,,,,692
347,no play,,,,,,,,,,712
347,no play,,,,,,,,,,723
347,no play,,,,,,,,,,747
347,no play,,,,,,,,,,751
347,no play,,,,,,,,,,770
347,no play,,,,,,,,,,798
347,no play,,,,,,,,,,809
347,no play,,,,,,,,,,818
347,no play,,,,,,,,,,833
347,no play,,,,,,,,,,853
347,43.0,10:54,0.5,,4.0,4.0,1.0,2.0,4.0,0.0,1230
347,44.0,13:37,0.2,,3.0,3.0,1.0,3.0,2.0,-5.0,1249
347,45.0,12:35,0.33299999999999996,,1.0,3.0,0.0,1.0,4.0,5.0,1259
347,46.0,12:33,0.6,,3.0,2.0,1.0,1.0,7.0,4.0,1265
347,47.0,16:27,0.25,,5.0,5.0,0.0,1.0,2.0,5.0,867
347,48.0,11:09,0.75,,1.0,0.0,0.0,0.0,7.0,-15.0,889
347,49.0,13:29,0.7140000000000001,,3.0,1.0,0.0,0.0,10.0,3.0,898
347,50.0,11:53,0.0,,4.0,2.0,0.0,0.0,0.0,-13.0,919
347,51.0,12:54,0.0,0.0,4.0,1.0,0.0,0.0,0.0,4.0,928
347,52.0,14:38,0.375,,3.0,3.0,2.0,1.0,8.0,-6.0,940
347,53.0,11:11,1.0,,3.0,1.0,0.0,3.0,2.0,12.0,963
347,54.0,12:19,0.75,,4.0,0.0,2.0,1.0,6.0,15.0,979
347,55.0,12:13,0.667,,1.0,2.0,0.0,0.0,4.0,3.0,995
347,56.0,16:12,0.5710000000000001,,6.0,1.0,1.0,2.0,9.0,13.0,1009
347,57.0,15:01,0.667,,5.0,3.0,2.0,0.0,6.0,11.0,1015
347,58.0,14:12,0.8,,3.0,4.0,1.0,3.0,8.0,-4.0,1041
347,59.0,16:43,0.33299999999999996,,5.0,1.0,0.0,1.0,3.0,11.0,1054
347,60.0,13:34,0.33299999999999996,0.0,3.0,5.0,0.0,2.0,2.0,3.0,1068
347,61.0,21:32,0.636,0.5,4.0,5.0,0.0,2.0,15.0,23.0,1078
347,62.0,13:14,0.5,,3.0,1.0,0.0,2.0,6.0,-5.0,1096
347,63.0,17:38,0.75,,3.0,2.0,1.0,2.0,10.0,-3.0,1112
347,64.0,14:56,0.75,,4.0,6.0,0.0,1.0,7.0,6.0,1124
347,65.0,14:45,0.75,,2.0,2.0,1.0,1.0,8.0,-22.0,1132
347,66.0,15:39,0.25,,4.0,4.0,0.0,0.0,2.0,1.0,1156
347,67.0,17:27,0.444,,3.0,2.0,0.0,0.0,8.0,-8.0,1172
347,68.0,13:37,0.33299999999999996,,4.0,1.0,1.0,0.0,2.0,-12.0,1190
