Player_ID,G,MP,FG%,3P%,TRB,AST,STL,BLK,PTS,+/-,Game_ID
357,1.0,28:11,0.28600000000000003,,12.0,0.0,0.0,1.0,6.0,-8.0,13
357,2.0,28:06,0.3,,16.0,0.0,0.0,1.0,7.0,18.0,31
357,3.0,31:19,0.8,,11.0,2.0,1.0,2.0,19.0,16.0,41
357,4.0,31:41,1.0,,6.0,0.0,0.0,3.0,8.0,-8.0,60
357,5.0,35:47,0.375,,21.0,0.0,1.0,2.0,6.0,15.0,70
357,6.0,29:59,0.5,,8.0,1.0,0.0,3.0,8.0,22.0,82
357,7.0,27:00,0.8,,10.0,1.0,0.0,1.0,8.0,30.0,94
357,8.0,23:59,0.667,,9.0,1.0,0.0,3.0,16.0,32.0,111
357,9.0,33:22,0.6,,13.0,1.0,0.0,1.0,12.0,10.0,122
357,10.0,34:06,0.667,,16.0,1.0,2.0,2.0,18.0,23.0,131
357,11.0,24:52,0.5,,14.0,0.0,1.0,1.0,7.0,41.0,148
357,12.0,34:53,0.8,,14.0,1.0,1.0,2.0,8.0,-1.0,163
357,13.0,37:09,0.8,,12.0,0.0,1.0,1.0,16.0,6.0,179
357,14.0,27:19,0.5,,9.0,0.0,0.0,0.0,6.0,4.0,188
357,15.0,34:15,0.667,,15.0,0.0,0.0,1.0,17.0,4.0,203
357,16.0,26:02,0.625,,8.0,2.0,1.0,1.0,16.0,12.0,216
357,17.0,33:06,1.0,,9.0,1.0,1.0,3.0,12.0,-6.0,241
357,18.0,32:04,0.667,,14.0,0.0,1.0,3.0,8.0,-15.0,260
357,19.0,44:45,0.6920000000000001,0.0,22.0,1.0,0.0,1.0,21.0,0.0,272
357,20.0,30:06,0.5,,15.0,0.0,0.0,1.0,9.0,16.0,289
357,21.0,33:33,1.0,,13.0,2.0,0.0,3.0,6.0,27.0,297
357,22.0,35:12,1.0,,15.0,0.0,2.0,2.0,9.0,6.0,313
357,23.0,31:45,0.7140000000000001,,12.0,0.0,0.0,2.0,10.0,-16.0,1201
357,24.0,23:07,0.818,,9.0,0.0,1.0,0.0,19.0,15.0,355
357,25.0,33:09,0.5,,12.0,1.0,3.0,3.0,9.0,1.0,366
357,26.0,34:31,0.833,,13.0,2.0,0.0,3.0,22.0,1.0,376
357,27.0,35:06,0.7140000000000001,,19.0,0.0,0.0,3.0,12.0,-5.0,397
357,28.0,35:36,0.833,,17.0,2.0,0.0,1.0,13.0,-7.0,406
357,29.0,29:25,0.857,,13.0,2.0,0.0,1.0,13.0,32.0,426
357,30.0,25:58,0.667,,9.0,2.0,0.0,2.0,11.0,-1.0,441
357,31.0,33:45,0.429,,17.0,0.0,1.0,2.0,7.0,-3.0,455
357,32.0,27:36,0.75,,10.0,6.0,0.0,0.0,7.0,-14.0,465
357,33.0,33:49,0.5710000000000001,,11.0,0.0,3.0,1.0,12.0,-11.0,475
357,34.0,38:50,0.833,,25.0,1.0,0.0,2.0,13.0,6.0,486
357,35.0,30:07,0.818,,13.0,1.0,0.0,1.0,20.0,-13.0,501
357,36.0,27:15,0.8,,11.0,2.0,0.0,3.0,9.0,-24.0,512
357,37.0,30:45,0.5,,20.0,2.0,0.0,3.0,9.0,5.0,524
357,38.0,37:14,0.7,,20.0,0.0,0.0,2.0,18.0,10.0,538
357,39.0,36:33,0.9,,9.0,2.0,1.0,1.0,20.0,6.0,556
357,40.0,33:34,0.5,,18.0,0.0,0.0,1.0,7.0,0.0,566
357,41.0,32:28,0.5,,20.0,1.0,2.0,3.0,10.0,7.0,589
357,42.0,35:26,0.9229999999999999,,21.0,0.0,1.0,2.0,24.0,17.0,606
357,43.0,29:41,0.875,,15.0,2.0,2.0,4.0,19.0,21.0,626
357,44.0,39:14,0.8,,16.0,2.0,0.0,2.0,29.0,-5.0,645
357,45.0,27:12,0.6,,13.0,3.0,0.0,1.0,14.0,-22.0,663
357,46.0,34:50,1.0,,12.0,4.0,0.0,3.0,7.0,0.0,672
357,47.0,31:10,0.75,,20.0,3.0,0.0,0.0,10.0,-9.0,680
357,48.0,23:25,1.0,,5.0,3.0,0.0,0.0,8.0,-27.0,712
357,49.0,22:40,1.0,,12.0,2.0,2.0,3.0,6.0,13.0,745
357,50.0,25:17,1.0,,7.0,1.0,0.0,2.0,9.0,-13.0,751
357,51.0,30:54,0.33299999999999996,,16.0,3.0,0.0,0.0,6.0,-20.0,772
357,52.0,24:47,0.667,,12.0,1.0,0.0,1.0,9.0,6.0,777
357,53.0,31:09,0.857,,15.0,0.0,0.0,2.0,28.0,8.0,797
357,54.0,28:10,0.4,,16.0,1.0,0.0,1.0,4.0,-7.0,814
357,55.0,31:09,0.7140000000000001,,13.0,1.0,1.0,3.0,10.0,27.0,834
357,56.0,28:32,0.75,,16.0,1.0,2.0,0.0,7.0,18.0,852
357,57.0,31:04,0.5,,11.0,3.0,1.0,0.0,17.0,-16.0,1230
357,58.0,32:58,0.778,,8.0,0.0,2.0,0.0,14.0,-1.0,1241
357,59.0,42:39,0.9,,19.0,1.0,3.0,2.0,20.0,17.0,1257
357,60.0,35:23,0.833,,9.0,0.0,3.0,2.0,10.0,-10.0,865
357,61.0,32:07,0.7140000000000001,,10.0,0.0,0.0,1.0,14.0,-4.0,874
357,62.0,30:52,0.6,,14.0,3.0,0.0,1.0,6.0,8.0,883
357,63.0,28:26,0.857,,12.0,0.0,0.0,2.0,15.0,9.0,905
357,64.0,30:22,0.818,,13.0,1.0,0.0,1.0,20.0,-12.0,915
357,65.0,35:14,0.5,,11.0,0.0,0.0,2.0,5.0,13.0,921
357,66.0,36:02,0.857,,20.0,4.0,1.0,3.0,19.0,10.0,934
357,67.0,37:16,0.556,0.0,7.0,1.0,0.0,2.0,12.0,-2.0,956
357,68.0,36:33,0.75,,17.0,2.0,0.0,2.0,22.0,9.0,973
357,no play,,,,,,,,,,978
357,69.0,26:38,0.8,,17.0,2.0,1.0,0.0,13.0,23.0,991
357,70.0,27:48,0.778,,10.0,0.0,0.0,3.0,14.0,16.0,1010
357,71.0,23:19,0.667,,11.0,1.0,0.0,2.0,12.0,19.0,1018
357,72.0,34:53,1.0,,18.0,1.0,0.0,2.0,14.0,5.0,1029
357,73.0,25:41,0.6,,15.0,1.0,0.0,1.0,7.0,9.0,1042
357,74.0,30:15,0.8,,11.0,0.0,1.0,1.0,20.0,17.0,1049
357,75.0,38:14,0.889,,18.0,1.0,1.0,2.0,23.0,16.0,1079
357,76.0,34:53,0.5,,17.0,2.0,0.0,3.0,7.0,11.0,1084
357,77.0,39:09,1.0,,12.0,1.0,4.0,2.0,11.0,23.0,1097
357,78.0,33:19,0.8,,20.0,1.0,2.0,0.0,11.0,19.0,1133
357,79.0,36:18,0.8,,17.0,2.0,1.0,0.0,17.0,4.0,1154
357,80.0,23:59,0.667,,11.0,2.0,0.0,0.0,14.0,22.0,1171
357,81.0,36:04,0.8,,17.0,2.0,0.0,4.0,18.0,19.0,1189
