Player_ID,G,MP,FG%,3P%,TRB,AST,STL,BLK,PTS,+/-,Game_ID
19,1.0,29:26,0.25,0.33299999999999996,7.0,1.0,1.0,0.0,8.0,21.0,3
19,2.0,36:22,0.28600000000000003,0.5,6.0,2.0,2.0,2.0,8.0,-5.0,14
19,3.0,28:31,0.5,0.4,2.0,0.0,0.0,1.0,10.0,6.0,38
19,4.0,22:12,0.28600000000000003,0.2,1.0,0.0,2.0,1.0,7.0,-10.0,51
19,5.0,20:19,0.0,0.0,1.0,0.0,0.0,0.0,0.0,1.0,67
19,6.0,21:42,0.125,0.0,8.0,1.0,0.0,0.0,4.0,3.0,85
19,7.0,21:41,0.667,0.667,4.0,0.0,0.0,0.0,10.0,5.0,108
19,8.0,22:45,0.5710000000000001,0.0,4.0,1.0,0.0,0.0,10.0,-9.0,119
19,no play,,,,,,,,,,127
19,no play,,,,,,,,,,149
19,9.0,24:05,0.429,0.4,3.0,2.0,1.0,0.0,8.0,-15.0,161
19,10.0,22:19,0.444,0.25,3.0,0.0,1.0,0.0,11.0,1.0,177
19,11.0,33:01,0.5,0.5,4.0,0.0,2.0,0.0,17.0,-11.0,192
19,no play,,,,,,,,,,203
19,12.0,26:50,0.643,0.4,3.0,2.0,4.0,3.0,20.0,12.0,215
19,13.0,25:58,0.444,0.5,1.0,1.0,0.0,0.0,14.0,10.0,243
19,14.0,21:24,0.8,0.667,5.0,3.0,1.0,2.0,10.0,7.0,265
19,15.0,28:36,0.545,0.429,0.0,1.0,0.0,0.0,17.0,12.0,278
19,no play,,,,,,,,,,294
19,16.0,25:38,0.4,0.33299999999999996,5.0,0.0,3.0,0.0,10.0,6.0,303
19,17.0,33:29,0.3,0.16699999999999998,0.0,3.0,1.0,0.0,8.0,-11.0,315
19,18.0,33:27,0.429,0.5,5.0,2.0,2.0,0.0,10.0,19.0,331
19,no play,,,,,,,,,,339
19,19.0,28:43,0.41700000000000004,0.429,6.0,2.0,1.0,0.0,13.0,-1.0,362
19,20.0,19:56,0.33299999999999996,0.33299999999999996,3.0,1.0,1.0,0.0,10.0,12.0,374
19,21.0,23:20,0.0,0.0,0.0,1.0,1.0,0.0,4.0,-6.0,392
19,22.0,20:42,0.75,0.0,3.0,0.0,0.0,0.0,8.0,8.0,410
19,23.0,21:37,0.636,0.5,3.0,0.0,2.0,0.0,17.0,17.0,420
19,24.0,23:48,0.16699999999999998,0.0,4.0,0.0,2.0,0.0,2.0,12.0,452
19,25.0,27:18,0.28600000000000003,0.4,2.0,1.0,0.0,0.0,6.0,-11.0,474
19,26.0,27:48,0.41700000000000004,0.6,7.0,1.0,3.0,2.0,13.0,-10.0,490
19,27.0,18:36,0.0,0.0,4.0,0.0,1.0,0.0,2.0,-5.0,495
19,28.0,16:33,0.5,0.5,0.0,0.0,0.0,1.0,5.0,-6.0,517
19,29.0,18:31,0.429,0.33299999999999996,5.0,0.0,2.0,0.0,10.0,-20.0,530
19,30.0,38:58,0.5,0.5,4.0,0.0,2.0,0.0,8.0,18.0,542
19,31.0,41:16,0.375,0.28600000000000003,2.0,2.0,1.0,0.0,9.0,-9.0,559
19,32.0,33:41,0.583,0.6,8.0,0.0,1.0,0.0,26.0,8.0,567
19,33.0,34:34,0.4,0.5,4.0,2.0,1.0,1.0,11.0,19.0,577
19,34.0,29:17,0.43799999999999994,0.3,11.0,0.0,0.0,0.0,18.0,14.0,598
19,35.0,26:44,0.5379999999999999,0.16699999999999998,2.0,0.0,2.0,1.0,20.0,29.0,612
19,36.0,26:08,0.375,0.75,3.0,1.0,2.0,0.0,9.0,2.0,627
19,37.0,22:47,0.0,0.0,2.0,2.0,2.0,0.0,0.0,-3.0,632
19,38.0,25:30,0.14300000000000002,0.0,1.0,0.0,1.0,1.0,2.0,-20.0,647
19,39.0,31:31,0.33299999999999996,0.4,4.0,0.0,2.0,1.0,14.0,-2.0,668
19,40.0,14:57,0.0,0.0,4.0,0.0,1.0,0.0,2.0,-7.0,679
19,41.0,21:46,0.5,0.33299999999999996,6.0,2.0,2.0,0.0,11.0,0.0,690
19,42.0,31:48,0.222,0.16699999999999998,3.0,2.0,0.0,2.0,7.0,21.0,702
19,43.0,17:28,0.375,0.0,2.0,0.0,1.0,0.0,7.0,-11.0,720
19,44.0,37:20,0.3,0.0,8.0,2.0,2.0,0.0,8.0,13.0,731
19,45.0,37:42,0.25,0.33299999999999996,6.0,1.0,1.0,0.0,6.0,-2.0,738
19,46.0,18:14,0.0,0.0,3.0,0.0,1.0,0.0,0.0,-6.0,752
19,47.0,31:32,0.545,0.4,5.0,1.0,2.0,1.0,15.0,12.0,771
19,48.0,22:53,0.5,0.33299999999999996,5.0,2.0,0.0,0.0,9.0,1.0,777
19,49.0,34:18,0.778,1.0,9.0,2.0,0.0,0.0,19.0,-1.0,796
19,50.0,36:07,0.667,0.5,2.0,3.0,1.0,0.0,15.0,-5.0,824
19,51.0,39:55,0.25,0.0,5.0,1.0,3.0,0.0,4.0,-10.0,837
19,52.0,39:24,0.308,0.375,11.0,4.0,1.0,0.0,13.0,16.0,843
19,53.0,27:45,0.5,0.33299999999999996,4.0,1.0,0.0,1.0,6.0,16.0,1234
19,54.0,32:13,0.2,0.33299999999999996,4.0,1.0,0.0,1.0,5.0,4.0,1254
19,55.0,29:48,0.375,0.25,5.0,2.0,0.0,0.0,9.0,10.0,1258
19,56.0,29:39,0.0,,4.0,1.0,2.0,0.0,0.0,-2.0,857
19,57.0,25:36,0.429,0.2,5.0,3.0,2.0,0.0,7.0,-13.0,871
19,58.0,19:11,0.28600000000000003,0.0,6.0,0.0,0.0,0.0,4.0,6.0,881
19,no play,,,,,,,,,,913
19,59.0,32:45,0.33299999999999996,0.0,7.0,1.0,4.0,2.0,11.0,-6.0,929
19,no play,,,,,,,,,,939
19,no play,,,,,,,,,,952
19,60.0,15:02,0.33299999999999996,0.0,3.0,0.0,1.0,1.0,2.0,-13.0,975
19,61.0,23:45,0.444,0.25,1.0,1.0,1.0,0.0,12.0,5.0,983
19,62.0,18:12,0.5710000000000001,0.8,6.0,2.0,0.0,0.0,12.0,5.0,1000
19,63.0,16:45,0.4,0.5,1.0,3.0,1.0,1.0,8.0,-12.0,1011
19,64.0,20:56,0.4,0.0,0.0,0.0,3.0,0.0,7.0,0.0,1028
19,no play,,,,,,,,,,1044
19,no play,,,,,,,,,,1057
19,65.0,25:13,0.2,0.33299999999999996,3.0,1.0,0.0,1.0,3.0,10.0,1074
19,66.0,22:02,0.444,0.5,1.0,4.0,0.0,1.0,12.0,3.0,1086
19,67.0,22:45,0.364,0.28600000000000003,5.0,0.0,1.0,0.0,10.0,2.0,1108
19,68.0,27:11,0.6,0.6,1.0,0.0,1.0,0.0,11.0,-14.0,1118
19,69.0,12:54,0.16699999999999998,0.0,1.0,0.0,1.0,0.0,2.0,-6.0,1127
19,70.0,22:21,0.5,0.667,1.0,0.0,1.0,0.0,7.0,-3.0,1141
19,71.0,22:39,0.16699999999999998,0.0,2.0,1.0,0.0,0.0,3.0,9.0,1157
19,72.0,16:28,0.2,0.0,6.0,1.0,1.0,0.0,2.0,2.0,1179
