Player_ID,G,MP,FG%,3P%,TRB,AST,STL,BLK,PTS,+/-,Game_ID
320,no play,,,,,,,,,,
320,1.0,20:04,0.5710000000000001,,8.0,2.0,2.0,2.0,15.0,3.0,20
320,2.0,22:47,0.125,,11.0,0.0,1.0,0.0,5.0,4.0,31
320,3.0,15:37,0.5,,3.0,3.0,0.0,1.0,6.0,-6.0,49
320,4.0,23:03,0.375,,1.0,0.0,0.0,0.0,8.0,12.0,58
320,5.0,27:03,0.231,,7.0,0.0,2.0,1.0,6.0,-2.0,73
320,6.0,27:01,0.6,,6.0,0.0,0.0,0.0,13.0,-4.0,83
320,7.0,29:12,0.545,,14.0,1.0,1.0,3.0,16.0,4.0,89
320,8.0,34:58,0.667,0.0,10.0,0.0,0.0,2.0,16.0,7.0,104
320,9.0,36:28,0.5,1.0,9.0,1.0,3.0,2.0,18.0,15.0,120
320,10.0,5:55,1.0,,1.0,0.0,0.0,0.0,6.0,0.0,132
320,11.0,21:29,0.33299999999999996,,2.0,0.0,2.0,0.0,6.0,-3.0,147
320,no play,,,,,,,,,,169
320,no play,,,,,,,,,,180
320,no play,,,,,,,,,,193
320,no play,,,,,,,,,,217
320,no play,,,,,,,,,,242
320,no play,,,,,,,,,,269
320,no play,,,,,,,,,,276
320,no play,,,,,,,,,,290
320,no play,,,,,,,,,,307
320,no play,,,,,,,,,,323
320,no play,,,,,,,,,,330
320,no play,,,,,,,,,,335
320,no play,,,,,,,,,,354
320,12.0,12:40,0.33299999999999996,,4.0,0.0,1.0,1.0,4.0,2.0,382
320,13.0,13:30,0.667,,2.0,0.0,0.0,1.0,7.0,-5.0,398
320,14.0,13:30,0.5,,1.0,0.0,0.0,4.0,5.0,-6.0,408
320,no play,,,,,,,,,,427
320,15.0,16:11,0.33299999999999996,,4.0,0.0,1.0,1.0,4.0,-3.0,434
320,16.0,15:07,0.25,,7.0,0.0,0.0,1.0,6.0,4.0,452
320,17.0,21:58,0.4,,6.0,1.0,1.0,0.0,8.0,-7.0,480
320,18.0,24:39,0.14300000000000002,,12.0,1.0,0.0,1.0,4.0,12.0,494
320,19.0,23:51,0.5,,8.0,3.0,0.0,1.0,9.0,0.0,511
320,20.0,18:19,0.429,,3.0,0.0,0.0,0.0,6.0,-2.0,520
320,21.0,29:01,0.5,,6.0,7.0,0.0,0.0,12.0,-6.0,527
320,22.0,26:00,0.4,,8.0,1.0,1.0,0.0,9.0,2.0,542
320,23.0,34:26,0.583,0.5,6.0,1.0,3.0,2.0,15.0,-1.0,561
320,24.0,24:37,0.28600000000000003,0.0,3.0,1.0,1.0,0.0,4.0,-14.0,568
320,25.0,25:13,0.5,,5.0,2.0,1.0,1.0,12.0,-11.0,581
320,26.0,27:09,0.4,,9.0,1.0,1.0,1.0,9.0,30.0,605
320,27.0,31:49,0.583,,6.0,1.0,0.0,0.0,17.0,7.0,610
320,28.0,24:28,0.455,,4.0,1.0,1.0,1.0,11.0,3.0,625
320,29.0,26:02,0.4,,4.0,0.0,0.0,1.0,5.0,0.0,653
320,30.0,24:18,0.429,,7.0,3.0,1.0,1.0,8.0,8.0,664
320,31.0,26:44,0.41700000000000004,0.0,10.0,0.0,2.0,0.0,10.0,1.0,678
320,32.0,24:40,0.727,,5.0,1.0,1.0,1.0,18.0,-5.0,683
320,33.0,21:32,0.33299999999999996,,6.0,3.0,0.0,0.0,8.0,-4.0,698
320,no play,,,,,,,,,,713
320,no play,,,,,,,,,,744
320,34.0,10:13,0.5,,4.0,1.0,0.0,0.0,2.0,7.0,766
320,35.0,26:14,0.833,0.0,10.0,1.0,3.0,2.0,20.0,17.0,778
320,36.0,25:11,0.7140000000000001,0.0,7.0,2.0,1.0,0.0,12.0,23.0,795
320,37.0,32:38,0.222,,10.0,2.0,2.0,0.0,6.0,-14.0,803
320,38.0,25:47,0.6,,6.0,0.0,1.0,0.0,6.0,-11.0,821
320,39.0,23:34,0.455,,3.0,1.0,2.0,2.0,13.0,-4.0,834
320,40.0,25:30,0.33299999999999996,,6.0,1.0,2.0,0.0,2.0,15.0,849
320,41.0,26:00,0.643,,7.0,2.0,0.0,2.0,19.0,8.0,1236
320,42.0,23:53,0.556,,6.0,0.0,1.0,4.0,10.0,7.0,1253
320,43.0,27:28,0.444,,5.0,2.0,0.0,0.0,8.0,-8.0,1269
320,44.0,26:51,0.385,,12.0,0.0,1.0,1.0,10.0,-23.0,864
320,45.0,33:34,0.889,1.0,12.0,3.0,1.0,0.0,19.0,20.0,876
320,46.0,26:00,0.8,,2.0,2.0,0.0,0.0,9.0,-7.0,892
320,47.0,32:00,0.3,,4.0,1.0,1.0,0.0,7.0,-1.0,904
320,no play,,,,,,,,,,914
320,no play,,,,,,,,,,933
320,no play,,,,,,,,,,956
320,no play,,,,,,,,,,968
320,no play,,,,,,,,,,974
320,no play,,,,,,,,,,992
320,no play,,,,,,,,,,1006
320,no play,,,,,,,,,,1026
320,no play,,,,,,,,,,1042
320,no play,,,,,,,,,,1062
320,no play,,,,,,,,,,1080
320,no play,,,,,,,,,,1095
320,no play,,,,,,,,,,1106
320,no play,,,,,,,,,,1123
320,48.0,16:41,0.667,,5.0,1.0,1.0,0.0,13.0,3.0,1146
320,49.0,13:53,0.429,0.0,3.0,0.0,0.0,0.0,6.0,-12.0,1155
320,no play,,,,,,,,,,1172
320,50.0,20:47,0.5,,5.0,3.0,3.0,0.0,8.0,4.0,1188
