Player_ID,G,MP,FG%,3P%,TRB,AST,STL,BLK,PTS,+/-,Game_ID
279,1.0,29:35,0.41200000000000003,0.5,3.0,1.0,0.0,1.0,17.0,-19.0,
279,2.0,32:16,0.462,0.0,4.0,3.0,2.0,1.0,13.0,7.0,24
279,3.0,31:41,0.47100000000000003,0.0,5.0,2.0,0.0,1.0,19.0,-4.0,46
279,4.0,29:44,0.444,,4.0,4.0,2.0,0.0,16.0,-15.0,54
279,5.0,38:06,0.375,,7.0,11.0,1.0,1.0,15.0,12.0,69
279,6.0,36:11,0.5,,4.0,8.0,1.0,0.0,18.0,1.0,83
279,7.0,22:11,0.6,1.0,3.0,4.0,0.0,0.0,14.0,-10.0,102
279,8.0,27:06,0.3,0.33299999999999996,4.0,6.0,0.0,0.0,11.0,-10.0,121
279,9.0,38:08,0.5,0.0,4.0,4.0,0.0,0.0,21.0,0.0,127
279,10.0,27:32,0.16699999999999998,0.0,4.0,5.0,0.0,0.0,3.0,20.0,142
279,11.0,34:19,0.467,0.0,5.0,3.0,0.0,1.0,15.0,2.0,158
279,12.0,38:37,0.444,0.6,2.0,4.0,1.0,0.0,27.0,-8.0,165
279,13.0,29:50,0.35700000000000004,0.0,3.0,7.0,0.0,0.0,14.0,13.0,189
279,14.0,28:05,0.5329999999999999,,4.0,5.0,2.0,1.0,18.0,-3.0,204
279,15.0,38:07,0.462,0.0,3.0,5.0,1.0,1.0,16.0,7.0,239
279,16.0,34:09,0.3,0.33299999999999996,8.0,8.0,2.0,2.0,18.0,-9.0,252
279,17.0,38:02,0.5,0.0,7.0,4.0,0.0,0.0,30.0,-1.0,266
279,18.0,23:35,0.41700000000000004,0.33299999999999996,0.0,2.0,1.0,0.0,11.0,-9.0,281
279,19.0,33:54,0.6,0.0,5.0,5.0,1.0,0.0,24.0,13.0,295
279,20.0,33:37,0.643,,6.0,6.0,0.0,0.0,20.0,-2.0,312
279,21.0,24:55,0.33299999999999996,0.0,2.0,3.0,2.0,0.0,10.0,7.0,326
279,no play,,,,,,,,,,1198
279,no play,,,,,,,,,,345
279,22.0,33:55,0.75,0.0,3.0,2.0,0.0,1.0,25.0,13.0,360
279,23.0,9:54,0.0,0.0,1.0,0.0,0.0,0.0,2.0,-5.0,372
279,no play,,,,,,,,,,388
279,no play,,,,,,,,,,404
279,24.0,35:54,0.5,,4.0,6.0,0.0,2.0,24.0,10.0,421
279,25.0,26:02,0.43799999999999994,0.5,5.0,3.0,0.0,0.0,19.0,-4.0,439
279,26.0,37:50,0.526,,5.0,3.0,0.0,0.0,25.0,-5.0,461
279,27.0,42:33,0.321,0.0,7.0,6.0,0.0,0.0,26.0,6.0,483
279,28.0,38:18,0.429,0.5,2.0,1.0,3.0,0.0,20.0,-7.0,500
279,29.0,40:43,0.348,0.33299999999999996,5.0,7.0,2.0,0.0,21.0,-9.0,510
279,30.0,28:14,0.5329999999999999,0.0,3.0,4.0,0.0,0.0,18.0,-8.0,521
279,31.0,33:21,0.389,0.5,3.0,4.0,1.0,0.0,15.0,7.0,536
279,32.0,31:46,0.28600000000000003,0.0,2.0,8.0,0.0,0.0,12.0,-2.0,553
279,33.0,25:54,0.5,0.0,2.0,3.0,2.0,0.0,14.0,-7.0,557
279,no play,,,,,,,,,,573
279,34.0,31:41,0.688,,2.0,4.0,1.0,0.0,25.0,-21.0,585
279,35.0,34:12,0.467,,4.0,3.0,0.0,0.0,17.0,15.0,593
279,36.0,29:29,0.5,,2.0,3.0,0.0,1.0,16.0,-23.0,612
279,37.0,31:59,0.5,,4.0,9.0,1.0,1.0,18.0,3.0,618
279,38.0,32:46,0.542,,10.0,5.0,2.0,2.0,30.0,-1.0,635
279,39.0,31:34,0.43799999999999994,,5.0,2.0,0.0,0.0,20.0,-12.0,643
279,40.0,36:05,0.462,0.0,3.0,5.0,0.0,0.0,26.0,1.0,659
279,41.0,40:23,0.43799999999999994,0.0,3.0,6.0,0.0,0.0,20.0,8.0,677
279,42.0,35:04,0.4,1.0,3.0,3.0,0.0,0.0,13.0,-13.0,693
279,43.0,21:37,0.5,,2.0,4.0,2.0,0.0,13.0,-14.0,703
279,no play,,,,,,,,,,716
279,no play,,,,,,,,,,730
279,no play,,,,,,,,,,739
279,no play,,,,,,,,,,765
279,44.0,31:34,0.25,0.0,4.0,3.0,0.0,0.0,5.0,-12.0,774
279,45.0,37:21,0.625,0.0,7.0,8.0,1.0,0.0,20.0,-9.0,797
279,46.0,27:54,0.667,,3.0,4.0,1.0,0.0,13.0,-15.0,806
279,47.0,30:21,0.545,,4.0,2.0,0.0,1.0,18.0,6.0,823
279,48.0,38:12,0.524,,4.0,7.0,2.0,0.0,25.0,-10.0,851
279,49.0,31:58,0.429,,2.0,4.0,0.0,0.0,13.0,-12.0,1229
279,50.0,36:01,0.47100000000000003,0.0,5.0,3.0,0.0,0.0,18.0,0.0,1244
279,51.0,40:16,0.41700000000000004,0.0,6.0,4.0,2.0,0.0,16.0,8.0,1258
279,52.0,32:38,0.5710000000000001,0.0,8.0,4.0,1.0,0.0,19.0,17.0,856
279,53.0,38:00,0.385,,4.0,5.0,2.0,0.0,20.0,6.0,870
279,54.0,34:46,0.5,0.0,1.0,4.0,1.0,0.0,28.0,-8.0,889
279,55.0,27:14,0.222,,5.0,6.0,0.0,0.0,12.0,-23.0,896
279,56.0,38:43,0.813,,1.0,6.0,0.0,0.0,26.0,4.0,912
279,57.0,26:54,0.41700000000000004,0.0,2.0,2.0,1.0,0.0,11.0,-11.0,935
279,58.0,37:09,0.33299999999999996,,5.0,2.0,2.0,0.0,17.0,-6.0,946
279,59.0,31:56,0.583,0.0,2.0,4.0,0.0,0.0,16.0,-1.0,961
279,60.0,33:17,0.41200000000000003,,2.0,2.0,0.0,0.0,22.0,-13.0,976
279,61.0,27:34,0.545,,4.0,5.0,0.0,0.0,18.0,-20.0,1010
279,62.0,32:17,0.583,,1.0,6.0,0.0,0.0,17.0,-5.0,1026
279,no play,,,,,,,,,,1031
279,63.0,36:14,0.455,,5.0,5.0,0.0,0.0,24.0,2.0,1045
279,64.0,32:38,0.706,,4.0,6.0,1.0,0.0,27.0,13.0,1058
279,no play,,,,,,,,,,1075
279,no play,,,,,,,,,,1093
279,no play,,,,,,,,,,1102
279,no play,,,,,,,,,,1121
279,no play,,,,,,,,,,1137
279,no play,,,,,,,,,,1142
279,no play,,,,,,,,,,1157
279,no play,,,,,,,,,,1181
