Player_ID,G,MP,FG%,3P%,TRB,AST,STL,BLK,PTS,+/-,Game_ID
383,1.0,24:33,0.667,0.0,2.0,3.0,0.0,0.0,18.0,-5.0,8
383,2.0,43:53,0.32,0.25,6.0,1.0,0.0,0.0,21.0,-1.0,17
383,3.0,28:19,0.25,0.25,0.0,2.0,0.0,1.0,7.0,-10.0,32
383,no play,,,,,,,,,,41
383,4.0,38:31,0.4,0.5,3.0,2.0,2.0,0.0,15.0,8.0,59
383,5.0,41:27,0.591,0.429,4.0,3.0,0.0,0.0,38.0,3.0,71
383,6.0,45:15,0.44799999999999995,0.429,3.0,7.0,0.0,0.0,39.0,-5.0,88
383,7.0,31:10,0.444,0.33299999999999996,0.0,0.0,1.0,0.0,23.0,-7.0,99
383,8.0,33:29,0.33299999999999996,0.2,2.0,4.0,1.0,2.0,11.0,10.0,109
383,9.0,32:01,0.278,0.0,6.0,3.0,1.0,0.0,11.0,-12.0,135
383,10.0,32:15,0.33299999999999996,0.2,4.0,3.0,2.0,1.0,19.0,-18.0,139
383,11.0,37:28,0.556,0.667,4.0,2.0,1.0,0.0,24.0,-16.0,162
383,12.0,22:51,0.364,0.2,1.0,3.0,1.0,0.0,13.0,11.0,171
383,13.0,17:38,0.308,0.0,1.0,0.0,2.0,0.0,10.0,-17.0,185
383,14.0,36:58,0.462,0.667,2.0,2.0,0.0,0.0,30.0,-17.0,196
383,15.0,33:57,0.4,0.33299999999999996,3.0,1.0,2.0,1.0,11.0,3.0,210
383,16.0,33:03,0.4,0.33299999999999996,2.0,2.0,2.0,1.0,11.0,-12.0,247
383,17.0,35:43,0.40700000000000003,0.4,3.0,4.0,1.0,0.0,30.0,14.0,257
383,18.0,32:32,0.385,0.5,1.0,4.0,1.0,0.0,13.0,2.0,284
383,19.0,32:36,0.47100000000000003,0.2,1.0,5.0,0.0,0.0,21.0,-5.0,309
383,20.0,26:08,0.6920000000000001,0.33299999999999996,2.0,1.0,1.0,0.0,21.0,-26.0,330
383,21.0,30:39,0.308,0.33299999999999996,3.0,5.0,1.0,0.0,13.0,-3.0,1200
383,22.0,28:09,0.353,0.16699999999999998,3.0,4.0,0.0,0.0,15.0,16.0,344
383,23.0,38:11,0.4,0.25,5.0,5.0,1.0,0.0,16.0,7.0,359
383,24.0,35:45,0.188,0.2,1.0,0.0,0.0,1.0,12.0,7.0,372
383,25.0,36:08,0.316,0.33299999999999996,4.0,5.0,2.0,0.0,17.0,-18.0,387
383,26.0,33:23,0.5,0.6,3.0,5.0,1.0,0.0,31.0,-13.0,399
383,27.0,28:33,0.4,0.2,2.0,3.0,0.0,1.0,18.0,-3.0,416
383,28.0,35:52,0.44,0.5,6.0,7.0,0.0,0.0,28.0,-5.0,435
383,29.0,38:16,0.444,0.444,6.0,6.0,2.0,0.0,23.0,11.0,453
383,30.0,27:32,0.33299999999999996,0.2,2.0,4.0,1.0,0.0,16.0,-17.0,472
383,31.0,28:57,0.154,0.0,3.0,4.0,2.0,0.0,8.0,-15.0,487
383,32.0,37:55,0.316,0.25,5.0,5.0,1.0,0.0,19.0,12.0,495
383,33.0,35:32,0.474,0.33299999999999996,3.0,1.0,3.0,0.0,20.0,-6.0,511
383,34.0,33:10,0.267,0.2,1.0,2.0,2.0,0.0,13.0,5.0,524
383,35.0,35:12,0.474,0.5,2.0,4.0,1.0,0.0,27.0,9.0,532
383,36.0,35:50,0.529,1.0,2.0,0.0,0.0,1.0,22.0,5.0,546
383,37.0,45:06,0.5,0.28600000000000003,5.0,4.0,2.0,0.0,28.0,2.0,569
383,38.0,37:13,0.7,0.857,1.0,3.0,1.0,0.0,39.0,-3.0,595
383,39.0,37:03,0.545,0.6,2.0,2.0,0.0,0.0,39.0,10.0,608
383,40.0,46:02,0.455,0.2,0.0,1.0,0.0,0.0,25.0,-4.0,625
383,41.0,36:59,0.308,0.0,7.0,8.0,0.0,0.0,21.0,-8.0,641
383,42.0,37:12,0.47600000000000003,0.75,1.0,2.0,1.0,1.0,26.0,-1.0,659
383,43.0,37:29,0.429,0.625,4.0,2.0,2.0,0.0,20.0,12.0,668
383,44.0,43:17,0.391,0.5710000000000001,2.0,4.0,0.0,0.0,26.0,-2.0,684
383,45.0,33:10,0.529,0.16699999999999998,0.0,6.0,1.0,0.0,24.0,-19.0,697
383,46.0,34:52,0.5,0.0,4.0,2.0,1.0,1.0,23.0,19.0,714
383,47.0,38:31,0.3,0.0,6.0,2.0,1.0,0.0,22.0,-11.0,729
383,48.0,34:47,0.368,0.33299999999999996,4.0,6.0,0.0,1.0,20.0,-10.0,745
383,49.0,40:51,0.45799999999999996,0.5,2.0,2.0,2.0,1.0,33.0,7.0,759
383,50.0,37:42,0.474,0.625,3.0,4.0,0.0,0.0,31.0,-15.0,767
383,51.0,36:53,0.25,0.125,2.0,5.0,1.0,2.0,14.0,-7.0,780
383,52.0,31:38,0.462,0.0,1.0,3.0,0.0,0.0,20.0,-22.0,794
383,53.0,32:59,0.526,0.5,5.0,4.0,0.0,0.0,27.0,19.0,813
383,54.0,26:01,0.33299999999999996,0.33299999999999996,1.0,2.0,1.0,0.0,18.0,-29.0,820
383,55.0,36:14,0.474,0.33299999999999996,1.0,3.0,1.0,1.0,21.0,2.0,835
383,56.0,29:54,0.643,0.5710000000000001,4.0,1.0,0.0,1.0,23.0,29.0,850
383,57.0,40:41,0.47600000000000003,0.5,3.0,2.0,2.0,0.0,27.0,-11.0,1235
383,58.0,34:46,0.455,0.667,4.0,3.0,1.0,0.0,15.0,6.0,1251
383,59.0,35:31,0.273,0.4,3.0,1.0,0.0,1.0,9.0,-11.0,1268
383,60.0,30:09,0.41700000000000004,0.25,6.0,9.0,0.0,0.0,15.0,7.0,868
383,61.0,33:29,0.385,0.28600000000000003,7.0,3.0,0.0,1.0,17.0,-2.0,877
383,62.0,27:23,0.5,0.33299999999999996,5.0,0.0,1.0,0.0,16.0,8.0,890
383,63.0,37:36,0.444,0.5710000000000001,4.0,6.0,0.0,0.0,25.0,5.0,908
383,64.0,37:59,0.47600000000000003,0.25,6.0,3.0,0.0,0.0,23.0,-3.0,924
383,65.0,34:30,0.6,0.4,5.0,2.0,0.0,0.0,36.0,15.0,942
383,66.0,40:30,0.5,,5.0,3.0,1.0,0.0,28.0,-17.0,948
383,67.0,39:36,0.231,0.33299999999999996,3.0,2.0,0.0,0.0,19.0,-7.0,972
383,68.0,30:20,0.231,0.0,4.0,3.0,2.0,0.0,10.0,6.0,986
383,no play,,,,,,,,,,998
383,69.0,34:08,0.25,0.0,4.0,5.0,1.0,0.0,11.0,-29.0,1013
383,70.0,39:59,0.34600000000000003,0.33299999999999996,2.0,0.0,3.0,0.0,28.0,-21.0,1027
383,71.0,44:58,0.525,0.364,8.0,6.0,3.0,1.0,70.0,-6.0,1036
383,72.0,35:05,0.41200000000000003,0.4,4.0,5.0,0.0,1.0,23.0,-32.0,1047
383,no play,,,,,,,,,,1066
383,73.0,37:18,0.591,0.5710000000000001,2.0,9.0,1.0,0.0,33.0,-2.0,1084
383,74.0,42:05,0.4,0.0,3.0,7.0,3.0,0.0,31.0,-6.0,1101
383,75.0,39:29,0.318,0.16699999999999998,5.0,9.0,1.0,0.0,27.0,-3.0,1113
383,76.0,41:44,0.292,0.28600000000000003,3.0,5.0,3.0,0.0,21.0,-10.0,1132
383,77.0,37:40,0.44799999999999995,0.556,5.0,4.0,1.0,0.0,37.0,20.0,1147
383,78.0,22:44,0.5329999999999999,0.25,2.0,3.0,0.0,0.0,21.0,13.0,1160
