Player_ID,G,MP,FG%,3P%,TRB,AST,STL,BLK,PTS,+/-,Game_ID
172,1.0,16:34,0.25,,8.0,0.0,1.0,2.0,2.0,29.0,
172,2.0,24:13,0.833,,7.0,0.0,0.0,4.0,12.0,21.0,12
172,3.0,15:57,0.5,,6.0,0.0,1.0,2.0,5.0,11.0,28
172,4.0,16:25,0.4,,8.0,1.0,0.0,0.0,9.0,6.0,33
172,5.0,12:16,0.0,,5.0,0.0,0.0,0.0,1.0,-4.0,49
172,6.0,12:27,0.6,,8.0,0.0,0.0,3.0,6.0,-2.0,73
172,7.0,18:37,0.5,,3.0,0.0,1.0,1.0,4.0,-15.0,82
172,8.0,4:09,,,0.0,0.0,0.0,0.0,1.0,-10.0,110
172,9.0,5:49,,,2.0,1.0,1.0,0.0,0.0,5.0,123
172,10.0,7:18,0.5,,1.0,0.0,2.0,1.0,2.0,0.0,130
172,11.0,10:14,0.0,,6.0,0.0,0.0,2.0,0.0,3.0,146
172,no play,,,,,,,,,,164
172,no play,,,,,,,,,,178
172,no play,,,,,,,,,,202
172,no play,,,,,,,,,,209
172,no play,,,,,,,,,,236
172,no play,,,,,,,,,,251
172,12.0,17:09,0.75,,8.0,0.0,1.0,2.0,6.0,4.0,275
172,13.0,26:09,0.4,,10.0,0.0,2.0,3.0,6.0,1.0,282
172,14.0,7:42,0.0,,4.0,0.0,0.0,0.0,0.0,12.0,299
172,15.0,14:13,1.0,,6.0,0.0,0.0,1.0,10.0,6.0,319
172,16.0,23:56,1.0,,8.0,0.0,0.0,0.0,5.0,17.0,329
172,17.0,13:18,,,7.0,0.0,0.0,1.0,0.0,1.0,336
172,18.0,8:21,1.0,,6.0,2.0,0.0,0.0,5.0,9.0,353
172,19.0,16:05,0.833,,5.0,0.0,1.0,0.0,10.0,1.0,383
172,20.0,23:23,0.833,,9.0,0.0,0.0,1.0,11.0,12.0,387
172,21.0,16:36,0.429,,2.0,2.0,0.0,1.0,6.0,-12.0,412
172,22.0,10:54,,,3.0,0.0,0.0,0.0,0.0,2.0,425
172,23.0,15:05,0.33299999999999996,,6.0,2.0,0.0,0.0,4.0,-3.0,441
172,24.0,27:01,0.5,,7.0,0.0,0.0,2.0,6.0,-2.0,454
172,25.0,14:54,0.8,,6.0,2.0,0.0,0.0,9.0,10.0,463
172,26.0,14:48,0.5,,4.0,0.0,2.0,0.0,5.0,-6.0,487
172,27.0,13:23,1.0,,8.0,1.0,0.0,0.0,3.0,-9.0,504
172,28.0,5:43,0.0,,2.0,0.0,0.0,0.0,0.0,-12.0,513
172,29.0,24:22,1.0,,6.0,0.0,0.0,1.0,3.0,20.0,530
172,30.0,12:40,0.5,,3.0,1.0,0.0,0.0,2.0,1.0,547
172,31.0,22:48,1.0,,10.0,1.0,2.0,1.0,15.0,5.0,563
172,32.0,19:53,0.33299999999999996,,7.0,0.0,1.0,1.0,5.0,-3.0,580
172,33.0,20:46,0.667,,12.0,2.0,1.0,2.0,6.0,9.0,594
172,34.0,14:07,1.0,,3.0,1.0,2.0,1.0,2.0,3.0,608
172,35.0,19:18,0.5,,8.0,0.0,1.0,0.0,5.0,15.0,630
172,36.0,19:04,0.6,,4.0,1.0,2.0,0.0,7.0,-4.0,644
172,37.0,9:47,0.5,,4.0,0.0,0.0,0.0,2.0,-3.0,662
172,38.0,28:51,0.8,,8.0,1.0,1.0,1.0,10.0,18.0,671
172,39.0,18:51,0.667,,5.0,2.0,0.0,0.0,7.0,0.0,679
172,40.0,8:15,0.0,,5.0,1.0,0.0,0.0,0.0,0.0,705
172,41.0,13:59,0.5,,6.0,0.0,0.0,0.0,2.0,9.0,722
172,42.0,17:01,0.667,,8.0,0.0,3.0,1.0,6.0,0.0,733
172,43.0,22:20,0.7140000000000001,,10.0,1.0,0.0,2.0,13.0,17.0,750
172,44.0,13:59,1.0,,3.0,0.0,0.0,0.0,7.0,13.0,768
172,45.0,27:04,0.33299999999999996,,12.0,0.0,0.0,0.0,2.0,-8.0,783
172,46.0,26:22,0.8,,11.0,3.0,0.0,1.0,10.0,13.0,788
172,47.0,31:43,0.8,,17.0,0.0,1.0,2.0,17.0,11.0,807
172,48.0,23:46,0.5,,7.0,0.0,2.0,1.0,3.0,-19.0,823
172,49.0,28:13,0.6,,12.0,1.0,0.0,0.0,6.0,4.0,827
172,50.0,28:55,0.833,,11.0,1.0,0.0,1.0,10.0,32.0,840
172,51.0,23:57,0.667,,12.0,3.0,1.0,4.0,4.0,5.0,1241
172,52.0,20:17,1.0,,9.0,3.0,1.0,0.0,11.0,12.0,1250
172,53.0,15:35,1.0,,3.0,0.0,0.0,0.0,4.0,-12.0,863
172,54.0,15:45,0.667,,5.0,0.0,0.0,0.0,4.0,0.0,878
172,55.0,18:01,1.0,,4.0,1.0,0.0,1.0,6.0,-3.0,886
172,56.0,9:13,,,4.0,0.0,0.0,0.0,0.0,-12.0,902
172,57.0,13:30,0.0,,5.0,1.0,0.0,0.0,2.0,-11.0,917
172,58.0,19:16,0.5,,8.0,1.0,0.0,0.0,8.0,-2.0,922
172,59.0,22:20,0.667,,7.0,0.0,0.0,2.0,9.0,14.0,940
172,60.0,21:33,1.0,,8.0,1.0,0.0,0.0,4.0,-2.0,954
172,61.0,19:31,1.0,,5.0,2.0,0.0,1.0,4.0,2.0,971
172,62.0,19:42,1.0,,3.0,0.0,0.0,1.0,2.0,5.0,993
172,63.0,11:51,1.0,,4.0,0.0,1.0,0.0,6.0,14.0,1002
172,64.0,20:48,0.0,,4.0,0.0,1.0,0.0,2.0,0.0,1016
172,65.0,11:45,1.0,,4.0,0.0,0.0,0.0,4.0,13.0,1030
172,66.0,20:43,0.667,,13.0,0.0,0.0,0.0,5.0,-3.0,1045
172,67.0,20:02,0.667,,13.0,0.0,0.0,1.0,8.0,-5.0,1059
172,68.0,17:57,0.33299999999999996,,5.0,0.0,1.0,2.0,4.0,5.0,1078
172,69.0,10:26,,,0.0,0.0,1.0,1.0,1.0,-14.0,1094
172,70.0,22:44,1.0,,5.0,1.0,2.0,3.0,8.0,14.0,1106
172,71.0,15:57,1.0,,3.0,1.0,0.0,0.0,4.0,10.0,1122
172,72.0,24:53,0.0,,6.0,0.0,1.0,1.0,0.0,-9.0,1131
172,73.0,18:05,0.5,,13.0,1.0,0.0,1.0,10.0,-4.0,1144
172,74.0,15:24,0.33299999999999996,,10.0,2.0,0.0,1.0,4.0,-5.0,1154
172,75.0,21:41,0.25,,8.0,0.0,0.0,1.0,3.0,-16.0,1170
172,76.0,14:06,0.25,,8.0,0.0,0.0,0.0,2.0,-8.0,1188
