Player_ID,G,MP,FG%,3P%,TRB,AST,STL,BLK,PTS,+/-,Game_ID
431,1.0,38:24,0.42100000000000004,0.444,8.0,2.0,2.0,2.0,22.0,-1.0,1
431,no play,,,,,,,,,,19
431,no play,,,,,,,,,,36
431,2.0,28:48,0.28600000000000003,0.0,5.0,0.0,1.0,0.0,9.0,-20.0,58
431,3.0,16:07,0.33299999999999996,,7.0,1.0,0.0,1.0,5.0,-7.0,72
431,no play,,,,,,,,,,86
431,no play,,,,,,,,,,100
431,no play,,,,,,,,,,112
431,no play,,,,,,,,,,142
431,no play,,,,,,,,,,157
431,no play,,,,,,,,,,176
431,no play,,,,,,,,,,183
431,no play,,,,,,,,,,202
431,4.0,20:01,0.3,0.33299999999999996,6.0,1.0,0.0,0.0,10.0,-19.0,216
431,5.0,27:11,0.389,0.2,6.0,3.0,0.0,0.0,15.0,-27.0,238
431,no play,,,,,,,,,,261
431,no play,,,,,,,,,,282
431,no play,,,,,,,,,,286
431,no play,,,,,,,,,,306
431,no play,,,,,,,,,,322
431,no play,,,,,,,,,,1199
431,no play,,,,,,,,,,343
431,no play,,,,,,,,,,352
431,no play,,,,,,,,,,365
431,no play,,,,,,,,,,381
431,no play,,,,,,,,,,398
431,no play,,,,,,,,,,407
431,no play,,,,,,,,,,417
431,no play,,,,,,,,,,436
431,6.0,14:39,0.583,0.667,4.0,0.0,0.0,0.0,17.0,7.0,455
431,7.0,16:59,0.444,0.5,2.0,4.0,0.0,0.0,10.0,-5.0,471
431,8.0,14:56,0.25,,3.0,0.0,0.0,0.0,7.0,-22.0,479
431,no play,,,,,,,,,,496
431,9.0,23:26,0.25,0.0,5.0,1.0,0.0,1.0,11.0,-17.0,506
431,10.0,24:06,0.444,0.25,9.0,0.0,0.0,0.0,11.0,6.0,529
431,11.0,27:48,0.35700000000000004,0.429,7.0,3.0,0.0,1.0,13.0,-13.0,546
431,12.0,30:12,0.4,0.0,3.0,2.0,2.0,1.0,11.0,3.0,562
431,13.0,31:12,0.5,0.5,5.0,4.0,0.0,0.0,26.0,-20.0,575
431,14.0,30:00,0.467,0.6,6.0,1.0,0.0,1.0,18.0,20.0,595
431,15.0,28:05,0.5,0.75,6.0,2.0,0.0,3.0,17.0,17.0,611
431,16.0,27:07,0.33299999999999996,0.0,10.0,2.0,1.0,0.0,10.0,-4.0,629
431,17.0,29:13,0.43799999999999994,0.33299999999999996,4.0,1.0,2.0,0.0,19.0,-1.0,642
431,18.0,25:09,0.077,0.0,10.0,0.0,0.0,0.0,3.0,-1.0,653
431,19.0,20:05,0.455,0.33299999999999996,5.0,1.0,1.0,1.0,13.0,31.0,667
431,20.0,24:57,0.667,0.0,4.0,2.0,0.0,3.0,19.0,-1.0,693
431,no play,,,,,,,,,,695
431,21.0,28:13,0.455,0.667,10.0,0.0,0.0,4.0,15.0,10.0,722
431,22.0,24:07,0.75,1.0,6.0,1.0,1.0,0.0,8.0,24.0,728
431,23.0,28:14,0.33299999999999996,0.0,5.0,3.0,1.0,0.0,8.0,3.0,742
431,24.0,32:26,0.33299999999999996,0.6,5.0,2.0,0.0,0.0,9.0,13.0,760
431,25.0,24:02,0.5,0.0,6.0,0.0,3.0,0.0,9.0,-18.0,782
431,26.0,30:07,0.43799999999999994,0.5710000000000001,5.0,3.0,0.0,2.0,25.0,-1.0,787
431,27.0,37:08,0.47100000000000003,0.0,7.0,2.0,2.0,0.0,20.0,10.0,803
431,28.0,17:55,0.5,0.667,7.0,1.0,2.0,0.0,14.0,15.0,819
431,29.0,28:33,0.41200000000000003,0.2,5.0,3.0,2.0,0.0,18.0,0.0,832
431,30.0,30:24,0.474,0.667,10.0,3.0,1.0,1.0,24.0,-5.0,845
431,31.0,29:21,0.28600000000000003,0.0,7.0,3.0,2.0,2.0,8.0,-8.0,1238
431,32.0,28:03,0.667,1.0,9.0,0.0,1.0,1.0,18.0,6.0,1246
431,33.0,26:14,0.222,0.5,12.0,1.0,0.0,1.0,8.0,-7.0,1262
431,34.0,27:30,0.41700000000000004,0.0,10.0,1.0,0.0,0.0,11.0,-10.0,858
431,35.0,29:17,0.4,0.25,7.0,2.0,0.0,0.0,10.0,6.0,875
431,36.0,30:07,0.47100000000000003,0.25,13.0,3.0,0.0,0.0,18.0,26.0,893
431,37.0,24:27,0.6920000000000001,0.75,11.0,1.0,0.0,1.0,25.0,13.0,907
431,38.0,22:43,0.41700000000000004,0.375,3.0,0.0,1.0,0.0,13.0,0.0,931
431,39.0,30:55,0.7140000000000001,0.5,11.0,2.0,0.0,0.0,23.0,14.0,942
431,40.0,28:52,0.43799999999999994,0.6,7.0,2.0,1.0,1.0,17.0,-1.0,952
431,41.0,32:03,0.467,0.429,4.0,2.0,0.0,1.0,20.0,5.0,964
431,42.0,18:54,0.556,,1.0,0.0,0.0,1.0,10.0,-17.0,980
431,43.0,27:20,0.529,0.5,9.0,0.0,0.0,0.0,23.0,14.0,996
431,44.0,27:53,0.462,0.25,9.0,1.0,0.0,0.0,16.0,-20.0,1015
431,45.0,28:37,0.583,0.0,4.0,4.0,2.0,0.0,14.0,1.0,1029
431,46.0,28:40,0.364,0.5,5.0,0.0,0.0,0.0,9.0,-15.0,1044
431,47.0,25:18,0.33299999999999996,0.33299999999999996,8.0,2.0,0.0,1.0,8.0,-10.0,1060
431,48.0,31:11,0.5,1.0,7.0,2.0,0.0,1.0,23.0,6.0,1077
431,49.0,30:09,0.17600000000000002,0.16699999999999998,12.0,1.0,0.0,0.0,13.0,-2.0,1091
431,50.0,25:50,0.636,0.5,5.0,1.0,0.0,1.0,17.0,0.0,1105
431,no play,,,,,,,,,,1125
431,51.0,28:02,0.364,0.33299999999999996,4.0,1.0,1.0,0.0,9.0,-2.0,1133
431,52.0,16:13,0.667,0.0,3.0,1.0,0.0,3.0,8.0,6.0,1144
431,53.0,20:06,0.33299999999999996,0.5,3.0,3.0,0.0,0.0,11.0,-1.0,1160
431,54.0,27:00,0.45,0.25,8.0,1.0,1.0,3.0,21.0,0.0,1175
