Player_ID,G,MP,FG%,3P%,TRB,AST,STL,BLK,PTS,+/-,Game_ID
427,1.0,21:52,0.4,0.0,1.0,1.0,0.0,0.0,5.0,-5.0,11
427,2.0,26:36,0.643,0.833,4.0,3.0,1.0,1.0,23.0,8.0,26
427,3.0,24:10,0.4,0.0,3.0,3.0,0.0,0.0,12.0,21.0,39
427,no play,,,,,,,,,,57
427,4.0,26:27,0.6,0.0,2.0,1.0,1.0,0.0,6.0,-1.0,69
427,5.0,20:36,0.429,0.5,4.0,0.0,0.0,0.0,12.0,-16.0,79
427,6.0,25:08,0.625,0.0,4.0,1.0,0.0,0.0,11.0,23.0,92
427,7.0,19:11,0.667,0.0,1.0,0.0,0.0,0.0,8.0,-13.0,107
427,8.0,31:42,0.455,0.4,4.0,1.0,1.0,0.0,13.0,5.0,114
427,9.0,17:40,0.33299999999999996,0.0,1.0,2.0,0.0,0.0,5.0,11.0,129
427,no play,,,,,,,,,,152
427,no play,,,,,,,,,,169
427,no play,,,,,,,,,,188
427,no play,,,,,,,,,,194
427,no play,,,,,,,,,,206
427,no play,,,,,,,,,,240
427,no play,,,,,,,,,,279
427,no play,,,,,,,,,,296
427,no play,,,,,,,,,,306
427,no play,,,,,,,,,,318
427,no play,,,,,,,,,,327
427,10.0,25:45,0.33299999999999996,0.25,4.0,3.0,0.0,0.0,8.0,5.0,336
427,11.0,26:00,0.33299999999999996,0.0,1.0,0.0,1.0,0.0,8.0,-3.0,350
427,12.0,26:53,0.5,0.0,3.0,0.0,0.0,0.0,8.0,-2.0,370
427,13.0,27:42,0.5,0.667,5.0,1.0,0.0,0.0,8.0,1.0,384
427,14.0,24:26,0.25,0.0,3.0,0.0,0.0,0.0,5.0,-7.0,393
427,15.0,24:39,0.5,0.33299999999999996,3.0,2.0,0.0,0.0,13.0,17.0,414
427,16.0,25:58,0.364,0.33299999999999996,3.0,2.0,0.0,0.0,10.0,-1.0,432
427,17.0,33:28,0.41700000000000004,0.429,4.0,1.0,0.0,0.0,15.0,-10.0,442
427,18.0,26:30,0.4,0.5,2.0,1.0,0.0,0.0,5.0,3.0,463
427,no play,,,,,,,,,,470
427,19.0,29:50,0.33299999999999996,0.0,4.0,0.0,0.0,0.0,7.0,9.0,485
427,20.0,28:55,0.8,1.0,4.0,2.0,1.0,0.0,10.0,8.0,497
427,21.0,29:22,0.5,0.5,1.0,3.0,1.0,0.0,13.0,-7.0,508
427,22.0,30:20,0.41700000000000004,0.0,1.0,1.0,0.0,0.0,11.0,13.0,522
427,23.0,32:25,0.667,0.75,6.0,1.0,1.0,0.0,17.0,16.0,537
427,24.0,37:48,0.353,0.28600000000000003,10.0,1.0,1.0,0.0,17.0,15.0,559
427,25.0,25:14,0.33299999999999996,0.5,2.0,0.0,0.0,0.0,7.0,-16.0,574
427,26.0,23:47,0.182,0.0,1.0,1.0,0.0,0.0,4.0,-12.0,576
427,27.0,16:55,0.0,0.0,2.0,1.0,0.0,1.0,2.0,-12.0,593
427,28.0,20:11,0.33299999999999996,0.33299999999999996,7.0,0.0,1.0,0.0,8.0,-4.0,607
427,29.0,32:56,0.563,0.5,6.0,0.0,1.0,1.0,31.0,9.0,616
427,30.0,21:35,0.3,0.25,6.0,2.0,0.0,0.0,7.0,6.0,629
427,31.0,16:01,0.33299999999999996,0.0,5.0,1.0,0.0,0.0,2.0,-14.0,652
427,32.0,20:39,0.2,0.33299999999999996,0.0,1.0,0.0,0.0,3.0,0.0,665
427,33.0,17:06,0.5710000000000001,0.667,1.0,1.0,0.0,1.0,12.0,15.0,682
427,34.0,23:02,0.444,0.4,2.0,1.0,0.0,0.0,10.0,1.0,688
427,35.0,23:55,0.5,0.5,5.0,2.0,0.0,0.0,9.0,0.0,704
427,36.0,19:56,0.556,0.667,3.0,0.0,0.0,0.0,14.0,4.0,721
427,37.0,13:46,0.5710000000000001,0.33299999999999996,1.0,0.0,0.0,0.0,11.0,4.0,746
427,38.0,21:23,0.444,0.5,1.0,1.0,0.0,0.0,12.0,-17.0,755
427,39.0,8:45,1.0,,1.0,0.0,0.0,0.0,3.0,-5.0,784
427,40.0,17:08,0.33299999999999996,0.0,0.0,1.0,0.0,0.0,4.0,-6.0,798
427,41.0,20:24,0.667,0.33299999999999996,1.0,0.0,0.0,0.0,11.0,-10.0,813
427,42.0,29:21,0.4,0.5710000000000001,1.0,2.0,0.0,0.0,16.0,-22.0,822
427,43.0,32:27,0.615,0.5,5.0,1.0,0.0,0.0,20.0,11.0,837
427,44.0,29:50,0.33299999999999996,0.16699999999999998,2.0,0.0,1.0,0.0,11.0,-7.0,855
427,45.0,18:48,0.375,0.0,4.0,0.0,0.0,0.0,8.0,-8.0,1237
427,46.0,23:25,0.25,0.0,5.0,1.0,0.0,0.0,2.0,10.0,1256
427,47.0,25:27,0.545,0.667,5.0,1.0,0.0,0.0,16.0,-5.0,1269
427,48.0,36:41,0.33299999999999996,0.16699999999999998,4.0,1.0,0.0,0.0,9.0,7.0,869
427,49.0,35:29,0.25,0.0,1.0,1.0,0.0,0.0,6.0,-8.0,877
427,50.0,34:57,0.33299999999999996,0.0,4.0,2.0,0.0,0.0,6.0,-17.0,893
427,51.0,13:44,0.0,,0.0,1.0,0.0,0.0,2.0,0.0,906
427,52.0,21:31,0.5,0.33299999999999996,0.0,1.0,0.0,0.0,11.0,5.0,922
427,53.0,4:48,,,0.0,0.0,0.0,0.0,0.0,-1.0,933
427,54.0,14:02,0.25,0.5,1.0,0.0,0.0,0.0,5.0,4.0,960
427,55.0,15:56,0.4,0.5,2.0,1.0,0.0,0.0,6.0,-6.0,975
427,56.0,20:48,0.889,0.8,5.0,0.0,0.0,0.0,21.0,6.0,988
427,57.0,14:10,0.0,0.0,0.0,1.0,0.0,0.0,0.0,-3.0,1009
427,58.0,14:06,0.6,0.33299999999999996,0.0,1.0,0.0,0.0,13.0,3.0,1022
427,59.0,4:32,1.0,1.0,1.0,0.0,0.0,0.0,3.0,-8.0,1051
427,60.0,12:42,0.667,0.5,2.0,0.0,1.0,0.0,5.0,-7.0,1060
427,61.0,3:25,,,0.0,0.0,0.0,0.0,0.0,-1.0,1072
427,62.0,8:20,1.0,,0.0,0.0,1.0,0.0,2.0,3.0,1094
427,63.0,12:23,0.0,0.0,2.0,0.0,0.0,0.0,0.0,-3.0,1103
427,64.0,22:26,0.444,0.0,1.0,2.0,0.0,1.0,9.0,10.0,1120
427,65.0,32:13,0.429,0.5,7.0,0.0,0.0,0.0,10.0,5.0,1128
427,66.0,40:08,0.444,0.33299999999999996,5.0,0.0,0.0,0.0,11.0,-25.0,1147
427,no play,,,,,,,,,,1159
427,no play,,,,,,,,,,1174
427,no play,,,,,,,,,,1186
