Player_ID,G,MP,FG%,3P%,TRB,AST,STL,BLK,PTS,+/-,Game_ID
338,1.0,32:37,0.5,0.4,12.0,6.0,5.0,1.0,18.0,-5.0,
338,2.0,34:04,0.3,0.5,11.0,7.0,2.0,0.0,8.0,0.0,21
338,3.0,37:47,0.222,0.0,13.0,9.0,0.0,3.0,5.0,8.0,32
338,4.0,30:01,0.667,0.5,8.0,9.0,3.0,2.0,6.0,24.0,50
338,5.0,29:10,0.222,0.0,10.0,5.0,1.0,4.0,9.0,9.0,65
338,6.0,33:41,0.6,0.0,9.0,4.0,4.0,0.0,16.0,-9.0,74
338,7.0,34:42,0.28600000000000003,0.0,12.0,11.0,2.0,2.0,4.0,5.0,95
338,8.0,34:36,0.545,0.667,10.0,4.0,0.0,1.0,16.0,9.0,112
338,9.0,28:46,0.5710000000000001,0.75,9.0,5.0,3.0,0.0,13.0,22.0,115
338,10.0,37:01,0.4,0.2,7.0,11.0,3.0,2.0,14.0,20.0,139
338,11.0,34:54,0.385,0.25,7.0,5.0,2.0,3.0,11.0,1.0,161
338,12.0,35:09,0.273,0.33299999999999996,8.0,8.0,1.0,2.0,11.0,14.0,175
338,13.0,35:31,0.429,0.0,2.0,5.0,3.0,2.0,10.0,10.0,187
338,14.0,29:25,0.5710000000000001,0.0,9.0,7.0,2.0,2.0,10.0,32.0,198
338,15.0,27:56,0.16699999999999998,0.0,9.0,11.0,1.0,1.0,5.0,30.0,219
338,16.0,25:56,0.7140000000000001,0.5,8.0,4.0,3.0,1.0,12.0,11.0,249
338,no play,,,,,,,,,,255
338,17.0,39:10,0.222,0.0,3.0,7.0,1.0,4.0,4.0,8.0,270
338,18.0,46:55,0.6,0.0,15.0,9.0,2.0,1.0,20.0,1.0,291
338,19.0,28:11,0.33299999999999996,0.33299999999999996,5.0,14.0,3.0,0.0,9.0,10.0,309
338,20.0,26:55,0.16699999999999998,0.0,5.0,10.0,4.0,1.0,2.0,24.0,324
338,21.0,31:31,0.8,0.6,5.0,4.0,2.0,0.0,22.0,25.0,1201
338,22.0,34:55,0.444,0.667,10.0,8.0,4.0,0.0,13.0,10.0,335
338,23.0,26:07,0.429,0.0,7.0,1.0,2.0,0.0,7.0,-20.0,351
338,24.0,34:34,0.667,0.625,5.0,4.0,1.0,1.0,18.0,-12.0,358
338,25.0,35:59,0.364,0.4,14.0,10.0,4.0,1.0,12.0,5.0,371
338,26.0,31:35,0.16699999999999998,0.2,11.0,7.0,0.0,2.0,5.0,18.0,388
338,27.0,28:32,0.25,0.0,12.0,13.0,0.0,1.0,3.0,20.0,405
338,28.0,31:20,0.545,0.4,11.0,4.0,5.0,0.0,15.0,32.0,427
338,no play,,,,,,,,,,438
338,29.0,37:43,0.14300000000000002,0.0,9.0,12.0,2.0,1.0,5.0,4.0,446
338,30.0,31:46,0.778,0.0,4.0,4.0,1.0,0.0,16.0,-1.0,462
338,31.0,37:41,0.75,0.667,6.0,10.0,2.0,2.0,14.0,21.0,490
338,32.0,26:33,0.6,0.33299999999999996,8.0,7.0,0.0,0.0,13.0,17.0,506
338,33.0,36:05,0.625,0.5,10.0,13.0,0.0,0.0,15.0,11.0,525
338,34.0,30:11,0.5,0.5,7.0,11.0,3.0,1.0,9.0,4.0,539
338,35.0,40:08,0.5,0.33299999999999996,8.0,4.0,3.0,0.0,11.0,-7.0,555
338,36.0,32:16,0.444,0.25,7.0,10.0,2.0,2.0,9.0,21.0,570
338,37.0,35:33,0.364,0.0,9.0,5.0,2.0,2.0,13.0,3.0,583
338,38.0,30:21,0.0,0.0,9.0,13.0,0.0,2.0,2.0,9.0,596
338,39.0,34:46,0.667,,13.0,11.0,1.0,5.0,11.0,43.0,624
338,40.0,35:50,0.556,0.0,11.0,5.0,1.0,3.0,12.0,15.0,639
338,41.0,33:24,0.5,0.6,9.0,8.0,1.0,3.0,15.0,18.0,651
338,42.0,33:19,0.14300000000000002,0.0,10.0,4.0,1.0,0.0,6.0,6.0,666
338,43.0,38:30,0.375,0.0,3.0,7.0,1.0,1.0,7.0,7.0,673
338,44.0,36:18,0.5710000000000001,0.667,4.0,6.0,2.0,3.0,13.0,12.0,692
338,45.0,25:44,0.25,0.0,5.0,5.0,2.0,2.0,5.0,34.0,712
338,46.0,33:43,0.25,0.16699999999999998,6.0,5.0,3.0,1.0,5.0,-1.0,723
338,47.0,30:42,0.3,0.28600000000000003,10.0,5.0,1.0,4.0,8.0,24.0,747
338,no play,,,,,,,,,,751
338,48.0,42:50,0.4,0.375,8.0,6.0,2.0,2.0,16.0,6.0,770
338,49.0,31:44,0.75,0.833,8.0,6.0,1.0,1.0,19.0,15.0,798
338,50.0,37:44,0.33299999999999996,0.0,11.0,10.0,10.0,5.0,4.0,26.0,809
338,51.0,34:19,0.28600000000000003,0.0,8.0,8.0,3.0,1.0,6.0,12.0,818
338,52.0,24:24,0.2,0.0,2.0,6.0,3.0,2.0,5.0,-22.0,833
338,53.0,15:14,0.0,0.0,2.0,3.0,1.0,0.0,2.0,3.0,853
338,54.0,22:33,0.5,1.0,6.0,4.0,2.0,0.0,7.0,12.0,1230
338,55.0,22:56,0.1,0.25,8.0,2.0,1.0,1.0,5.0,10.0,1249
338,56.0,36:41,0.5,0.33299999999999996,6.0,11.0,5.0,0.0,14.0,22.0,1259
338,57.0,39:48,0.545,0.667,8.0,14.0,2.0,1.0,14.0,0.0,1265
338,58.0,34:58,0.444,0.4,8.0,7.0,1.0,2.0,12.0,-3.0,867
338,59.0,39:57,0.444,0.25,7.0,4.0,2.0,1.0,13.0,-2.0,889
338,60.0,30:09,0.4,0.4,8.0,6.0,4.0,0.0,12.0,7.0,898
338,61.0,34:05,0.4,0.16699999999999998,8.0,2.0,3.0,3.0,13.0,-3.0,919
338,62.0,38:20,0.125,0.0,7.0,7.0,2.0,1.0,5.0,8.0,928
338,no play,,,,,,,,,,940
338,63.0,37:51,0.308,0.25,9.0,8.0,3.0,6.0,20.0,15.0,963
338,64.0,25:22,0.5,0.0,11.0,6.0,1.0,1.0,9.0,26.0,979
338,65.0,29:36,0.33299999999999996,,7.0,10.0,1.0,0.0,8.0,22.0,995
338,66.0,26:13,0.0,0.0,10.0,6.0,1.0,0.0,2.0,17.0,1009
338,67.0,28:23,0.33299999999999996,0.25,7.0,8.0,0.0,0.0,7.0,21.0,1015
338,68.0,34:01,0.47100000000000003,0.33299999999999996,4.0,8.0,3.0,1.0,23.0,23.0,1041
338,69.0,34:54,0.375,0.5,6.0,4.0,2.0,1.0,9.0,9.0,1054
338,70.0,33:25,0.6,0.16699999999999998,9.0,4.0,3.0,0.0,19.0,5.0,1068
338,71.0,33:59,0.5,0.0,6.0,4.0,2.0,0.0,4.0,-2.0,1078
338,72.0,34:46,0.182,0.0,6.0,8.0,1.0,3.0,6.0,15.0,1096
338,73.0,35:27,0.375,0.33299999999999996,11.0,13.0,1.0,1.0,11.0,28.0,1112
338,74.0,28:06,0.33299999999999996,0.0,1.0,5.0,1.0,1.0,6.0,8.0,1124
338,no play,,,,,,,,,,1132
338,75.0,21:02,0.5,0.5,8.0,3.0,0.0,2.0,13.0,17.0,1156
338,76.0,24:34,0.28600000000000003,0.25,4.0,3.0,2.0,1.0,5.0,-13.0,1172
338,no play,,,,,,,,,,1190
