Player_ID,G,MP,FG%,3P%,TRB,AST,STL,BLK,PTS,+/-,Game_ID
190,1.0,30:08,0.444,,19.0,2.0,1.0,3.0,11.0,6.0,10
190,2.0,19:10,0.25,,7.0,1.0,0.0,3.0,2.0,14.0,22
190,3.0,30:05,0.556,,11.0,1.0,0.0,4.0,18.0,9.0,40
190,4.0,31:42,0.75,,11.0,0.0,3.0,0.0,31.0,-8.0,55
190,5.0,29:12,0.583,,12.0,1.0,2.0,0.0,20.0,-9.0,66
190,6.0,29:12,0.8,,15.0,3.0,1.0,2.0,20.0,13.0,80
190,7.0,26:59,0.6,,17.0,2.0,0.0,3.0,7.0,4.0,96
190,8.0,33:40,0.667,,10.0,0.0,3.0,2.0,18.0,-3.0,107
190,9.0,28:08,0.7140000000000001,,11.0,2.0,1.0,0.0,10.0,6.0,128
190,10.0,24:34,0.556,,11.0,1.0,3.0,0.0,11.0,-1.0,150
190,no play,,,,,,,,,,159
190,11.0,30:42,0.444,,18.0,2.0,3.0,2.0,10.0,-7.0,170
190,12.0,28:56,0.545,,18.0,0.0,0.0,3.0,18.0,-7.0,189
190,13.0,18:54,0.667,,6.0,0.0,1.0,3.0,8.0,-25.0,205
190,14.0,33:02,0.833,,21.0,1.0,0.0,0.0,23.0,1.0,212
190,15.0,26:49,0.222,,7.0,0.0,0.0,1.0,4.0,-18.0,242
190,16.0,33:28,0.6920000000000001,,9.0,3.0,1.0,2.0,19.0,-8.0,263
190,17.0,36:46,0.625,,16.0,0.0,1.0,1.0,14.0,0.0,270
190,18.0,33:13,0.8,,14.0,1.0,0.0,0.0,17.0,10.0,284
190,19.0,25:27,0.25,,6.0,0.0,0.0,2.0,2.0,-22.0,298
190,20.0,27:53,0.444,,17.0,1.0,0.0,2.0,10.0,-3.0,303
190,21.0,19:10,0.33299999999999996,,6.0,1.0,2.0,0.0,6.0,1.0,317
190,22.0,35:05,0.818,,17.0,4.0,1.0,2.0,23.0,16.0,1195
190,23.0,28:16,0.75,,7.0,2.0,1.0,2.0,10.0,7.0,340
190,24.0,28:52,0.9,,16.0,1.0,0.0,1.0,20.0,1.0,369
190,25.0,34:03,0.769,,15.0,1.0,0.0,0.0,27.0,15.0,392
190,26.0,34:56,0.667,,23.0,1.0,1.0,0.0,10.0,-2.0,401
190,no play,,,,,,,,,,415
190,no play,,,,,,,,,,430
190,no play,,,,,,,,,,451
190,27.0,21:03,1.0,,12.0,2.0,2.0,1.0,20.0,-9.0,473
190,28.0,39:22,0.667,,22.0,3.0,1.0,1.0,16.0,-1.0,483
190,29.0,29:50,0.5710000000000001,,15.0,1.0,0.0,1.0,10.0,2.0,503
190,30.0,34:17,0.5,,8.0,1.0,0.0,1.0,6.0,-7.0,513
190,31.0,29:46,0.556,,12.0,1.0,1.0,1.0,13.0,15.0,535
190,32.0,29:51,0.625,,12.0,1.0,0.0,1.0,12.0,2.0,544
190,33.0,31:04,0.4,,20.0,0.0,1.0,0.0,15.0,15.0,562
190,34.0,27:59,0.667,,16.0,0.0,0.0,1.0,14.0,7.0,578
190,35.0,23:58,1.0,,8.0,0.0,1.0,1.0,11.0,-14.0,602
190,36.0,31:32,0.75,,14.0,2.0,1.0,1.0,16.0,7.0,613
190,no play,,,,,,,,,,618
190,37.0,21:28,1.0,,3.0,2.0,0.0,3.0,4.0,-14.0,638
190,38.0,25:29,0.273,,6.0,0.0,2.0,0.0,11.0,15.0,652
190,39.0,32:07,0.7140000000000001,,15.0,3.0,0.0,1.0,13.0,1.0,658
190,40.0,35:09,0.857,,12.0,3.0,2.0,0.0,16.0,-6.0,672
190,41.0,34:03,0.6,,12.0,2.0,1.0,1.0,16.0,10.0,688
190,42.0,29:13,0.8,,13.0,1.0,2.0,0.0,12.0,-16.0,706
190,43.0,38:08,0.727,,12.0,1.0,0.0,1.0,19.0,1.0,716
190,44.0,25:00,0.33299999999999996,,11.0,1.0,1.0,2.0,6.0,-11.0,740
190,45.0,37:18,0.846,,23.0,3.0,1.0,2.0,24.0,9.0,749
190,46.0,24:01,0.833,,13.0,3.0,1.0,0.0,11.0,18.0,762
190,47.0,25:16,0.8,,8.0,0.0,0.0,2.0,10.0,-19.0,778
190,48.0,25:17,0.556,,13.0,1.0,0.0,0.0,11.0,7.0,791
190,49.0,31:46,0.6,,11.0,1.0,1.0,1.0,6.0,10.0,812
190,50.0,38:22,0.7140000000000001,0.0,16.0,1.0,2.0,3.0,19.0,-2.0,836
190,51.0,24:19,0.625,0.0,15.0,0.0,0.0,0.0,11.0,-12.0,852
190,52.0,23:02,0.5,,7.0,0.0,1.0,1.0,4.0,-13.0,1239
190,53.0,28:52,0.429,,14.0,1.0,0.0,1.0,11.0,-17.0,1243
190,54.0,27:25,0.545,,12.0,1.0,0.0,2.0,17.0,12.0,1261
190,55.0,32:25,1.0,,12.0,4.0,3.0,2.0,14.0,0.0,858
190,56.0,26:48,0.5,,10.0,2.0,2.0,1.0,15.0,-13.0,873
190,57.0,35:06,0.667,,14.0,3.0,2.0,1.0,9.0,-8.0,888
190,58.0,28:55,0.75,,19.0,0.0,0.0,1.0,8.0,-8.0,898
190,59.0,29:17,0.7140000000000001,,14.0,2.0,0.0,2.0,11.0,0.0,910
190,60.0,33:55,0.667,,10.0,1.0,1.0,2.0,16.0,2.0,929
190,no play,,,,,,,,,,941
190,61.0,30:02,0.4,,13.0,1.0,1.0,0.0,7.0,5.0,954
190,62.0,32:11,0.6,,11.0,1.0,0.0,3.0,10.0,-13.0,977
190,63.0,33:31,0.6,,10.0,3.0,4.0,1.0,14.0,-19.0,989
190,64.0,32:31,0.667,,10.0,3.0,1.0,1.0,13.0,-21.0,1004
190,65.0,36:01,0.455,,15.0,2.0,2.0,1.0,14.0,5.0,1023
190,66.0,32:14,0.636,,12.0,1.0,0.0,0.0,20.0,4.0,1038
190,67.0,28:12,0.667,,16.0,0.0,1.0,1.0,19.0,-13.0,1048
190,68.0,35:47,0.75,,11.0,4.0,1.0,4.0,15.0,5.0,1066
190,69.0,36:17,0.47100000000000003,,20.0,4.0,0.0,1.0,22.0,10.0,1071
190,70.0,37:16,0.5,,12.0,3.0,0.0,1.0,13.0,-8.0,1098
190,71.0,25:25,0.667,,11.0,0.0,0.0,1.0,11.0,-1.0,1109
190,72.0,21:24,0.6,,8.0,1.0,0.0,0.0,10.0,-5.0,1138
190,no play,,,,,,,,,,1140
190,73.0,23:44,0.75,,5.0,2.0,0.0,1.0,19.0,-13.0,1158
190,74.0,24:33,0.778,,12.0,1.0,0.0,1.0,19.0,5.0,1173
190,no play,,,,,,,,,,1187
