Player_ID,G,MP,FG%,3P%,TRB,AST,STL,BLK,PTS,+/-,Game_ID
432,1.0,16:29,0.0,,7.0,1.0,0.0,1.0,0.0,1.0,1
432,2.0,19:49,1.0,,4.0,0.0,3.0,1.0,2.0,-16.0,19
432,3.0,12:13,0.429,0.5,2.0,1.0,1.0,0.0,7.0,-4.0,36
432,4.0,15:55,0.625,,1.0,0.0,0.0,0.0,11.0,-1.0,58
432,5.0,23:20,0.667,,8.0,3.0,3.0,1.0,7.0,-5.0,72
432,6.0,10:19,0.0,0.0,3.0,0.0,0.0,0.0,0.0,-10.0,86
432,7.0,26:46,0.556,,4.0,0.0,5.0,1.0,10.0,-4.0,100
432,8.0,26:17,0.75,0.0,9.0,1.0,2.0,0.0,14.0,-6.0,112
432,9.0,18:24,0.25,,4.0,0.0,1.0,1.0,6.0,-15.0,142
432,10.0,29:25,0.125,0.0,8.0,0.0,2.0,1.0,3.0,-1.0,157
432,11.0,17:23,0.0,,1.0,0.0,0.0,2.0,0.0,-11.0,176
432,12.0,20:31,0.0,,6.0,0.0,1.0,0.0,4.0,-6.0,183
432,13.0,19:13,0.25,,6.0,0.0,2.0,0.0,2.0,-13.0,202
432,14.0,14:29,0.429,,4.0,1.0,0.0,0.0,8.0,-10.0,216
432,15.0,12:00,0.667,0.0,1.0,3.0,0.0,1.0,10.0,3.0,238
432,16.0,26:07,0.667,,3.0,1.0,5.0,1.0,4.0,8.0,261
432,17.0,14:59,0.667,,4.0,0.0,1.0,0.0,10.0,-6.0,282
432,18.0,24:16,0.5,,8.0,0.0,1.0,1.0,6.0,0.0,286
432,19.0,28:18,0.636,,7.0,1.0,0.0,0.0,17.0,10.0,306
432,20.0,31:54,0.636,,7.0,0.0,0.0,1.0,15.0,-7.0,322
432,21.0,24:42,0.429,,5.0,5.0,2.0,1.0,6.0,-19.0,1199
432,22.0,21:04,0.5,0.0,5.0,1.0,0.0,0.0,14.0,-8.0,343
432,23.0,26:04,1.0,,6.0,2.0,2.0,0.0,8.0,-6.0,352
432,24.0,22:22,0.8,,1.0,1.0,0.0,0.0,8.0,13.0,365
432,25.0,19:51,0.667,,1.0,2.0,1.0,0.0,9.0,-16.0,381
432,26.0,23:40,0.33299999999999996,0.0,4.0,1.0,0.0,0.0,10.0,-7.0,398
432,27.0,20:01,0.75,,6.0,1.0,1.0,0.0,8.0,8.0,407
432,28.0,29:28,0.625,1.0,8.0,1.0,0.0,3.0,11.0,-7.0,417
432,29.0,23:45,0.5,,8.0,0.0,3.0,2.0,9.0,-6.0,436
432,30.0,17:30,0.667,,4.0,0.0,3.0,0.0,4.0,6.0,455
432,31.0,21:12,0.667,0.0,5.0,0.0,0.0,0.0,6.0,-5.0,471
432,32.0,23:18,0.667,1.0,2.0,3.0,1.0,0.0,13.0,-3.0,479
432,33.0,14:10,0.778,0.0,6.0,0.0,0.0,0.0,14.0,8.0,496
432,34.0,25:49,0.7140000000000001,,13.0,1.0,0.0,2.0,10.0,12.0,506
432,35.0,13:19,0.667,,3.0,1.0,1.0,0.0,8.0,18.0,529
432,36.0,9:05,0.25,,5.0,0.0,0.0,1.0,2.0,-5.0,546
432,37.0,15:36,0.8,,6.0,0.0,1.0,0.0,8.0,12.0,562
432,38.0,5:58,0.0,,0.0,0.0,0.0,0.0,2.0,-7.0,575
432,39.0,15:11,0.429,,5.0,0.0,2.0,2.0,10.0,-9.0,595
432,40.0,17:20,0.0,0.0,3.0,1.0,0.0,1.0,0.0,17.0,611
432,41.0,12:05,0.75,0.0,1.0,1.0,0.0,0.0,6.0,5.0,629
432,42.0,9:34,0.0,0.0,4.0,0.0,0.0,1.0,2.0,-6.0,642
432,43.0,26:49,0.833,,3.0,0.0,0.0,0.0,14.0,3.0,653
432,44.0,18:38,0.5,0.5,7.0,3.0,3.0,1.0,7.0,28.0,667
432,45.0,10:25,1.0,,3.0,0.0,0.0,0.0,2.0,-4.0,693
432,46.0,13:48,0.4,0.0,3.0,1.0,0.0,1.0,4.0,0.0,695
432,47.0,9:58,1.0,,2.0,0.0,0.0,0.0,4.0,8.0,722
432,48.0,28:41,0.545,0.0,8.0,0.0,2.0,2.0,14.0,0.0,728
432,49.0,10:26,0.4,1.0,3.0,1.0,1.0,1.0,6.0,-2.0,742
432,50.0,8:04,1.0,,2.0,0.0,1.0,0.0,3.0,-5.0,760
432,51.0,25:52,0.75,0.0,4.0,2.0,2.0,2.0,14.0,0.0,782
432,52.0,12:16,,,2.0,0.0,1.0,1.0,0.0,10.0,787
432,53.0,6:35,0.0,,0.0,0.0,0.0,0.0,0.0,-1.0,803
432,54.0,16:32,0.667,1.0,3.0,2.0,1.0,0.0,9.0,9.0,819
432,55.0,17:27,0.0,,3.0,1.0,0.0,0.0,0.0,-19.0,832
432,56.0,0:16,,,0.0,0.0,0.0,0.0,0.0,-2.0,845
432,57.0,7:14,0.0,0.0,2.0,0.0,1.0,0.0,0.0,-8.0,1238
432,no play,,,,,,,,,,1246
432,58.0,6:16,1.0,,1.0,0.0,0.0,0.0,3.0,-3.0,1262
432,59.0,11:20,,,3.0,0.0,0.0,0.0,2.0,2.0,858
432,no play,,,,,,,,,,875
432,60.0,2:35,0.0,0.0,1.0,0.0,0.0,0.0,0.0,-2.0,893
432,61.0,8:06,1.0,,2.0,0.0,1.0,1.0,4.0,-18.0,907
432,62.0,20:16,0.5,,8.0,1.0,0.0,0.0,7.0,4.0,931
432,63.0,9:47,1.0,,3.0,0.0,0.0,0.0,2.0,-3.0,942
432,64.0,21:12,0.444,,10.0,0.0,0.0,1.0,10.0,-11.0,952
432,no play,,,,,,,,,,964
432,65.0,17:43,0.5,0.4,0.0,1.0,0.0,0.0,14.0,-12.0,980
432,66.0,11:36,,,2.0,0.0,0.0,0.0,1.0,10.0,996
432,67.0,8:13,0.6,0.0,1.0,0.0,0.0,0.0,7.0,-6.0,1015
432,68.0,11:58,0.4,,2.0,0.0,0.0,0.0,6.0,7.0,1029
432,69.0,3:54,0.0,,1.0,0.0,0.0,1.0,2.0,-5.0,1044
432,no play,,,,,,,,,,1060
432,70.0,14:54,0.6,0.0,2.0,0.0,0.0,0.0,6.0,-7.0,1077
432,no play,,,,,,,,,,1091
432,71.0,4:15,0.5,,1.0,0.0,0.0,0.0,2.0,-5.0,1105
432,72.0,33:42,0.364,0.25,7.0,1.0,0.0,1.0,11.0,-15.0,1125
432,73.0,1:08,1.0,1.0,0.0,0.0,0.0,0.0,3.0,3.0,1133
432,74.0,25:15,0.556,0.33299999999999996,6.0,1.0,0.0,1.0,12.0,-11.0,1144
432,75.0,32:28,0.5710000000000001,0.5,5.0,2.0,2.0,1.0,21.0,1.0,1160
432,76.0,22:17,0.33299999999999996,0.28600000000000003,5.0,0.0,1.0,0.0,10.0,-8.0,1175
432,77.0,34:22,0.182,0.222,3.0,0.0,1.0,0.0,12.0,-6.0,1184
