Player_ID,G,MP,FG%,3P%,TRB,AST,STL,BLK,PTS,+/-,Game_ID
393,1.0,37:30,0.33299999999999996,0.0,4.0,5.0,0.0,2.0,16.0,-4.0,0
393,2.0,27:37,0.462,0.25,5.0,6.0,2.0,0.0,15.0,-16.0,16
393,3.0,34:17,0.455,0.0,4.0,5.0,0.0,1.0,10.0,-9.0,25
393,4.0,38:09,0.47100000000000003,0.33299999999999996,3.0,10.0,2.0,1.0,18.0,19.0,44
393,5.0,33:35,0.231,0.0,3.0,11.0,0.0,0.0,6.0,9.0,61
393,6.0,28:30,0.25,0.33299999999999996,1.0,3.0,0.0,0.0,6.0,-12.0,77
393,7.0,18:32,0.667,,0.0,6.0,1.0,1.0,4.0,-4.0,92
393,8.0,26:36,0.5710000000000001,0.33299999999999996,3.0,7.0,1.0,0.0,18.0,-3.0,105
393,9.0,23:37,0.2,,3.0,0.0,1.0,1.0,2.0,-9.0,120
393,10.0,37:07,0.526,0.429,7.0,9.0,2.0,1.0,23.0,-8.0,137
393,11.0,29:23,0.455,0.0,7.0,2.0,2.0,0.0,12.0,-8.0,141
393,12.0,29:36,0.222,0.0,4.0,4.0,3.0,2.0,5.0,0.0,155
393,13.0,20:11,0.667,,3.0,2.0,1.0,2.0,4.0,4.0,183
393,14.0,35:21,0.444,0.0,8.0,7.0,3.0,0.0,8.0,10.0,200
393,15.0,30:48,0.273,0.0,6.0,7.0,1.0,0.0,9.0,4.0,210
393,16.0,26:12,0.5,0.0,5.0,5.0,0.0,0.0,15.0,-4.0,237
393,17.0,29:12,0.667,0.33299999999999996,3.0,3.0,1.0,0.0,16.0,-8.0,259
393,18.0,23:20,0.556,,3.0,4.0,3.0,1.0,10.0,1.0,275
393,19.0,28:59,0.125,0.0,3.0,5.0,2.0,1.0,3.0,-2.0,288
393,20.0,23:41,0.5,0.0,1.0,4.0,1.0,0.0,2.0,7.0,292
393,21.0,22:50,0.444,0.0,4.0,3.0,0.0,0.0,8.0,7.0,310
393,22.0,34:51,0.75,1.0,1.0,9.0,3.0,3.0,25.0,2.0,325
393,23.0,27:56,0.625,,4.0,4.0,1.0,0.0,10.0,-17.0,1193
393,24.0,23:22,0.308,0.0,4.0,6.0,0.0,1.0,8.0,-14.0,337
393,25.0,27:22,0.3,0.0,4.0,5.0,0.0,0.0,7.0,-12.0,347
393,26.0,35:17,0.75,1.0,3.0,14.0,2.0,0.0,26.0,30.0,369
393,27.0,25:32,0.33299999999999996,0.33299999999999996,3.0,9.0,1.0,1.0,9.0,-7.0,376
393,28.0,20:50,0.364,0.0,5.0,5.0,0.0,0.0,10.0,0.0,390
393,29.0,25:18,0.6,0.0,2.0,3.0,0.0,0.0,13.0,-21.0,410
393,30.0,35:34,0.615,0.0,2.0,6.0,1.0,1.0,22.0,4.0,422
393,31.0,31:06,0.364,0.25,8.0,4.0,2.0,0.0,10.0,-9.0,439
393,32.0,29:46,0.688,0.5,3.0,9.0,1.0,1.0,25.0,15.0,443
393,33.0,25:28,0.6,0.5,4.0,7.0,1.0,0.0,16.0,13.0,467
393,34.0,26:39,0.2,0.0,3.0,4.0,1.0,0.0,4.0,-13.0,482
393,35.0,28:54,0.125,0.0,3.0,7.0,0.0,1.0,2.0,-17.0,515
393,36.0,30:45,0.5,1.0,3.0,14.0,1.0,1.0,13.0,14.0,521
393,37.0,34:42,0.462,0.33299999999999996,4.0,6.0,3.0,1.0,15.0,-8.0,535
393,38.0,25:03,0.6,0.0,2.0,2.0,2.0,0.0,12.0,-13.0,550
393,39.0,18:53,0.364,0.5,6.0,4.0,1.0,0.0,9.0,-4.0,572
393,40.0,22:51,0.33299999999999996,,2.0,3.0,0.0,0.0,6.0,-6.0,589
393,41.0,34:30,0.444,0.33299999999999996,4.0,7.0,1.0,1.0,19.0,0.0,603
393,42.0,39:21,0.588,0.33299999999999996,9.0,9.0,2.0,1.0,28.0,7.0,610
393,43.0,28:47,0.529,,4.0,12.0,0.0,0.0,20.0,-14.0,622
393,44.0,24:17,0.5,0.667,2.0,3.0,1.0,0.0,14.0,-2.0,636
393,45.0,37:29,0.545,0.667,4.0,6.0,3.0,0.0,20.0,10.0,648
393,46.0,39:15,0.579,0.5,4.0,10.0,1.0,0.0,23.0,-23.0,666
393,47.0,37:39,0.313,0.0,7.0,5.0,0.0,0.0,10.0,-8.0,682
393,48.0,24:06,0.4,1.0,5.0,7.0,1.0,0.0,12.0,-19.0,701
393,49.0,35:32,0.308,0.0,4.0,10.0,2.0,1.0,11.0,-9.0,720
393,50.0,30:27,0.529,0.4,4.0,3.0,3.0,0.0,21.0,2.0,726
393,51.0,31:30,0.5,0.0,6.0,3.0,0.0,0.0,11.0,-6.0,736
393,52.0,31:37,0.41700000000000004,0.0,4.0,6.0,1.0,0.0,10.0,14.0,752
393,53.0,26:17,0.25,0.0,3.0,0.0,0.0,0.0,12.0,-34.0,762
393,54.0,26:45,0.455,0.0,2.0,8.0,2.0,0.0,10.0,-12.0,786
393,55.0,25:38,0.636,0.0,1.0,3.0,1.0,0.0,15.0,-2.0,801
393,56.0,20:29,0.444,0.0,2.0,0.0,0.0,0.0,8.0,-25.0,819
393,57.0,31:16,0.467,,5.0,4.0,0.0,0.0,20.0,16.0,829
393,58.0,30:04,0.375,0.5,3.0,3.0,0.0,0.0,7.0,-7.0,840
393,59.0,22:20,0.5,0.0,2.0,3.0,0.0,1.0,9.0,-11.0,
393,60.0,27:57,0.375,,9.0,9.0,2.0,2.0,15.0,27.0,1243
393,61.0,21:10,0.25,,4.0,4.0,0.0,0.0,2.0,-8.0,856
393,62.0,26:48,0.625,,10.0,8.0,3.0,0.0,12.0,27.0,872
393,63.0,29:34,0.875,0.0,5.0,3.0,1.0,1.0,15.0,1.0,891
393,64.0,34:40,0.5379999999999999,0.0,11.0,10.0,1.0,0.0,16.0,7.0,896
393,65.0,35:41,0.667,0.0,14.0,14.0,2.0,2.0,22.0,12.0,909
393,66.0,26:56,0.5,,2.0,12.0,1.0,1.0,8.0,-16.0,925
393,67.0,34:20,0.235,,10.0,6.0,3.0,0.0,8.0,-5.0,937
393,68.0,33:41,0.6,0.0,10.0,13.0,0.0,1.0,13.0,0.0,957
393,69.0,21:59,0.545,,8.0,2.0,0.0,2.0,13.0,-20.0,979
393,70.0,30:53,0.444,,4.0,11.0,3.0,0.0,10.0,11.0,986
393,71.0,30:40,0.556,,13.0,4.0,2.0,1.0,10.0,14.0,1005
393,72.0,33:30,0.667,1.0,5.0,5.0,0.0,0.0,15.0,6.0,1019
393,73.0,28:44,0.455,1.0,11.0,10.0,0.0,0.0,14.0,31.0,1034
393,74.0,31:24,0.667,0.0,1.0,9.0,1.0,1.0,22.0,-4.0,1057
393,75.0,37:53,0.33299999999999996,,5.0,8.0,0.0,1.0,11.0,-10.0,1072
393,76.0,34:10,0.385,,9.0,15.0,2.0,0.0,12.0,3.0,1089
393,77.0,35:18,0.5,0.5,11.0,11.0,1.0,0.0,20.0,8.0,1099
393,78.0,22:40,0.556,0.0,4.0,6.0,0.0,0.0,12.0,-24.0,1117
393,79.0,32:39,0.5710000000000001,0.5,5.0,11.0,1.0,1.0,22.0,10.0,1135
393,80.0,33:21,0.5,,3.0,10.0,1.0,0.0,10.0,-5.0,1151
393,81.0,24:36,0.385,0.25,7.0,4.0,0.0,0.0,11.0,-20.0,1167
393,82.0,31:08,0.556,1.0,5.0,13.0,0.0,0.0,21.0,17.0,1178
