Player_ID,G,MP,FG%,3P%,TRB,AST,STL,BLK,PTS,+/-,Game_ID
439,1.0,34:27,0.467,0.25,5.0,0.0,1.0,0.0,19.0,-14.0,9
439,2.0,33:02,0.444,0.5,4.0,6.0,0.0,0.0,18.0,18.0,19
439,3.0,32:50,0.313,0.25,3.0,1.0,1.0,0.0,14.0,-8.0,36
439,4.0,32:59,0.462,0.444,2.0,3.0,2.0,0.0,16.0,-12.0,42
439,5.0,29:12,0.545,0.5710000000000001,3.0,1.0,1.0,0.0,21.0,19.0,54
439,6.0,30:19,0.273,0.0,2.0,2.0,0.0,3.0,9.0,-18.0,80
439,7.0,31:59,0.4,0.5,1.0,2.0,1.0,1.0,11.0,4.0,90
439,8.0,33:53,0.35700000000000004,0.28600000000000003,1.0,2.0,0.0,1.0,15.0,-4.0,110
439,9.0,31:58,0.625,0.583,5.0,2.0,1.0,1.0,27.0,1.0,130
439,10.0,26:51,0.5,0.5710000000000001,1.0,1.0,0.0,0.0,16.0,15.0,145
439,11.0,38:33,0.25,0.25,5.0,4.0,0.0,1.0,13.0,6.0,160
439,12.0,23:39,0.4,0.28600000000000003,5.0,3.0,0.0,0.0,16.0,15.0,167
439,13.0,36:33,0.43799999999999994,0.5,7.0,6.0,2.0,0.0,20.0,8.0,180
439,14.0,29:19,0.0,0.0,1.0,2.0,1.0,1.0,0.0,4.0,199
439,15.0,28:22,0.308,0.125,1.0,2.0,1.0,1.0,9.0,-6.0,215
439,16.0,28:47,0.385,0.33299999999999996,2.0,1.0,1.0,0.0,14.0,-7.0,250
439,17.0,29:39,0.6,0.667,5.0,4.0,1.0,0.0,26.0,13.0,262
439,18.0,32:13,0.47100000000000003,0.444,2.0,1.0,0.0,0.0,24.0,-18.0,276
439,19.0,38:45,0.474,0.444,1.0,5.0,1.0,0.0,23.0,-2.0,291
439,20.0,23:43,0.462,0.5,2.0,4.0,1.0,0.0,18.0,6.0,300
439,21.0,30:43,0.545,0.444,1.0,3.0,0.0,2.0,19.0,1.0,321
439,22.0,24:12,0.6920000000000001,0.667,4.0,2.0,0.0,0.0,26.0,28.0,1197
439,23.0,33:28,0.5,0.5,1.0,3.0,1.0,0.0,17.0,0.0,341
439,24.0,26:15,0.429,0.667,1.0,3.0,0.0,0.0,18.0,13.0,352
439,25.0,28:44,0.467,0.6,0.0,1.0,1.0,0.0,24.0,8.0,364
439,26.0,25:59,0.25,0.33299999999999996,2.0,8.0,0.0,2.0,9.0,10.0,380
439,27.0,27:52,0.588,0.583,1.0,1.0,1.0,1.0,29.0,13.0,395
439,28.0,35:38,0.467,0.4,6.0,4.0,2.0,0.0,20.0,9.0,403
439,29.0,32:30,0.267,0.125,1.0,4.0,0.0,2.0,13.0,-6.0,425
439,30.0,27:53,0.47100000000000003,0.5379999999999999,2.0,3.0,1.0,0.0,24.0,9.0,435
439,31.0,31:43,0.316,0.25,2.0,4.0,1.0,1.0,17.0,-19.0,448
439,32.0,28:19,0.385,0.375,3.0,5.0,1.0,0.0,15.0,10.0,472
439,33.0,27:16,0.444,0.4,5.0,3.0,0.0,1.0,13.0,1.0,479
439,34.0,24:16,0.7140000000000001,0.8,4.0,3.0,0.0,1.0,19.0,41.0,501
439,35.0,31:41,0.263,0.33299999999999996,2.0,2.0,1.0,0.0,15.0,3.0,510
439,36.0,36:26,0.611,0.5,2.0,3.0,0.0,1.0,31.0,11.0,523
439,37.0,28:39,0.4,0.5,5.0,3.0,0.0,0.0,22.0,1.0,545
439,38.0,31:33,0.35,0.188,3.0,4.0,1.0,0.0,17.0,12.0,550
439,39.0,33:19,0.43799999999999994,0.111,4.0,3.0,0.0,1.0,19.0,23.0,567
439,no play,,,,,,,,,,579
439,no play,,,,,,,,,,587
439,40.0,31:04,0.364,0.33299999999999996,1.0,1.0,0.0,0.0,13.0,7.0,600
439,41.0,28:18,0.643,0.5,3.0,3.0,0.0,0.0,24.0,5.0,614
439,42.0,29:34,0.17600000000000002,0.1,1.0,1.0,0.0,1.0,7.0,-10.0,628
439,43.0,32:28,0.45,0.41200000000000003,4.0,0.0,0.0,0.0,25.0,38.0,637
439,44.0,32:52,0.14300000000000002,0.0,4.0,2.0,2.0,0.0,6.0,-12.0,651
439,45.0,30:04,0.43799999999999994,0.273,3.0,5.0,1.0,1.0,21.0,23.0,661
439,46.0,27:37,0.33299999999999996,0.375,2.0,3.0,0.0,0.0,9.0,-10.0,675
439,no play,,,,,,,,,,686
439,no play,,,,,,,,,,707
439,47.0,26:13,0.364,0.14300000000000002,1.0,3.0,0.0,1.0,14.0,-17.0,718
439,48.0,28:19,0.43799999999999994,0.3,5.0,1.0,0.0,1.0,17.0,21.0,732
439,49.0,30:21,0.28600000000000003,0.2,2.0,3.0,1.0,1.0,13.0,-11.0,749
439,50.0,33:41,0.47100000000000003,0.5,1.0,4.0,0.0,1.0,21.0,16.0,755
439,51.0,30:15,0.5,0.5,3.0,2.0,0.0,1.0,18.0,26.0,786
439,no play,,,,,,,,,,800
439,no play,,,,,,,,,,820
439,52.0,31:31,0.267,0.3,2.0,2.0,1.0,0.0,12.0,-10.0,847
439,53.0,30:14,0.313,0.28600000000000003,1.0,1.0,2.0,0.0,19.0,25.0,1228
439,54.0,30:11,0.385,0.4,1.0,2.0,2.0,0.0,14.0,15.0,1248
439,55.0,26:10,0.273,0.2,1.0,2.0,0.0,0.0,9.0,-24.0,1263
439,56.0,27:22,0.4,0.33299999999999996,3.0,1.0,0.0,0.0,14.0,8.0,865
439,57.0,35:18,0.667,0.667,2.0,1.0,2.0,1.0,18.0,8.0,885
439,58.0,34:21,0.4,0.28600000000000003,4.0,3.0,1.0,1.0,12.0,-5.0,902
439,59.0,39:55,0.364,0.28600000000000003,2.0,2.0,2.0,0.0,14.0,5.0,914
439,60.0,23:18,0.214,0.2,1.0,2.0,1.0,1.0,8.0,2.0,926
439,61.0,28:43,0.364,0.25,3.0,3.0,1.0,1.0,13.0,-2.0,949
439,62.0,30:17,0.33299999999999996,0.28600000000000003,3.0,4.0,1.0,1.0,10.0,38.0,970
439,63.0,32:21,0.308,0.429,2.0,3.0,0.0,0.0,12.0,-10.0,984
439,64.0,33:08,0.5710000000000001,0.33299999999999996,3.0,2.0,1.0,1.0,10.0,-2.0,994
439,65.0,32:17,0.556,0.5710000000000001,1.0,3.0,0.0,1.0,18.0,-3.0,1008
439,66.0,33:04,0.5,0.4,5.0,4.0,1.0,0.0,14.0,16.0,1039
439,67.0,36:08,0.5379999999999999,0.444,2.0,1.0,0.0,0.0,24.0,-5.0,1051
439,68.0,34:17,0.33299999999999996,0.4,4.0,0.0,0.0,1.0,10.0,2.0,1068
439,69.0,36:12,0.41700000000000004,0.429,0.0,1.0,0.0,0.0,13.0,-5.0,1085
439,70.0,37:43,0.41700000000000004,0.33299999999999996,2.0,1.0,2.0,0.0,15.0,-2.0,1096
439,71.0,37:05,0.375,0.25,6.0,5.0,1.0,3.0,22.0,6.0,1113
439,72.0,37:47,0.14300000000000002,0.2,3.0,1.0,1.0,0.0,11.0,13.0,1129
439,73.0,31:14,0.35700000000000004,0.3,5.0,0.0,0.0,0.0,13.0,-20.0,1143
439,no play,,,,,,,,,,1161
439,74.0,23:55,0.385,0.28600000000000003,5.0,0.0,0.0,1.0,17.0,-16.0,1171
439,75.0,26:42,0.33299999999999996,0.3,3.0,2.0,0.0,1.0,11.0,-1.0,1185
