Player_ID,G,MP,FG%,3P%,TRB,AST,STL,BLK,PTS,+/-,Game_ID
151,1.0,29:27,0.455,0.4,6.0,5.0,1.0,0.0,16.0,-9.0,8
151,2.0,37:50,0.375,0.0,5.0,6.0,3.0,0.0,17.0,9.0,17
151,3.0,35:36,0.636,0.33299999999999996,5.0,6.0,1.0,0.0,21.0,-6.0,32
151,4.0,31:58,0.35700000000000004,0.0,8.0,5.0,0.0,0.0,12.0,-20.0,41
151,5.0,39:55,0.35,0.25,7.0,4.0,1.0,0.0,20.0,10.0,59
151,6.0,35:34,0.5379999999999999,0.33299999999999996,7.0,4.0,0.0,0.0,17.0,16.0,71
151,7.0,29:42,0.5,0.0,2.0,2.0,2.0,0.0,19.0,-16.0,88
151,8.0,31:05,0.6920000000000001,0.667,4.0,4.0,0.0,0.0,31.0,-12.0,99
151,9.0,34:59,0.5329999999999999,0.5,11.0,8.0,0.0,0.0,21.0,6.0,109
151,10.0,29:46,0.125,0.33299999999999996,8.0,8.0,3.0,0.0,8.0,-13.0,135
151,11.0,28:22,0.462,0.25,3.0,5.0,0.0,0.0,20.0,-12.0,139
151,12.0,34:05,0.5,0.0,3.0,5.0,3.0,0.0,8.0,-14.0,162
151,13.0,13:08,0.3,0.0,3.0,2.0,1.0,0.0,6.0,3.0,171
151,14.0,30:01,0.5,0.25,5.0,6.0,0.0,0.0,27.0,-6.0,185
151,15.0,39:50,0.4,0.33299999999999996,9.0,6.0,1.0,2.0,29.0,-1.0,196
151,16.0,32:29,0.33299999999999996,0.25,9.0,5.0,1.0,1.0,16.0,1.0,210
151,17.0,34:28,0.5329999999999999,0.4,6.0,10.0,3.0,0.0,23.0,-18.0,247
151,18.0,40:10,0.435,0.5,6.0,6.0,2.0,2.0,35.0,11.0,257
151,19.0,28:23,0.294,0.0,6.0,4.0,2.0,1.0,12.0,-9.0,284
151,20.0,30:07,0.526,0.625,5.0,4.0,5.0,0.0,27.0,-14.0,309
151,21.0,24:52,0.5,,6.0,2.0,1.0,0.0,14.0,-18.0,330
151,22.0,28:48,0.385,0.0,3.0,4.0,3.0,1.0,15.0,-16.0,1200
151,23.0,32:35,0.556,0.6,4.0,9.0,3.0,1.0,30.0,19.0,344
151,24.0,39:37,0.5,0.273,3.0,8.0,2.0,0.0,32.0,13.0,359
151,25.0,39:01,0.429,0.25,6.0,8.0,2.0,1.0,31.0,5.0,372
151,26.0,29:44,0.35700000000000004,0.2,4.0,5.0,1.0,0.0,14.0,-12.0,387
151,27.0,30:55,0.308,0.16699999999999998,3.0,4.0,0.0,0.0,12.0,-17.0,399
151,28.0,33:05,0.45,0.75,1.0,3.0,2.0,2.0,27.0,-9.0,416
151,29.0,30:30,0.462,0.2,2.0,6.0,0.0,0.0,16.0,-16.0,435
151,30.0,36:55,0.583,0.4,2.0,11.0,0.0,3.0,24.0,12.0,453
151,31.0,27:17,0.4,0.125,6.0,4.0,3.0,0.0,24.0,-16.0,472
151,32.0,26:40,0.667,0.0,2.0,3.0,0.0,0.0,13.0,-24.0,487
151,33.0,38:13,0.643,0.33299999999999996,5.0,10.0,3.0,2.0,22.0,16.0,495
151,34.0,30:22,0.35,0.33299999999999996,8.0,8.0,0.0,0.0,19.0,-2.0,511
151,35.0,40:31,0.29600000000000004,0.2,8.0,9.0,3.0,0.0,22.0,-2.0,524
151,36.0,35:11,0.28600000000000003,0.5,4.0,7.0,2.0,1.0,17.0,11.0,532
151,37.0,30:02,0.563,0.28600000000000003,0.0,7.0,1.0,0.0,26.0,4.0,546
151,38.0,38:34,0.667,0.5,2.0,8.0,2.0,1.0,31.0,7.0,569
151,39.0,28:00,0.5,,6.0,5.0,1.0,1.0,11.0,-10.0,595
151,40.0,38:22,0.294,0.33299999999999996,6.0,10.0,1.0,0.0,17.0,-2.0,608
151,41.0,36:59,0.55,0.33299999999999996,9.0,9.0,1.0,0.0,31.0,-3.0,625
151,42.0,38:19,0.35,0.4,6.0,9.0,4.0,0.0,22.0,-9.0,641
151,43.0,38:40,0.429,0.25,5.0,7.0,0.0,1.0,23.0,3.0,659
151,44.0,41:45,0.647,0.5710000000000001,6.0,13.0,0.0,0.0,40.0,23.0,668
151,45.0,29:26,0.278,0.2,1.0,7.0,1.0,0.0,18.0,-8.0,684
151,46.0,27:59,0.474,0.429,4.0,5.0,0.0,0.0,28.0,-14.0,697
151,47.0,45:17,0.444,0.375,6.0,7.0,2.0,0.0,41.0,-9.0,714
151,48.0,31:34,0.273,0.2,5.0,4.0,1.0,2.0,14.0,-16.0,729
151,49.0,39:44,0.591,0.5,4.0,8.0,0.0,0.0,41.0,-11.0,745
151,50.0,33:43,0.33299999999999996,0.5,6.0,4.0,1.0,0.0,20.0,7.0,759
151,51.0,35:06,0.273,0.33299999999999996,4.0,6.0,1.0,0.0,13.0,-17.0,767
151,52.0,23:54,0.33299999999999996,0.25,7.0,5.0,0.0,0.0,14.0,-14.0,780
151,53.0,25:22,0.2,0.25,0.0,3.0,1.0,0.0,16.0,-15.0,794
151,54.0,32:36,0.474,0.33299999999999996,3.0,8.0,0.0,1.0,23.0,11.0,813
151,no play,,,,,,,,,,820
151,55.0,39:09,0.5,0.429,2.0,5.0,3.0,0.0,37.0,-6.0,835
151,56.0,35:34,0.5,0.5,10.0,13.0,2.0,0.0,25.0,31.0,850
151,57.0,40:00,0.35700000000000004,0.28600000000000003,7.0,9.0,1.0,1.0,17.0,-11.0,1235
151,58.0,34:11,0.4,0.0,4.0,9.0,2.0,2.0,11.0,5.0,1251
151,59.0,31:14,0.41200000000000003,0.4,4.0,8.0,2.0,1.0,20.0,-3.0,1268
151,60.0,25:01,0.75,1.0,4.0,7.0,1.0,1.0,14.0,0.0,868
151,61.0,29:28,0.267,0.0,3.0,5.0,4.0,1.0,18.0,-11.0,877
151,62.0,34:57,0.45,0.4,6.0,9.0,0.0,0.0,28.0,10.0,890
151,63.0,27:04,0.5,0.444,3.0,5.0,0.0,0.0,30.0,16.0,908
151,64.0,31:33,0.33299999999999996,0.25,7.0,5.0,2.0,1.0,13.0,-1.0,924
151,65.0,30:52,0.25,0.2,2.0,6.0,1.0,1.0,12.0,16.0,942
151,66.0,30:36,0.368,0.75,3.0,6.0,2.0,0.0,19.0,-2.0,948
151,no play,,,,,,,,,,972
151,no play,,,,,,,,,,986
151,no play,,,,,,,,,,998
151,no play,,,,,,,,,,1013
151,no play,,,,,,,,,,1027
151,no play,,,,,,,,,,1036
151,no play,,,,,,,,,,1047
151,no play,,,,,,,,,,1066
151,no play,,,,,,,,,,1084
151,no play,,,,,,,,,,1101
151,no play,,,,,,,,,,1113
151,no play,,,,,,,,,,1132
151,no play,,,,,,,,,,1147
151,no play,,,,,,,,,,1160
