Player_ID,G,MP,FG%,3P%,TRB,AST,STL,BLK,PTS,+/-,Game_ID
223,1.0,39:23,0.368,0.33299999999999996,4.0,4.0,2.0,0.0,20.0,-3.0,0
223,2.0,27:18,0.33299999999999996,0.0,2.0,2.0,1.0,0.0,8.0,-10.0,16
223,3.0,37:43,0.563,0.33299999999999996,2.0,6.0,0.0,0.0,22.0,-5.0,25
223,4.0,37:13,0.353,0.5,5.0,5.0,1.0,0.0,17.0,11.0,44
223,5.0,35:58,0.667,0.429,1.0,1.0,0.0,0.0,29.0,6.0,61
223,6.0,30:19,0.25,0.33299999999999996,2.0,2.0,0.0,0.0,13.0,9.0,77
223,7.0,29:48,0.5,0.2,2.0,1.0,1.0,0.0,13.0,-27.0,92
223,8.0,28:22,0.364,0.33299999999999996,3.0,2.0,0.0,0.0,13.0,-17.0,105
223,9.0,38:21,0.43799999999999994,0.5,4.0,4.0,3.0,0.0,21.0,-20.0,120
223,10.0,36:33,0.7,0.75,2.0,5.0,0.0,0.0,21.0,-3.0,137
223,11.0,32:37,0.267,0.25,2.0,2.0,1.0,0.0,14.0,-8.0,141
223,12.0,33:47,0.385,0.4,1.0,3.0,1.0,0.0,16.0,-4.0,155
223,13.0,31:35,0.231,0.33299999999999996,7.0,2.0,2.0,0.0,11.0,-7.0,183
223,14.0,36:50,0.462,0.4,5.0,2.0,0.0,0.0,18.0,13.0,200
223,15.0,35:20,0.45,0.375,3.0,2.0,3.0,0.0,25.0,2.0,210
223,16.0,32:29,0.222,0.25,2.0,4.0,1.0,0.0,11.0,-6.0,237
223,17.0,37:30,0.524,0.3,6.0,7.0,2.0,0.0,27.0,-15.0,259
223,18.0,32:42,0.444,0.5,3.0,7.0,2.0,0.0,13.0,10.0,275
223,19.0,35:57,0.7859999999999999,0.6,0.0,4.0,0.0,0.0,28.0,-6.0,288
223,20.0,30:19,0.364,0.5,4.0,3.0,2.0,0.0,16.0,28.0,292
223,21.0,32:10,0.14300000000000002,0.33299999999999996,1.0,2.0,3.0,0.0,5.0,0.0,310
223,22.0,28:07,0.4,0.33299999999999996,3.0,1.0,0.0,0.0,10.0,7.0,325
223,23.0,28:43,0.28600000000000003,0.33299999999999996,3.0,5.0,1.0,0.0,14.0,-17.0,1193
223,24.0,24:20,0.545,0.33299999999999996,2.0,0.0,0.0,0.0,14.0,-30.0,337
223,25.0,38:23,0.474,0.33299999999999996,4.0,6.0,1.0,0.0,24.0,1.0,347
223,26.0,32:54,0.733,0.25,0.0,6.0,2.0,1.0,23.0,-3.0,369
223,27.0,33:21,0.529,0.5,1.0,8.0,0.0,0.0,24.0,1.0,376
223,28.0,31:17,0.33299999999999996,0.429,4.0,1.0,0.0,0.0,21.0,7.0,390
223,29.0,25:47,0.6,0.0,3.0,3.0,1.0,0.0,15.0,-9.0,410
223,30.0,43:51,0.5,0.6,5.0,4.0,0.0,0.0,26.0,8.0,422
223,31.0,35:36,0.529,0.2,5.0,4.0,0.0,1.0,21.0,1.0,439
223,no play,,,,,,,,,,443
223,no play,,,,,,,,,,467
223,no play,,,,,,,,,,482
223,no play,,,,,,,,,,515
223,no play,,,,,,,,,,521
223,32.0,29:31,0.429,0.33299999999999996,1.0,1.0,1.0,0.0,14.0,-1.0,535
223,33.0,35:11,0.308,0.0,9.0,2.0,1.0,0.0,10.0,7.0,550
223,34.0,33:45,0.375,0.5,5.0,3.0,3.0,0.0,19.0,-13.0,572
223,35.0,25:29,0.375,0.0,2.0,2.0,0.0,0.0,8.0,-8.0,589
223,36.0,30:27,0.3,0.33299999999999996,1.0,4.0,2.0,0.0,8.0,11.0,603
223,no play,,,,,,,,,,610
223,no play,,,,,,,,,,636
223,no play,,,,,,,,,,648
223,no play,,,,,,,,,,666
223,no play,,,,,,,,,,682
223,no play,,,,,,,,,,701
223,no play,,,,,,,,,,720
223,37.0,22:55,0.364,0.25,1.0,2.0,0.0,0.0,9.0,-18.0,726
223,38.0,29:34,0.375,0.4,1.0,4.0,2.0,0.0,12.0,1.0,736
223,39.0,35:54,0.41700000000000004,0.5,10.0,4.0,0.0,0.0,20.0,10.0,752
223,40.0,32:06,0.25,0.0,4.0,3.0,1.0,0.0,9.0,-28.0,762
223,41.0,36:49,0.43799999999999994,0.125,3.0,3.0,0.0,1.0,21.0,-15.0,786
223,42.0,43:10,0.381,0.5,9.0,8.0,1.0,0.0,24.0,8.0,801
223,43.0,29:11,0.429,0.0,2.0,1.0,0.0,0.0,14.0,-27.0,819
223,44.0,35:42,0.588,0.5,2.0,4.0,1.0,0.0,24.0,13.0,829
223,45.0,33:50,0.273,0.2,5.0,5.0,1.0,0.0,9.0,-21.0,840
223,46.0,37:57,0.41200000000000003,0.25,5.0,2.0,1.0,0.0,20.0,-12.0,
223,47.0,34:24,0.182,0.14300000000000002,4.0,1.0,2.0,0.0,7.0,28.0,1243
223,48.0,38:18,0.5329999999999999,0.28600000000000003,2.0,2.0,0.0,0.0,22.0,-11.0,856
223,49.0,33:39,0.4,1.0,2.0,5.0,1.0,0.0,11.0,18.0,872
223,50.0,33:59,0.43799999999999994,0.33299999999999996,2.0,2.0,0.0,0.0,18.0,2.0,891
223,51.0,33:34,0.529,0.444,2.0,3.0,0.0,0.0,25.0,7.0,896
223,52.0,33:49,0.41200000000000003,0.6,9.0,2.0,2.0,0.0,20.0,8.0,909
223,53.0,24:43,0.462,0.33299999999999996,1.0,2.0,1.0,0.0,14.0,-20.0,925
223,54.0,31:47,0.4,0.4,1.0,2.0,2.0,0.0,15.0,0.0,937
223,55.0,30:04,0.444,0.364,5.0,0.0,1.0,0.0,21.0,-4.0,957
223,56.0,24:25,0.33299999999999996,0.429,1.0,0.0,0.0,0.0,12.0,-24.0,979
223,57.0,35:05,0.42100000000000004,0.33299999999999996,3.0,2.0,1.0,0.0,25.0,11.0,986
223,58.0,36:56,0.462,0.2,4.0,3.0,2.0,0.0,19.0,6.0,1005
223,59.0,30:24,0.41700000000000004,0.33299999999999996,5.0,3.0,1.0,0.0,15.0,2.0,1019
223,60.0,23:03,0.6,0.25,3.0,2.0,0.0,0.0,15.0,25.0,1034
223,61.0,30:26,0.583,0.4,1.0,1.0,2.0,0.0,20.0,-5.0,1057
223,62.0,40:52,0.409,0.375,6.0,5.0,1.0,0.0,24.0,-13.0,1072
223,63.0,34:44,0.462,0.28600000000000003,1.0,2.0,2.0,0.0,20.0,-10.0,1089
223,64.0,36:50,0.5,0.5,1.0,1.0,2.0,0.0,20.0,2.0,1099
223,65.0,29:02,0.41700000000000004,0.5,0.0,1.0,2.0,0.0,21.0,-27.0,1117
223,no play,,,,,,,,,,1135
223,66.0,36:39,0.6,0.667,2.0,2.0,0.0,0.0,23.0,0.0,1151
223,67.0,27:38,0.462,0.25,0.0,3.0,0.0,1.0,14.0,-21.0,1167
223,68.0,27:26,0.364,0.5,3.0,2.0,0.0,0.0,12.0,11.0,1178
