Player_ID,G,MP,FG%,3P%,TRB,AST,STL,BLK,PTS,+/-,Game_ID
81,no play,,,,,,,,,,3
81,no play,,,,,,,,,,14
81,no play,,,,,,,,,,38
81,no play,,,,,,,,,,51
81,no play,,,,,,,,,,67
81,no play,,,,,,,,,,85
81,1.0,0:26,,,0.0,0.0,0.0,0.0,0.0,0.0,108
81,no play,,,,,,,,,,119
81,no play,,,,,,,,,,127
81,no play,,,,,,,,,,149
81,no play,,,,,,,,,,161
81,no play,,,,,,,,,,177
81,no play,,,,,,,,,,192
81,no play,,,,,,,,,,203
81,no play,,,,,,,,,,215
81,no play,,,,,,,,,,243
81,2.0,3:34,0.0,,0.0,0.0,0.0,0.0,0.0,0.0,265
81,3.0,1:07,,,0.0,0.0,0.0,1.0,0.0,4.0,278
81,4.0,3:45,0.5,0.0,0.0,0.0,1.0,0.0,2.0,6.0,294
81,5.0,4:10,1.0,1.0,1.0,2.0,0.0,0.0,5.0,6.0,303
81,no play,,,,,,,,,,315
81,no play,,,,,,,,,,331
81,no play,,,,,,,,,,339
81,6.0,1:34,0.0,,0.0,1.0,0.0,0.0,0.0,3.0,362
81,no play,,,,,,,,,,374
81,no play,,,,,,,,,,392
81,7.0,22:46,0.4,0.0,2.0,4.0,3.0,0.0,4.0,19.0,410
81,8.0,2:17,0.0,,0.0,0.0,0.0,0.0,0.0,-3.0,420
81,no play,,,,,,,,,,452
81,no play,,,,,,,,,,474
81,no play,,,,,,,,,,490
81,no play,,,,,,,,,,495
81,no play,,,,,,,,,,517
81,9.0,4:53,0.5,,0.0,0.0,1.0,0.0,2.0,-4.0,530
81,no play,,,,,,,,,,542
81,no play,,,,,,,,,,559
81,no play,,,,,,,,,,567
81,no play,,,,,,,,,,577
81,10.0,3:25,0.5,1.0,0.0,0.0,0.0,0.0,5.0,-3.0,598
81,11.0,5:21,0.0,0.0,0.0,0.0,0.0,0.0,0.0,-8.0,612
81,12.0,24:51,0.667,0.667,4.0,2.0,2.0,0.0,10.0,4.0,627
81,13.0,5:53,0.5,,2.0,1.0,0.0,0.0,2.0,-2.0,632
81,14.0,4:53,0.16699999999999998,0.0,2.0,0.0,0.0,0.0,2.0,-3.0,647
81,no play,,,,,,,,,,668
81,15.0,0:05,,,0.0,0.0,0.0,0.0,0.0,0.0,679
81,16.0,3:39,0.0,,1.0,0.0,0.0,1.0,0.0,-4.0,690
81,17.0,6:28,0.5,1.0,1.0,1.0,1.0,0.0,3.0,7.0,702
81,18.0,2:42,,,0.0,0.0,0.0,0.0,0.0,-3.0,720
81,19.0,0:01,,,0.0,0.0,0.0,0.0,0.0,0.0,731
81,no play,,,,,,,,,,738
81,20.0,22:49,0.41700000000000004,0.5,3.0,3.0,1.0,0.0,15.0,6.0,752
81,21.0,20:27,0.2,0.0,3.0,4.0,0.0,0.0,10.0,-4.0,771
81,no play,,,,,,,,,,777
81,no play,,,,,,,,,,796
81,no play,,,,,,,,,,824
81,no play,,,,,,,,,,837
81,no play,,,,,,,,,,843
81,no play,,,,,,,,,,1234
81,no play,,,,,,,,,,1254
81,22.0,7:52,0.5,,3.0,0.0,0.0,0.0,2.0,6.0,1258
81,23.0,4:49,0.33299999999999996,1.0,0.0,0.0,0.0,0.0,3.0,-6.0,857
81,no play,,,,,,,,,,871
81,24.0,8:17,0.667,,2.0,2.0,1.0,0.0,6.0,5.0,881
81,25.0,4:01,0.5,,1.0,0.0,0.0,0.0,2.0,-4.0,913
81,no play,,,,,,,,,,929
81,26.0,20:02,0.1,0.0,4.0,1.0,0.0,0.0,5.0,1.0,939
81,27.0,22:09,0.33299999999999996,1.0,2.0,2.0,1.0,0.0,5.0,9.0,952
81,28.0,12:03,0.5,1.0,1.0,2.0,2.0,1.0,5.0,6.0,975
81,29.0,6:13,0.0,,1.0,2.0,0.0,0.0,0.0,-5.0,983
81,30.0,2:41,,,0.0,0.0,0.0,0.0,0.0,2.0,1000
81,31.0,19:31,0.667,0.0,3.0,1.0,2.0,0.0,6.0,16.0,1011
81,32.0,5:15,0.0,0.0,0.0,0.0,0.0,0.0,0.0,6.0,1028
81,no play,,,,,,,,,,1044
81,33.0,1:53,,,1.0,0.0,0.0,0.0,1.0,1.0,1057
81,no play,,,,,,,,,,1074
81,no play,,,,,,,,,,1086
81,34.0,12:00,0.5,0.5,1.0,0.0,1.0,0.0,7.0,-2.0,1108
81,35.0,0:03,,,0.0,0.0,0.0,0.0,0.0,0.0,1118
81,no play,,,,,,,,,,1127
81,no play,,,,,,,,,,1141
81,36.0,1:18,,,0.0,1.0,0.0,0.0,0.0,0.0,1157
81,37.0,20:37,0.28600000000000003,0.0,4.0,6.0,0.0,0.0,5.0,9.0,1179
