Player_ID,G,MP,FG%,3P%,TRB,AST,STL,BLK,PTS,+/-,Game_ID
440,1.0,14:45,0.5710000000000001,0.5,5.0,2.0,0.0,0.0,9.0,-9.0,2
440,2.0,10:20,0.25,0.0,2.0,0.0,0.0,1.0,2.0,7.0,11
440,3.0,11:21,0.25,0.0,0.0,1.0,0.0,0.0,4.0,-6.0,23
440,4.0,13:38,0.33299999999999996,0.0,1.0,3.0,0.0,0.0,4.0,6.0,57
440,5.0,9:08,0.33299999999999996,0.5,0.0,0.0,0.0,0.0,6.0,-4.0,64
440,6.0,10:28,0.75,0.667,2.0,4.0,0.0,0.0,8.0,1.0,87
440,7.0,11:27,0.0,0.0,1.0,1.0,0.0,0.0,0.0,4.0,103
440,8.0,3:20,0.0,,1.0,1.0,0.0,0.0,0.0,1.0,121
440,no play,,,,,,,,,,126
440,no play,,,,,,,,,,144
440,9.0,7:29,0.25,0.0,2.0,3.0,1.0,0.0,2.0,-4.0,157
440,10.0,16:46,0.182,0.4,6.0,0.0,0.0,0.0,6.0,-4.0,175
440,no play,,,,,,,,,,184
440,no play,,,,,,,,,,201
440,no play,,,,,,,,,,213
440,no play,,,,,,,,,,236
440,no play,,,,,,,,,,267
440,no play,,,,,,,,,,277
440,no play,,,,,,,,,,293
440,11.0,2:54,0.0,0.0,0.0,0.0,1.0,0.0,1.0,1.0,304
440,no play,,,,,,,,,,321
440,12.0,8:16,0.0,0.0,1.0,1.0,1.0,0.0,1.0,-1.0,1193
440,no play,,,,,,,,,,339
440,no play,,,,,,,,,,357
440,no play,,,,,,,,,,383
440,no play,,,,,,,,,,391
440,no play,,,,,,,,,,411
440,13.0,7:16,0.33299999999999996,0.33299999999999996,3.0,0.0,0.0,0.0,5.0,-8.0,424
440,no play,,,,,,,,,,437
440,no play,,,,,,,,,,445
440,14.0,11:40,0.5,0.667,3.0,1.0,1.0,1.0,8.0,17.0,461
440,15.0,18:48,0.7,0.6,5.0,1.0,0.0,1.0,19.0,12.0,477
440,16.0,15:35,0.5,0.5,0.0,0.0,1.0,1.0,8.0,-7.0,493
440,17.0,5:40,0.5,,1.0,1.0,0.0,0.0,2.0,-11.0,499
440,no play,,,,,,,,,,527
440,18.0,3:31,1.0,1.0,0.0,0.0,0.0,0.0,3.0,-4.0,551
440,19.0,15:52,0.429,0.667,3.0,0.0,0.0,0.0,15.0,-5.0,558
440,20.0,24:02,0.5,0.0,5.0,0.0,0.0,0.0,14.0,4.0,577
440,21.0,14:25,0.33299999999999996,0.25,3.0,1.0,1.0,0.0,5.0,9.0,588
440,22.0,8:18,0.16699999999999998,0.25,1.0,0.0,0.0,0.0,3.0,-7.0,602
440,23.0,3:30,,,0.0,1.0,0.0,0.0,0.0,-2.0,623
440,24.0,4:40,0.0,0.0,0.0,1.0,0.0,0.0,0.0,-6.0,635
440,no play,,,,,,,,,,655
440,no play,,,,,,,,,,681
440,25.0,16:14,0.6,0.33299999999999996,4.0,0.0,0.0,0.0,7.0,-3.0,686
440,26.0,14:30,0.2,0.0,3.0,1.0,0.0,0.0,2.0,-2.0,701
440,27.0,13:26,0.28600000000000003,0.33299999999999996,1.0,0.0,0.0,1.0,5.0,-5.0,711
440,28.0,13:39,0.2,0.0,2.0,0.0,0.0,0.0,4.0,12.0,727
440,29.0,6:05,0.33299999999999996,0.0,1.0,1.0,1.0,0.0,2.0,3.0,738
440,no play,,,,,,,,,,757
440,30.0,7:38,0.33299999999999996,0.0,1.0,0.0,0.0,0.0,2.0,-5.0,772
440,31.0,12:52,0.28600000000000003,0.5,2.0,1.0,0.0,0.0,7.0,-6.0,799
440,32.0,17:55,0.833,1.0,1.0,1.0,0.0,0.0,11.0,-1.0,804
440,33.0,22:51,0.875,0.667,0.0,0.0,0.0,0.0,16.0,10.0,821
440,34.0,13:39,0.5,0.667,1.0,2.0,0.0,0.0,10.0,0.0,832
440,35.0,6:28,0.0,0.0,0.0,1.0,0.0,0.0,0.0,-4.0,842
440,36.0,11:32,0.4,0.5,3.0,0.0,0.0,0.0,6.0,4.0,855
440,no play,,,,,,,,,,1234
440,no play,,,,,,,,,,1255
440,no play,,,,,,,,,,1261
440,no play,,,,,,,,,,862
440,no play,,,,,,,,,,879
440,37.0,14:44,0.2,0.0,4.0,0.0,0.0,0.0,2.0,4.0,890
440,no play,,,,,,,,,,905
440,no play,,,,,,,,,,919
440,38.0,15:10,0.5,0.5,3.0,0.0,2.0,0.0,6.0,4.0,930
440,no play,,,,,,,,,,945
440,no play,,,,,,,,,,966
440,39.0,17:19,0.5,0.33299999999999996,3.0,0.0,0.0,0.0,11.0,5.0,982
440,40.0,13:42,0.4,0.33299999999999996,2.0,0.0,0.0,1.0,5.0,-2.0,997
440,no play,,,,,,,,,,1007
440,no play,,,,,,,,,,1020
440,41.0,12:32,0.8,1.0,1.0,0.0,0.0,0.0,15.0,8.0,1036
440,42.0,3:56,0.0,0.0,0.0,0.0,0.0,0.0,0.0,-7.0,1053
440,no play,,,,,,,,,,1073
440,43.0,8:38,0.75,0.0,0.0,0.0,0.0,0.0,6.0,3.0,1089
440,44.0,6:12,0.0,0.0,1.0,1.0,0.0,0.0,0.0,-10.0,1102
440,45.0,10:15,0.33299999999999996,0.0,0.0,1.0,0.0,1.0,2.0,3.0,1130
440,46.0,4:24,,,0.0,1.0,0.0,0.0,0.0,2.0,1138
440,no play,,,,,,,,,,1150
440,no play,,,,,,,,,,1165
440,47.0,21:04,0.4,0.25,6.0,1.0,0.0,0.0,18.0,16.0,1180
