Player_ID,G,MP,FG%,3P%,TRB,AST,STL,BLK,PTS,+/-,Game_ID
417,1.0,34:41,0.5710000000000001,0.5,9.0,0.0,0.0,0.0,19.0,-5.0,1
417,2.0,38:50,0.565,0.5,5.0,1.0,1.0,0.0,31.0,-9.0,19
417,3.0,38:26,0.273,0.0,5.0,0.0,0.0,0.0,10.0,3.0,36
417,4.0,35:42,0.462,0.0,2.0,1.0,0.0,1.0,14.0,-13.0,58
417,5.0,35:16,0.47100000000000003,0.25,10.0,0.0,0.0,0.0,17.0,-2.0,72
417,6.0,48:23,0.5,0.4,8.0,2.0,2.0,0.0,34.0,14.0,86
417,7.0,39:31,0.611,0.33299999999999996,2.0,2.0,0.0,0.0,31.0,7.0,100
417,8.0,33:47,0.4,0.33299999999999996,8.0,1.0,0.0,0.0,25.0,-11.0,112
417,9.0,35:10,0.47100000000000003,0.0,3.0,1.0,1.0,1.0,20.0,-16.0,142
417,10.0,40:57,0.5,0.0,2.0,1.0,2.0,0.0,28.0,-10.0,157
417,11.0,33:33,0.294,0.0,7.0,0.0,0.0,0.0,15.0,-17.0,176
417,12.0,38:32,0.231,0.33299999999999996,6.0,3.0,2.0,0.0,11.0,0.0,183
417,13.0,42:01,0.5,0.0,9.0,1.0,0.0,1.0,20.0,5.0,202
417,14.0,30:27,0.526,0.5,4.0,1.0,1.0,0.0,22.0,-11.0,216
417,15.0,30:28,0.462,0.0,5.0,0.0,0.0,0.0,12.0,-26.0,238
417,16.0,41:07,0.375,0.25,7.0,4.0,2.0,0.0,23.0,6.0,261
417,17.0,40:10,0.5329999999999999,0.5,2.0,1.0,1.0,1.0,17.0,-7.0,282
417,18.0,37:41,0.4,0.5,9.0,1.0,2.0,0.0,17.0,-12.0,286
417,19.0,37:14,0.429,0.4,5.0,1.0,1.0,0.0,22.0,32.0,306
417,20.0,38:15,0.47600000000000003,0.5,7.0,2.0,1.0,0.0,29.0,4.0,322
417,21.0,32:21,0.313,0.0,4.0,1.0,0.0,0.0,11.0,-6.0,1199
417,22.0,36:15,0.588,1.0,7.0,2.0,0.0,0.0,25.0,13.0,343
417,23.0,32:02,0.5379999999999999,1.0,4.0,1.0,1.0,0.0,20.0,-12.0,352
417,24.0,32:16,0.545,,3.0,1.0,1.0,0.0,18.0,20.0,365
417,25.0,37:03,0.5,0.2,5.0,2.0,2.0,0.0,19.0,-3.0,381
417,26.0,37:00,0.455,0.33299999999999996,3.0,3.0,2.0,0.0,21.0,6.0,398
417,27.0,29:32,0.33299999999999996,0.5,9.0,2.0,3.0,1.0,15.0,8.0,407
417,28.0,34:01,0.6,0.33299999999999996,2.0,1.0,1.0,0.0,19.0,-8.0,417
417,29.0,36:26,0.455,0.0,7.0,0.0,0.0,0.0,28.0,3.0,436
417,30.0,38:22,0.579,0.0,6.0,1.0,1.0,1.0,24.0,3.0,455
417,31.0,36:38,0.429,0.5,7.0,1.0,0.0,0.0,15.0,-11.0,471
417,32.0,31:51,0.43799999999999994,0.33299999999999996,3.0,1.0,0.0,0.0,21.0,-16.0,479
417,33.0,36:16,0.353,0.25,9.0,4.0,1.0,0.0,17.0,9.0,496
417,34.0,27:37,0.611,0.429,3.0,1.0,2.0,1.0,25.0,-17.0,506
417,35.0,34:58,0.444,0.5,7.0,5.0,0.0,1.0,26.0,-13.0,529
417,36.0,38:59,0.615,,6.0,2.0,1.0,1.0,19.0,1.0,546
417,37.0,30:04,0.6,0.5,4.0,0.0,2.0,0.0,21.0,-20.0,562
417,38.0,33:59,0.565,0.8,2.0,1.0,0.0,0.0,30.0,2.0,575
417,39.0,36:29,0.588,0.25,4.0,5.0,2.0,1.0,22.0,9.0,595
417,40.0,31:41,0.375,0.0,3.0,0.0,1.0,1.0,13.0,-12.0,611
417,41.0,38:09,0.47100000000000003,0.667,4.0,1.0,0.0,0.0,20.0,0.0,629
417,42.0,34:12,0.5,0.0,7.0,2.0,1.0,0.0,15.0,1.0,642
417,43.0,39:36,0.43799999999999994,0.5,5.0,1.0,0.0,1.0,19.0,-6.0,653
417,44.0,26:40,0.25,0.0,5.0,2.0,0.0,0.0,6.0,15.0,667
417,45.0,36:45,0.5329999999999999,0.0,5.0,1.0,2.0,0.0,23.0,12.0,693
417,46.0,38:33,0.5,1.0,2.0,2.0,1.0,0.0,31.0,-3.0,695
417,47.0,35:24,0.4,0.25,3.0,2.0,0.0,0.0,19.0,10.0,722
417,48.0,36:46,0.563,0.0,9.0,3.0,1.0,0.0,24.0,4.0,728
417,49.0,31:46,0.462,0.33299999999999996,7.0,1.0,2.0,0.0,15.0,16.0,742
417,50.0,37:37,0.429,0.33299999999999996,7.0,2.0,1.0,0.0,13.0,6.0,760
417,51.0,34:05,0.545,0.0,4.0,2.0,0.0,0.0,12.0,-12.0,782
417,52.0,37:40,0.526,0.33299999999999996,5.0,0.0,2.0,0.0,26.0,-7.0,787
417,53.0,42:52,0.6,0.667,4.0,1.0,0.0,0.0,31.0,-2.0,803
417,54.0,30:07,0.308,0.0,4.0,2.0,0.0,0.0,8.0,19.0,819
417,55.0,35:22,0.43799999999999994,0.5,3.0,3.0,1.0,1.0,19.0,-6.0,832
417,56.0,37:18,0.43799999999999994,0.0,5.0,1.0,0.0,0.0,16.0,2.0,845
417,57.0,37:16,0.529,0.25,6.0,1.0,2.0,0.0,20.0,-5.0,1238
417,58.0,33:45,0.467,1.0,3.0,2.0,3.0,0.0,19.0,1.0,1246
417,59.0,36:06,0.5,0.0,4.0,1.0,0.0,0.0,24.0,11.0,1262
417,60.0,38:10,0.474,0.75,4.0,4.0,2.0,0.0,25.0,-6.0,858
417,61.0,36:42,0.4,0.25,3.0,1.0,1.0,0.0,18.0,4.0,875
417,62.0,33:38,0.35700000000000004,0.0,5.0,3.0,0.0,0.0,17.0,9.0,893
417,63.0,34:36,0.429,0.0,6.0,2.0,0.0,0.0,14.0,13.0,907
417,64.0,37:22,0.467,0.667,6.0,0.0,0.0,0.0,21.0,9.0,931
417,65.0,36:21,0.313,0.0,7.0,1.0,0.0,0.0,23.0,-8.0,942
417,66.0,35:51,0.43799999999999994,0.5,2.0,1.0,0.0,2.0,18.0,-25.0,952
417,67.0,39:33,0.625,0.5,9.0,2.0,0.0,0.0,22.0,3.0,964
417,68.0,24:28,0.28600000000000003,0.0,5.0,1.0,1.0,0.0,4.0,-32.0,980
417,69.0,35:37,0.5329999999999999,1.0,6.0,2.0,0.0,0.0,19.0,-1.0,996
417,70.0,33:57,0.2,0.0,4.0,2.0,1.0,0.0,5.0,-11.0,1015
417,71.0,37:54,0.5,0.5,2.0,0.0,2.0,0.0,21.0,-2.0,1029
417,72.0,37:19,0.47100000000000003,0.0,7.0,2.0,2.0,0.0,23.0,-4.0,1044
417,73.0,36:33,0.28600000000000003,0.25,2.0,0.0,1.0,0.0,10.0,-10.0,1060
417,74.0,33:59,0.4,1.0,8.0,3.0,0.0,0.0,19.0,0.0,1077
417,75.0,37:38,0.4,0.0,4.0,1.0,2.0,0.0,8.0,-4.0,1091
417,76.0,38:54,0.6920000000000001,0.6,2.0,0.0,1.0,0.0,31.0,-3.0,1105
417,77.0,28:06,0.4,0.5,2.0,1.0,0.0,0.0,11.0,3.0,1125
417,78.0,35:10,0.462,0.2,4.0,2.0,0.0,0.0,15.0,-20.0,1133
417,79.0,17:34,0.5,1.0,1.0,1.0,0.0,0.0,8.0,3.0,1144
417,no play,,,,,,,,,,1160
417,no play,,,,,,,,,,1175
