Player_ID,G,MP,FG%,3P%,TRB,AST,STL,BLK,PTS,+/-,Game_ID
216,1.0,30:59,0.563,,14.0,1.0,0.0,4.0,18.0,5.0,0
216,2.0,26:49,0.727,,15.0,0.0,0.0,2.0,20.0,-1.0,18
216,3.0,34:56,0.667,,15.0,1.0,2.0,4.0,27.0,7.0,33
216,4.0,27:45,0.462,,11.0,0.0,1.0,2.0,14.0,16.0,45
216,5.0,37:33,0.556,,16.0,3.0,2.0,1.0,21.0,4.0,67
216,6.0,30:34,0.25,,12.0,0.0,0.0,2.0,5.0,-24.0,93
216,7.0,36:58,0.444,,20.0,0.0,1.0,3.0,20.0,2.0,114
216,8.0,32:44,0.462,,14.0,1.0,0.0,2.0,15.0,-23.0,132
216,9.0,33:54,0.818,,16.0,1.0,2.0,2.0,23.0,0.0,146
216,10.0,38:01,0.4,,25.0,2.0,2.0,1.0,19.0,4.0,150
216,11.0,29:26,0.41700000000000004,,17.0,0.0,2.0,6.0,12.0,9.0,166
216,12.0,39:53,0.643,,18.0,1.0,0.0,3.0,18.0,8.0,182
216,13.0,32:49,0.684,,13.0,0.0,0.0,2.0,32.0,8.0,195
216,14.0,24:59,0.375,,8.0,0.0,1.0,1.0,6.0,-31.0,214
216,15.0,26:51,0.16699999999999998,,12.0,1.0,0.0,2.0,4.0,8.0,244
216,16.0,34:19,0.636,,12.0,0.0,1.0,2.0,15.0,3.0,254
216,17.0,36:55,0.769,,17.0,2.0,0.0,2.0,25.0,-4.0,267
216,18.0,32:06,0.647,,16.0,1.0,1.0,4.0,25.0,0.0,283
216,19.0,36:16,0.364,,10.0,0.0,1.0,0.0,9.0,-1.0,290
216,20.0,40:55,0.75,,16.0,1.0,0.0,5.0,28.0,4.0,308
216,21.0,37:35,0.5,,14.0,1.0,1.0,3.0,23.0,-24.0,326
216,22.0,35:42,0.33299999999999996,,12.0,0.0,0.0,1.0,8.0,-20.0,1195
216,23.0,28:15,0.4,,12.0,0.0,0.0,0.0,8.0,-22.0,338
216,24.0,32:41,0.474,,8.0,1.0,2.0,3.0,20.0,-7.0,350
216,25.0,33:36,0.5,,16.0,0.0,1.0,2.0,17.0,15.0,363
216,26.0,33:39,0.625,,22.0,0.0,0.0,2.0,26.0,0.0,377
216,27.0,30:42,0.41700000000000004,,17.0,2.0,2.0,1.0,11.0,5.0,397
216,28.0,37:44,0.6920000000000001,,17.0,0.0,0.0,3.0,23.0,-2.0,411
216,29.0,46:59,0.636,,15.0,0.0,1.0,5.0,32.0,-3.0,422
216,30.0,37:17,0.75,,13.0,0.0,1.0,1.0,23.0,13.0,440
216,31.0,35:41,0.4,,18.0,2.0,0.0,2.0,10.0,-9.0,449
216,32.0,31:00,0.364,,8.0,1.0,2.0,0.0,12.0,-5.0,478
216,33.0,34:44,0.5710000000000001,,10.0,0.0,0.0,2.0,8.0,-13.0,491
216,34.0,32:10,0.556,,8.0,1.0,1.0,1.0,11.0,-7.0,499
216,no play,,,,,,,,,,514
216,no play,,,,,,,,,,532
216,no play,,,,,,,,,,540
216,no play,,,,,,,,,,554
216,35.0,31:08,0.583,,13.0,0.0,0.0,2.0,15.0,-14.0,566
216,36.0,37:00,0.706,,20.0,2.0,1.0,2.0,26.0,5.0,583
216,37.0,31:28,0.583,,9.0,2.0,1.0,0.0,19.0,-11.0,599
216,38.0,32:49,0.625,,15.0,0.0,1.0,1.0,14.0,2.0,628
216,39.0,28:45,0.5,,8.0,2.0,1.0,0.0,13.0,14.0,642
216,40.0,30:19,0.875,,15.0,0.0,1.0,2.0,16.0,8.0,660
216,41.0,35:30,0.308,,15.0,0.0,2.0,1.0,10.0,9.0,673
216,42.0,20:36,0.3,,1.0,1.0,0.0,1.0,7.0,-30.0,687
216,no play,,,,,,,,,,704
216,43.0,29:09,0.444,,12.0,0.0,0.0,2.0,9.0,-9.0,710
216,44.0,30:08,0.6,,9.0,0.0,1.0,3.0,12.0,10.0,725
216,45.0,30:07,0.615,,18.0,0.0,1.0,2.0,18.0,25.0,740
216,46.0,26:47,0.8240000000000001,,20.0,0.0,0.0,3.0,30.0,23.0,764
216,47.0,35:49,0.5710000000000001,,13.0,2.0,1.0,1.0,19.0,12.0,781
216,48.0,34:04,0.833,,16.0,0.0,0.0,1.0,23.0,16.0,793
216,49.0,25:04,0.3,,9.0,0.0,1.0,4.0,8.0,-12.0,805
216,50.0,33:31,0.455,,19.0,0.0,0.0,1.0,12.0,-12.0,816
216,51.0,35:33,0.7140000000000001,,19.0,1.0,2.0,2.0,12.0,-6.0,829
216,52.0,31:24,0.6920000000000001,,14.0,1.0,0.0,5.0,23.0,9.0,847
216,53.0,24:34,0.111,,10.0,2.0,2.0,1.0,2.0,19.0,1239
216,54.0,36:59,0.5,,17.0,0.0,1.0,1.0,22.0,15.0,1245
216,55.0,38:18,0.563,,19.0,0.0,1.0,1.0,19.0,-4.0,1262
216,56.0,22:07,0.667,,11.0,3.0,1.0,4.0,15.0,11.0,859
216,57.0,34:38,0.5,,18.0,0.0,0.0,1.0,15.0,-6.0,872
216,58.0,28:10,0.643,,13.0,0.0,0.0,1.0,20.0,19.0,882
216,59.0,36:19,0.4,,11.0,1.0,1.0,2.0,13.0,-3.0,897
216,60.0,35:22,0.5710000000000001,,15.0,0.0,2.0,4.0,10.0,-13.0,911
216,61.0,32:57,0.5,,14.0,0.0,0.0,4.0,12.0,18.0,939
216,62.0,33:47,0.524,,21.0,0.0,0.0,1.0,26.0,2.0,947
216,63.0,35:13,0.818,,17.0,0.0,1.0,2.0,20.0,11.0,967
216,64.0,32:54,0.909,,14.0,1.0,0.0,3.0,23.0,16.0,985
216,65.0,30:48,0.5329999999999999,,10.0,2.0,0.0,3.0,17.0,-4.0,1001
216,66.0,31:28,0.5,,14.0,1.0,3.0,2.0,23.0,23.0,1013
216,67.0,30:15,0.6,,14.0,2.0,0.0,2.0,16.0,-6.0,1028
216,68.0,30:16,0.5710000000000001,,15.0,2.0,1.0,1.0,19.0,-13.0,1053
216,69.0,30:03,0.5379999999999999,,9.0,1.0,0.0,1.0,17.0,5.0,1067
216,70.0,28:21,0.455,,9.0,1.0,0.0,4.0,11.0,23.0,1075
216,71.0,33:37,0.667,,16.0,0.0,0.0,2.0,17.0,-3.0,1093
216,72.0,33:13,0.5,,11.0,2.0,0.0,3.0,16.0,-7.0,1110
216,73.0,31:23,0.556,,20.0,0.0,1.0,3.0,13.0,23.0,1126
216,74.0,27:01,0.28600000000000003,,10.0,2.0,0.0,0.0,12.0,2.0,1141
216,75.0,37:27,0.632,,12.0,2.0,2.0,3.0,30.0,10.0,1153
216,76.0,35:42,0.5710000000000001,,18.0,1.0,1.0,1.0,23.0,-11.0,1166
216,77.0,30:58,0.588,,18.0,0.0,0.0,2.0,24.0,10.0,1182
