Player_ID,G,MP,FG%,3P%,TRB,AST,STL,BLK,PTS,+/-,Game_ID
471,1.0,13:22,0.25,0.0,0.0,2.0,0.0,1.0,5.0,-30.0,
471,2.0,5:24,0.0,,0.0,0.0,0.0,0.0,0.0,3.0,21
471,3.0,15:53,0.2,0.33299999999999996,2.0,0.0,0.0,0.0,3.0,-9.0,32
471,4.0,25:20,1.0,1.0,2.0,1.0,3.0,0.0,22.0,18.0,50
471,5.0,19:03,0.6,0.5,3.0,0.0,0.0,0.0,8.0,9.0,65
471,6.0,12:41,0.2,0.0,2.0,0.0,1.0,0.0,2.0,-6.0,74
471,7.0,12:44,0.33299999999999996,0.0,2.0,2.0,0.0,1.0,2.0,7.0,95
471,8.0,11:33,0.4,0.0,1.0,1.0,1.0,0.0,4.0,2.0,112
471,9.0,11:22,0.25,0.33299999999999996,0.0,4.0,0.0,0.0,3.0,-5.0,115
471,10.0,5:13,1.0,,0.0,0.0,1.0,0.0,4.0,-1.0,139
471,no play,,,,,,,,,,161
471,11.0,7:20,0.5,1.0,1.0,0.0,0.0,0.0,3.0,2.0,175
471,no play,,,,,,,,,,187
471,12.0,20:41,0.4,0.4,5.0,1.0,0.0,0.0,10.0,16.0,198
471,13.0,17:58,0.875,1.0,1.0,1.0,0.0,0.0,21.0,17.0,219
471,14.0,8:54,0.5,1.0,0.0,0.0,0.0,0.0,3.0,-9.0,249
471,no play,,,,,,,,,,255
471,15.0,11:28,0.5,0.4,2.0,1.0,0.0,0.0,8.0,-2.0,270
471,16.0,12:06,0.33299999999999996,0.0,1.0,1.0,0.0,0.0,4.0,2.0,291
471,17.0,15:44,0.75,0.0,1.0,3.0,0.0,0.0,9.0,3.0,309
471,18.0,18:57,0.556,0.33299999999999996,1.0,3.0,2.0,1.0,11.0,-1.0,324
471,19.0,12:55,0.429,0.0,3.0,1.0,0.0,0.0,7.0,1.0,1201
471,20.0,20:00,0.4,0.667,0.0,1.0,1.0,0.0,6.0,-10.0,335
471,21.0,22:58,0.556,0.0,3.0,2.0,0.0,1.0,10.0,7.0,351
471,22.0,5:38,,,1.0,1.0,0.0,0.0,0.0,4.0,358
471,23.0,13:12,0.33299999999999996,0.5,2.0,0.0,0.0,0.0,6.0,-5.0,371
471,24.0,11:09,0.5710000000000001,1.0,0.0,2.0,1.0,0.0,9.0,-5.0,388
471,25.0,21:29,0.818,0.75,2.0,4.0,1.0,0.0,23.0,25.0,405
471,26.0,10:24,0.4,0.5,1.0,1.0,1.0,0.0,6.0,7.0,427
471,27.0,15:02,0.667,0.0,0.0,1.0,1.0,0.0,8.0,-4.0,438
471,28.0,15:13,1.0,,2.0,1.0,0.0,0.0,6.0,3.0,446
471,29.0,8:32,0.667,,0.0,1.0,1.0,0.0,4.0,-2.0,462
471,30.0,15:36,0.429,0.5,5.0,0.0,0.0,0.0,9.0,-14.0,490
471,31.0,23:37,0.375,0.0,2.0,1.0,1.0,0.0,7.0,-1.0,506
471,32.0,15:48,0.8,1.0,1.0,1.0,2.0,0.0,12.0,5.0,525
471,33.0,11:32,0.4,0.33299999999999996,0.0,1.0,0.0,0.0,5.0,5.0,539
471,34.0,6:14,0.0,0.0,0.0,0.0,0.0,0.0,0.0,-1.0,555
471,35.0,9:31,0.2,0.0,0.0,0.0,0.0,0.0,4.0,-5.0,570
471,36.0,22:18,0.444,0.667,1.0,3.0,0.0,0.0,10.0,15.0,583
471,37.0,15:50,0.5,0.75,2.0,1.0,2.0,0.0,14.0,16.0,596
471,38.0,11:54,0.0,0.0,3.0,0.0,1.0,0.0,2.0,-10.0,624
471,39.0,12:43,0.0,0.0,2.0,3.0,0.0,0.0,0.0,-5.0,639
471,40.0,12:59,0.0,0.0,1.0,0.0,0.0,1.0,0.0,-7.0,651
471,41.0,14:07,0.375,0.25,3.0,2.0,0.0,0.0,7.0,3.0,666
471,42.0,11:46,0.5,,0.0,0.0,1.0,0.0,2.0,1.0,673
471,no play,,,,,,,,,,692
471,43.0,12:00,0.4,0.33299999999999996,1.0,1.0,0.0,0.0,5.0,3.0,712
471,44.0,12:31,0.0,0.0,2.0,3.0,0.0,0.0,2.0,6.0,723
471,45.0,15:48,0.16699999999999998,0.0,4.0,1.0,1.0,0.0,2.0,-13.0,747
471,46.0,21:10,0.556,0.5,1.0,4.0,0.0,0.0,11.0,1.0,751
471,no play,,,,,,,,,,770
471,47.0,16:19,0.4,0.25,1.0,4.0,2.0,1.0,5.0,18.0,798
471,48.0,3:43,,,1.0,0.0,0.0,0.0,0.0,-1.0,809
471,49.0,14:53,0.0,0.0,2.0,2.0,2.0,0.0,0.0,8.0,818
471,50.0,26:43,0.5329999999999999,0.667,1.0,1.0,2.0,0.0,18.0,2.0,833
471,51.0,17:16,0.5,0.667,1.0,1.0,0.0,0.0,8.0,-10.0,853
471,52.0,9:01,0.33299999999999996,0.0,2.0,0.0,0.0,0.0,2.0,3.0,1230
471,53.0,18:37,0.5,0.25,4.0,2.0,2.0,0.0,9.0,-10.0,1249
471,54.0,7:57,1.0,1.0,0.0,0.0,0.0,0.0,5.0,0.0,1259
471,55.0,2:01,0.5,,0.0,0.0,0.0,0.0,2.0,5.0,1265
471,56.0,6:56,0.0,,1.0,0.0,0.0,0.0,2.0,5.0,867
471,57.0,5:36,0.4,0.0,0.0,1.0,0.0,0.0,4.0,1.0,889
471,58.0,10:22,0.75,1.0,0.0,0.0,1.0,0.0,10.0,3.0,898
471,59.0,5:56,1.0,,0.0,0.0,0.0,0.0,2.0,-6.0,919
471,60.0,12:51,0.5710000000000001,0.667,4.0,2.0,1.0,0.0,10.0,6.0,928
471,61.0,33:55,0.7140000000000001,1.0,5.0,0.0,1.0,0.0,36.0,-8.0,940
471,62.0,11:46,0.0,0.0,3.0,1.0,1.0,0.0,0.0,-3.0,963
471,63.0,19:53,0.625,0.667,2.0,2.0,1.0,0.0,12.0,6.0,979
471,64.0,17:54,0.5710000000000001,0.0,2.0,0.0,0.0,1.0,9.0,5.0,995
471,65.0,18:16,0.5,0.0,0.0,1.0,0.0,0.0,5.0,0.0,1009
471,66.0,28:47,0.5,0.0,4.0,0.0,1.0,0.0,18.0,17.0,1015
471,67.0,18:17,0.5,0.0,0.0,3.0,0.0,0.0,10.0,-13.0,1041
471,68.0,14:24,0.5,1.0,4.0,2.0,0.0,0.0,5.0,6.0,1054
471,69.0,16:22,0.4,0.0,0.0,0.0,0.0,0.0,4.0,-11.0,1068
471,70.0,14:23,0.6,1.0,0.0,1.0,0.0,0.0,7.0,7.0,1078
471,71.0,16:08,0.5,0.25,2.0,0.0,0.0,0.0,7.0,-1.0,1096
471,72.0,12:10,0.5,0.5,3.0,0.0,0.0,0.0,3.0,-4.0,1112
471,73.0,18:28,0.25,0.33299999999999996,3.0,1.0,1.0,0.0,5.0,3.0,1124
471,74.0,19:49,0.33299999999999996,0.0,2.0,1.0,0.0,1.0,6.0,-12.0,1132
471,75.0,27:47,0.615,0.25,3.0,4.0,0.0,0.0,17.0,3.0,1156
471,76.0,20:11,0.16699999999999998,0.0,1.0,2.0,1.0,0.0,3.0,-13.0,1172
471,77.0,22:14,0.25,0.0,4.0,3.0,1.0,0.0,4.0,-6.0,1190
