Player_ID,G,MP,FG%,3P%,TRB,AST,STL,BLK,PTS,+/-,Game_ID
238,no play,,,,,,,,,,10
238,no play,,,,,,,,,,37
238,no play,,,,,,,,,,51
238,no play,,,,,,,,,,66
238,no play,,,,,,,,,,77
238,no play,,,,,,,,,,90
238,no play,,,,,,,,,,103
238,no play,,,,,,,,,,118
238,no play,,,,,,,,,,129
238,no play,,,,,,,,,,154
238,no play,,,,,,,,,,165
238,no play,,,,,,,,,,182
238,no play,,,,,,,,,,196
238,no play,,,,,,,,,,237
238,1.0,14:05,0.0,,1.0,0.0,1.0,1.0,1.0,-11.0,251
238,no play,,,,,,,,,,264
238,no play,,,,,,,,,,280
238,no play,,,,,,,,,,299
238,no play,,,,,,,,,,316
238,no play,,,,,,,,,,325
238,no play,,,,,,,,,,332
238,no play,,,,,,,,,,346
238,no play,,,,,,,,,,363
238,no play,,,,,,,,,,375
238,no play,,,,,,,,,,389
238,no play,,,,,,,,,,406
238,no play,,,,,,,,,,413
238,no play,,,,,,,,,,432
238,no play,,,,,,,,,,447
238,no play,,,,,,,,,,466
238,no play,,,,,,,,,,481
238,no play,,,,,,,,,,498
238,no play,,,,,,,,,,523
238,no play,,,,,,,,,,529
238,no play,,,,,,,,,,549
238,no play,,,,,,,,,,565
238,no play,,,,,,,,,,576
238,no play,,,,,,,,,,588
238,no play,,,,,,,,,,609
238,no play,,,,,,,,,,619
238,no play,,,,,,,,,,633
238,no play,,,,,,,,,,643
238,no play,,,,,,,,,,656
238,no play,,,,,,,,,,670
238,no play,,,,,,,,,,681
238,no play,,,,,,,,,,706
238,no play,,,,,,,,,,719
238,no play,,,,,,,,,,730
238,no play,,,,,,,,,,748
238,no play,,,,,,,,,,761
238,no play,,,,,,,,,,775
238,2.0,12:11,0.33299999999999996,,5.0,0.0,1.0,0.0,2.0,-3.0,790
238,3.0,13:03,0.0,,3.0,0.0,0.0,1.0,0.0,-13.0,811
238,4.0,15:13,,,0.0,0.0,1.0,1.0,4.0,-6.0,831
238,5.0,12:51,1.0,,4.0,0.0,0.0,0.0,5.0,-1.0,854
238,6.0,7:07,,,3.0,0.0,0.0,0.0,1.0,-6.0,1232
238,7.0,15:47,0.667,,2.0,1.0,2.0,0.0,7.0,-2.0,1253
238,8.0,16:25,0.5,,6.0,1.0,0.0,1.0,6.0,0.0,1265
238,9.0,21:00,0.0,,5.0,3.0,1.0,3.0,1.0,11.0,857
238,10.0,15:55,0.75,,3.0,0.0,2.0,1.0,6.0,-10.0,871
238,11.0,20:02,0.25,,5.0,0.0,2.0,2.0,4.0,3.0,891
238,12.0,25:44,0.625,,9.0,1.0,7.0,1.0,15.0,38.0,908
238,13.0,15:16,1.0,,4.0,2.0,1.0,0.0,7.0,6.0,918
238,14.0,22:13,0.8,,7.0,1.0,0.0,2.0,9.0,5.0,932
238,15.0,14:42,0.0,,3.0,0.0,0.0,0.0,0.0,-13.0,943
238,16.0,21:38,1.0,,7.0,0.0,1.0,1.0,5.0,11.0,955
238,17.0,18:32,0.5,,5.0,0.0,0.0,1.0,6.0,-13.0,964
238,18.0,20:03,0.727,,3.0,1.0,0.0,2.0,16.0,-7.0,981
238,19.0,20:44,0.4,,7.0,1.0,0.0,0.0,7.0,-3.0,990
238,20.0,16:56,0.0,,4.0,0.0,0.0,0.0,0.0,-13.0,1007
238,21.0,20:11,0.5,,10.0,0.0,0.0,0.0,4.0,22.0,1023
238,22.0,23:47,0.833,,7.0,0.0,4.0,1.0,16.0,26.0,1032
238,23.0,8:49,,,1.0,0.0,1.0,0.0,0.0,3.0,1043
238,24.0,17:52,0.75,,5.0,0.0,2.0,0.0,10.0,6.0,1070
238,25.0,24:29,0.33299999999999996,,8.0,1.0,0.0,0.0,5.0,7.0,1079
238,26.0,17:31,0.5,,4.0,0.0,1.0,0.0,6.0,-1.0,1095
238,27.0,21:17,1.0,,2.0,3.0,1.0,0.0,8.0,4.0,1112
238,28.0,22:37,0.0,,4.0,1.0,1.0,0.0,1.0,-2.0,1116
238,29.0,18:08,0.667,,3.0,0.0,0.0,3.0,4.0,-6.0,1137
238,30.0,18:48,1.0,,9.0,0.0,2.0,1.0,11.0,3.0,1153
238,31.0,21:52,0.6,,11.0,3.0,2.0,2.0,6.0,-2.0,1169
238,no play,,,,,,,,,,1182
