Player_ID,G,MP,FG%,3P%,TRB,AST,STL,BLK,PTS,+/-,Game_ID
379,1.0,32:49,0.5,0.28600000000000003,6.0,8.0,2.0,0.0,25.0,15.0,2
379,2.0,34:47,0.667,0.429,3.0,4.0,2.0,0.0,25.0,-6.0,11
379,3.0,35:11,0.45,0.28600000000000003,1.0,7.0,0.0,0.0,24.0,14.0,23
379,4.0,36:03,0.444,0.5710000000000001,2.0,10.0,3.0,1.0,23.0,6.0,57
379,5.0,33:35,0.42100000000000004,0.0,3.0,6.0,0.0,0.0,30.0,-7.0,64
379,6.0,32:56,0.529,0.25,1.0,5.0,1.0,0.0,30.0,-20.0,87
379,7.0,35:25,0.33299999999999996,0.16699999999999998,6.0,10.0,0.0,0.0,23.0,-18.0,103
379,8.0,27:48,0.529,0.6,3.0,4.0,1.0,0.0,29.0,16.0,121
379,9.0,29:26,0.308,0.5,0.0,5.0,1.0,0.0,23.0,-7.0,126
379,10.0,36:17,0.44799999999999995,0.3,3.0,7.0,2.0,0.0,37.0,12.0,144
379,11.0,33:09,0.389,0.6,4.0,6.0,0.0,0.0,30.0,10.0,157
379,12.0,27:35,0.33299999999999996,0.16699999999999998,2.0,4.0,0.0,0.0,18.0,-20.0,175
379,13.0,35:49,0.318,0.25,4.0,8.0,0.0,1.0,24.0,3.0,184
379,14.0,31:53,0.45,0.222,2.0,3.0,1.0,0.0,29.0,-4.0,201
379,15.0,31:49,0.381,0.556,1.0,5.0,0.0,1.0,23.0,10.0,213
379,16.0,35:35,0.429,0.33299999999999996,1.0,8.0,0.0,0.0,24.0,6.0,236
379,17.0,34:34,0.304,0.2,4.0,8.0,1.0,0.0,25.0,3.0,267
379,18.0,33:16,0.5,0.429,0.0,4.0,0.0,0.0,27.0,-6.0,277
379,19.0,34:28,0.28600000000000003,0.0,3.0,7.0,2.0,0.0,20.0,8.0,293
379,20.0,33:11,0.579,0.667,4.0,7.0,1.0,0.0,37.0,4.0,304
379,21.0,33:17,0.368,0.429,2.0,3.0,2.0,0.0,20.0,-7.0,321
379,no play,,,,,,,,,,1193
379,no play,,,,,,,,,,339
379,no play,,,,,,,,,,357
379,no play,,,,,,,,,,383
379,22.0,34:59,0.45,0.33299999999999996,3.0,5.0,0.0,0.0,26.0,-2.0,391
379,23.0,27:50,0.563,0.5,2.0,4.0,1.0,0.0,23.0,11.0,411
379,24.0,38:17,0.625,0.7,3.0,6.0,2.0,1.0,44.0,9.0,424
379,25.0,32:19,0.429,0.182,1.0,9.0,0.0,0.0,28.0,11.0,437
379,26.0,34:17,0.545,0.25,2.0,10.0,1.0,0.0,34.0,2.0,445
379,27.0,32:36,0.391,0.231,3.0,3.0,0.0,0.0,27.0,-7.0,461
379,28.0,33:37,0.429,0.16699999999999998,1.0,7.0,0.0,0.0,21.0,3.0,477
379,29.0,33:33,0.615,0.4,3.0,9.0,2.0,0.0,31.0,-10.0,493
379,30.0,37:09,0.5770000000000001,0.6920000000000001,2.0,0.0,1.0,0.0,52.0,10.0,499
379,31.0,35:25,0.556,0.625,4.0,15.0,1.0,0.0,29.0,12.0,527
379,32.0,34:38,0.429,0.5,4.0,3.0,0.0,0.0,24.0,3.0,551
379,33.0,38:01,0.542,0.545,3.0,0.0,2.0,1.0,38.0,-1.0,558
379,34.0,36:32,0.42100000000000004,0.375,1.0,7.0,0.0,0.0,27.0,-14.0,577
379,35.0,38:00,0.483,0.455,5.0,5.0,0.0,0.0,38.0,3.0,588
379,36.0,36:16,0.429,0.385,4.0,9.0,0.0,0.0,28.0,13.0,602
379,37.0,31:11,0.56,0.467,5.0,4.0,0.0,0.0,35.0,14.0,623
379,38.0,36:58,0.48,0.41700000000000004,3.0,2.0,1.0,0.0,39.0,5.0,635
379,39.0,43:32,0.5,0.364,3.0,6.0,0.0,0.0,41.0,-10.0,655
379,40.0,34:58,0.368,0.16699999999999998,1.0,13.0,2.0,0.0,25.0,-8.0,681
379,41.0,38:04,0.556,0.4,5.0,9.0,1.0,0.0,38.0,16.0,686
379,42.0,24:42,0.6,0.375,3.0,9.0,3.0,1.0,21.0,21.0,701
379,43.0,40:39,0.524,0.545,3.0,8.0,1.0,0.0,37.0,-1.0,711
379,44.0,37:14,0.478,0.364,0.0,8.0,2.0,0.0,41.0,-10.0,727
379,45.0,37:56,0.545,0.41700000000000004,4.0,7.0,0.0,0.0,44.0,16.0,738
379,46.0,37:41,0.542,0.455,2.0,4.0,1.0,0.0,38.0,3.0,757
379,47.0,35:40,0.389,0.273,2.0,8.0,2.0,0.0,28.0,9.0,772
379,48.0,33:08,0.375,0.364,4.0,7.0,0.0,0.0,26.0,-1.0,799
379,49.0,38:09,0.423,0.182,1.0,4.0,1.0,0.0,34.0,15.0,804
379,50.0,35:13,0.563,0.5710000000000001,2.0,5.0,0.0,0.0,29.0,8.0,821
379,51.0,34:12,0.474,0.4,1.0,8.0,0.0,0.0,29.0,12.0,832
379,52.0,33:57,0.474,0.5710000000000001,4.0,3.0,0.0,0.0,33.0,11.0,842
379,53.0,34:12,0.444,0.444,3.0,7.0,0.0,0.0,29.0,-10.0,855
379,54.0,35:08,0.353,0.3,3.0,5.0,0.0,0.0,20.0,-17.0,1234
379,55.0,34:50,0.435,0.41700000000000004,2.0,3.0,3.0,0.0,33.0,7.0,1255
379,56.0,30:24,0.19,0.16699999999999998,7.0,7.0,0.0,1.0,19.0,-6.0,1261
379,57.0,34:36,0.5,0.33299999999999996,2.0,5.0,2.0,1.0,31.0,13.0,862
379,58.0,25:43,0.462,0.2,2.0,8.0,0.0,0.0,18.0,22.0,879
379,59.0,32:29,0.4,0.41700000000000004,2.0,5.0,2.0,0.0,35.0,-9.0,890
379,60.0,34:47,0.526,0.5,2.0,5.0,3.0,0.0,32.0,1.0,905
379,61.0,34:22,0.35,0.4,0.0,3.0,3.0,0.0,25.0,3.0,919
379,62.0,33:55,0.5,0.16699999999999998,2.0,5.0,0.0,0.0,21.0,-6.0,930
379,63.0,24:18,0.643,0.5,1.0,2.0,3.0,0.0,22.0,13.0,945
379,64.0,31:54,0.5329999999999999,0.444,3.0,4.0,1.0,0.0,27.0,19.0,966
379,no play,,,,,,,,,,982
379,no play,,,,,,,,,,997
379,65.0,34:42,0.368,0.2,4.0,4.0,1.0,0.0,25.0,15.0,1007
379,66.0,33:22,0.429,0.4,0.0,5.0,1.0,1.0,25.0,6.0,1020
379,67.0,32:43,0.5,0.33299999999999996,2.0,7.0,0.0,0.0,34.0,24.0,1036
379,68.0,34:49,0.556,0.33299999999999996,2.0,3.0,0.0,0.0,30.0,21.0,1053
379,69.0,36:34,0.529,0.556,5.0,4.0,3.0,0.0,32.0,16.0,1073
379,70.0,36:29,0.435,0.4,3.0,7.0,1.0,1.0,35.0,-1.0,1089
379,71.0,23:53,0.545,0.444,2.0,6.0,1.0,0.0,19.0,10.0,1102
379,72.0,32:43,0.474,0.125,4.0,6.0,0.0,1.0,26.0,-10.0,1130
379,73.0,34:59,0.47600000000000003,0.5,5.0,4.0,0.0,1.0,35.0,-19.0,1138
379,74.0,34:25,0.556,0.455,2.0,6.0,1.0,0.0,32.0,11.0,1150
379,75.0,29:47,0.47600000000000003,0.2,4.0,3.0,1.0,0.0,27.0,16.0,1165
379,76.0,22:41,0.273,0.33299999999999996,4.0,8.0,1.0,1.0,13.0,3.0,1180
