Player_ID,G,MP,FG%,3P%,TRB,AST,STL,BLK,PTS,+/-,Game_ID
131,1.0,33:15,0.3,0.0,1.0,7.0,1.0,0.0,6.0,-19.0,3
131,2.0,26:00,0.615,,2.0,8.0,1.0,0.0,16.0,21.0,16
131,3.0,31:09,0.294,0.0,2.0,7.0,0.0,0.0,11.0,9.0,34
131,4.0,31:37,0.35700000000000004,,2.0,8.0,1.0,0.0,10.0,8.0,46
131,5.0,31:02,0.33299999999999996,1.0,2.0,7.0,1.0,0.0,9.0,-3.0,53
131,6.0,28:18,0.385,0.0,5.0,8.0,3.0,0.0,11.0,6.0,78
131,7.0,23:39,0.111,,1.0,3.0,0.0,0.0,2.0,-24.0,94
131,8.0,32:16,0.231,0.0,3.0,7.0,4.0,2.0,9.0,-8.0,109
131,9.0,29:52,0.6,0.0,4.0,4.0,0.0,0.0,12.0,-9.0,123
131,10.0,29:24,0.41700000000000004,,3.0,8.0,2.0,0.0,10.0,10.0,134
131,11.0,30:06,0.5,,6.0,3.0,2.0,1.0,11.0,4.0,143
131,12.0,35:04,0.857,1.0,2.0,8.0,1.0,0.0,14.0,2.0,158
131,13.0,23:28,0.111,,3.0,6.0,1.0,1.0,4.0,-22.0,172
131,14.0,32:38,0.5,0.0,4.0,7.0,1.0,1.0,12.0,-6.0,184
131,15.0,31:25,0.33299999999999996,0.667,4.0,8.0,0.0,1.0,10.0,-9.0,199
131,16.0,18:08,0.33299999999999996,,3.0,2.0,0.0,0.0,6.0,25.0,214
131,17.0,34:11,0.462,1.0,2.0,7.0,1.0,0.0,16.0,9.0,241
131,18.0,30:50,0.545,,1.0,3.0,0.0,0.0,14.0,-18.0,253
131,19.0,24:43,0.6,0.0,2.0,3.0,1.0,0.0,13.0,17.0,271
131,20.0,35:57,0.75,0.0,8.0,8.0,0.0,1.0,19.0,12.0,277
131,21.0,28:40,0.5,0.33299999999999996,5.0,13.0,1.0,0.0,11.0,25.0,298
131,22.0,25:09,0.5,0.0,1.0,2.0,0.0,0.0,11.0,-10.0,310
131,23.0,29:43,0.182,0.0,5.0,10.0,0.0,0.0,7.0,14.0,327
131,24.0,22:22,0.14300000000000002,,3.0,2.0,0.0,2.0,2.0,-12.0,1192
131,25.0,15:01,0.6,1.0,1.0,6.0,2.0,0.0,8.0,17.0,342
131,26.0,23:13,0.4,0.0,2.0,3.0,0.0,0.0,4.0,-14.0,356
131,27.0,18:03,0.4,0.0,4.0,6.0,0.0,0.0,5.0,9.0,381
131,28.0,17:40,0.5,0.0,2.0,3.0,0.0,0.0,6.0,-2.0,389
131,29.0,18:45,0.25,0.0,1.0,3.0,0.0,0.0,3.0,-7.0,400
131,30.0,18:12,0.28600000000000003,0.0,3.0,7.0,0.0,0.0,4.0,-8.0,414
131,31.0,22:26,0.429,0.0,4.0,3.0,0.0,0.0,8.0,-15.0,431
131,32.0,17:45,0.5710000000000001,1.0,1.0,3.0,1.0,0.0,9.0,-5.0,446
131,33.0,17:40,0.5710000000000001,1.0,2.0,5.0,2.0,1.0,9.0,7.0,469
131,34.0,20:32,0.2,0.0,0.0,4.0,1.0,0.0,2.0,-3.0,484
131,35.0,25:23,0.429,0.25,4.0,3.0,1.0,0.0,7.0,-13.0,503
131,36.0,15:21,0.0,0.0,4.0,2.0,0.0,1.0,0.0,8.0,514
131,37.0,15:56,0.5,0.5,0.0,4.0,0.0,0.0,3.0,-2.0,528
131,38.0,18:31,0.16699999999999998,0.0,5.0,2.0,0.0,2.0,2.0,0.0,543
131,39.0,20:42,0.667,1.0,2.0,3.0,1.0,0.0,9.0,-1.0,571
131,40.0,17:21,0.4,0.0,1.0,0.0,2.0,0.0,6.0,4.0,584
131,41.0,15:41,0.28600000000000003,0.0,1.0,2.0,0.0,1.0,4.0,-7.0,596
131,no play,,,,,,,,,,605
131,42.0,20:08,0.429,0.0,1.0,6.0,2.0,0.0,6.0,17.0,617
131,43.0,17:53,0.6,0.0,3.0,4.0,0.0,0.0,6.0,13.0,638
131,44.0,16:20,0.5,,2.0,4.0,1.0,0.0,9.0,-1.0,656
131,45.0,13:03,0.5,,2.0,3.0,1.0,0.0,2.0,-9.0,674
131,46.0,17:04,0.444,,2.0,2.0,0.0,0.0,8.0,-8.0,710
131,47.0,19:10,0.857,,3.0,2.0,0.0,2.0,12.0,6.0,727
131,48.0,27:17,0.857,0.5,3.0,7.0,0.0,0.0,15.0,36.0,741
131,49.0,20:43,0.625,0.0,3.0,5.0,1.0,0.0,10.0,-4.0,754
131,50.0,21:08,0.4,0.0,3.0,6.0,0.0,1.0,4.0,4.0,763
131,51.0,20:07,0.5,,1.0,4.0,1.0,1.0,11.0,-4.0,779
131,52.0,20:34,0.833,,4.0,7.0,2.0,0.0,10.0,10.0,792
131,53.0,18:31,0.667,1.0,3.0,4.0,0.0,2.0,15.0,2.0,807
131,54.0,31:02,0.6,0.5,5.0,5.0,0.0,1.0,15.0,26.0,824
131,55.0,16:34,0.25,,3.0,1.0,0.0,0.0,3.0,-11.0,830
131,56.0,20:22,0.4,0.0,2.0,3.0,0.0,1.0,10.0,3.0,845
131,57.0,33:02,0.16699999999999998,0.0,6.0,15.0,1.0,1.0,5.0,20.0,1227
131,58.0,14:22,0.2,,4.0,3.0,0.0,1.0,2.0,8.0,1255
131,59.0,29:15,0.385,0.0,1.0,7.0,7.0,1.0,12.0,16.0,1266
131,60.0,18:57,0.5,0.0,1.0,3.0,2.0,0.0,8.0,-8.0,861
131,61.0,22:36,0.625,0.0,4.0,13.0,0.0,1.0,11.0,22.0,880
131,62.0,17:43,0.444,0.0,2.0,7.0,1.0,0.0,8.0,7.0,899
131,63.0,25:02,0.16699999999999998,0.0,4.0,6.0,0.0,1.0,2.0,-6.0,916
131,64.0,16:55,0.556,1.0,3.0,3.0,1.0,0.0,12.0,-8.0,920
131,65.0,17:45,0.222,,3.0,6.0,1.0,0.0,4.0,8.0,935
131,66.0,20:39,0.5,,1.0,3.0,1.0,0.0,12.0,-19.0,959
131,67.0,27:38,0.667,,3.0,3.0,0.0,0.0,16.0,5.0,968
131,68.0,20:10,0.222,0.0,3.0,3.0,1.0,1.0,4.0,-3.0,983
131,69.0,23:13,0.222,1.0,3.0,6.0,0.0,1.0,6.0,8.0,998
131,70.0,27:50,0.5329999999999999,0.0,7.0,4.0,3.0,1.0,16.0,10.0,1012
131,71.0,25:10,0.4,1.0,1.0,7.0,3.0,0.0,9.0,-9.0,1021
131,72.0,15:34,0.429,,3.0,0.0,0.0,0.0,6.0,-13.0,1034
131,73.0,35:02,0.429,0.667,6.0,5.0,1.0,0.0,15.0,-10.0,1058
131,74.0,31:05,0.5379999999999999,0.0,4.0,6.0,0.0,0.0,19.0,3.0,1067
131,75.0,31:56,0.5,0.75,6.0,5.0,0.0,1.0,21.0,-11.0,1081
131,76.0,31:45,0.35,0.33299999999999996,4.0,5.0,0.0,0.0,16.0,-21.0,1090
131,77.0,29:37,0.5379999999999999,,4.0,6.0,0.0,1.0,16.0,1.0,1127
131,78.0,29:30,0.529,0.0,3.0,5.0,0.0,0.0,20.0,-12.0,1143
131,79.0,26:47,0.41700000000000004,0.0,2.0,7.0,0.0,0.0,11.0,9.0,1162
131,80.0,31:52,0.5,0.0,2.0,9.0,0.0,1.0,16.0,-3.0,1169
131,81.0,34:45,0.4,0.16699999999999998,4.0,10.0,0.0,0.0,20.0,-12.0,1178
