Player_ID,G,MP,FG%,3P%,TRB,AST,STL,BLK,PTS,+/-,Game_ID
29,1.0,15:42,0.4,,3.0,0.0,0.0,1.0,8.0,0.0,7
29,2.0,15:16,0.28600000000000003,,4.0,1.0,1.0,0.0,8.0,-5.0,22
29,no play,,,,,,,,,,44
29,3.0,24:10,0.5,,5.0,1.0,1.0,0.0,12.0,-14.0,52
29,4.0,22:45,0.636,,5.0,0.0,1.0,3.0,14.0,12.0,76
29,5.0,22:29,0.5,,4.0,1.0,0.0,1.0,15.0,-23.0,89
29,6.0,23:55,0.636,,3.0,1.0,1.0,2.0,15.0,-6.0,106
29,7.0,2:49,0.0,,1.0,1.0,0.0,0.0,0.0,-5.0,117
29,8.0,23:38,0.5379999999999999,,6.0,2.0,0.0,1.0,18.0,0.0,128
29,9.0,21:30,0.182,,3.0,1.0,0.0,2.0,4.0,-20.0,145
29,10.0,20:22,0.727,,5.0,2.0,0.0,0.0,19.0,7.0,154
29,11.0,22:16,0.4,,2.0,0.0,0.0,0.0,7.0,-6.0,168
29,12.0,19:10,0.75,,1.0,2.0,0.0,3.0,6.0,4.0,185
29,13.0,24:42,0.5379999999999999,,3.0,1.0,0.0,1.0,15.0,1.0,195
29,14.0,26:10,0.16699999999999998,,1.0,0.0,1.0,3.0,2.0,-13.0,208
29,15.0,26:45,0.455,,6.0,1.0,1.0,1.0,10.0,-27.0,240
29,16.0,22:49,0.636,,9.0,1.0,0.0,0.0,14.0,-1.0,256
29,17.0,24:38,0.5,,5.0,0.0,0.0,1.0,15.0,-21.0,265
29,18.0,27:54,0.8,,13.0,0.0,0.0,2.0,16.0,-19.0,292
29,19.0,32:52,0.667,,4.0,3.0,1.0,1.0,15.0,0.0,304
29,no play,,,,,,,,,,314
29,no play,,,,,,,,,,328
29,no play,,,,,,,,,,334
29,20.0,26:32,0.667,,9.0,1.0,1.0,2.0,14.0,21.0,356
29,21.0,30:04,0.667,,4.0,3.0,0.0,2.0,17.0,-7.0,374
29,22.0,23:56,0.5710000000000001,,8.0,0.0,1.0,0.0,14.0,-15.0,396
29,23.0,28:08,0.0,,10.0,2.0,0.0,1.0,3.0,-9.0,409
29,24.0,25:25,0.625,,7.0,1.0,0.0,2.0,11.0,-2.0,418
29,25.0,20:11,0.75,,4.0,1.0,0.0,1.0,6.0,-4.0,453
29,26.0,19:33,0.6,,2.0,2.0,1.0,0.0,6.0,-9.0,476
29,27.0,24:01,0.4,,4.0,2.0,0.0,0.0,13.0,-17.0,494
29,no play,,,,,,,,,,505
29,28.0,10:10,0.33299999999999996,,4.0,0.0,0.0,1.0,2.0,-9.0,526
29,no play,,,,,,,,,,551
29,no play,,,,,,,,,,564
29,no play,,,,,,,,,,585
29,no play,,,,,,,,,,597
29,29.0,35:28,0.625,,9.0,0.0,1.0,1.0,26.0,-7.0,609
29,30.0,20:09,0.8,,2.0,1.0,1.0,0.0,10.0,-4.0,620
29,no play,,,,,,,,,,632
29,no play,,,,,,,,,,646
29,31.0,29:43,0.625,,4.0,1.0,1.0,3.0,12.0,0.0,658
29,no play,,,,,,,,,,680
29,no play,,,,,,,,,,689
29,no play,,,,,,,,,,707
29,no play,,,,,,,,,,721
29,32.0,21:38,0.455,,4.0,2.0,0.0,0.0,15.0,-6.0,724
29,33.0,24:29,0.43799999999999994,,1.0,1.0,0.0,0.0,16.0,-17.0,742
29,34.0,25:08,0.33299999999999996,,9.0,3.0,0.0,0.0,9.0,-13.0,750
29,no play,,,,,,,,,,764
29,35.0,25:46,0.636,,4.0,0.0,1.0,0.0,16.0,-15.0,779
29,36.0,24:39,0.5,,8.0,0.0,0.0,2.0,20.0,-12.0,788
29,37.0,22:28,0.375,,2.0,0.0,0.0,1.0,7.0,-14.0,801
29,no play,,,,,,,,,,816
29,no play,,,,,,,,,,826
29,38.0,17:07,0.4,,4.0,2.0,0.0,3.0,4.0,-2.0,842
29,39.0,21:31,0.5,,2.0,2.0,0.0,0.0,11.0,-9.0,1232
29,40.0,28:45,0.579,,10.0,1.0,0.0,0.0,28.0,2.0,1244
29,41.0,17:23,0.667,,3.0,1.0,0.0,0.0,4.0,-15.0,1259
29,42.0,22:28,0.273,,7.0,2.0,0.0,1.0,6.0,-16.0,859
29,43.0,19:51,0.5,,8.0,1.0,0.0,1.0,12.0,10.0,870
29,no play,,,,,,,,,,880
29,no play,,,,,,,,,,895
29,44.0,28:43,0.5,,8.0,1.0,1.0,0.0,16.0,-3.0,923
29,45.0,20:59,0.6,,4.0,4.0,3.0,0.0,14.0,-5.0,934
29,46.0,26:42,0.667,,4.0,2.0,1.0,1.0,23.0,16.0,950
29,47.0,23:27,0.5,,6.0,1.0,1.0,4.0,22.0,-3.0,963
29,48.0,21:28,0.5,,3.0,1.0,0.0,1.0,10.0,1.0,980
29,49.0,11:32,0.5,,1.0,0.0,0.0,0.0,4.0,-11.0,997
29,no play,,,,,,,,,,1005
29,50.0,16:43,0.5,,2.0,2.0,0.0,0.0,6.0,-16.0,1022
29,no play,,,,,,,,,,1037
29,no play,,,,,,,,,,1052
29,no play,,,,,,,,,,1065
29,no play,,,,,,,,,,1071
29,no play,,,,,,,,,,1088
29,no play,,,,,,,,,,1108
29,no play,,,,,,,,,,1115
29,no play,,,,,,,,,,1134
29,no play,,,,,,,,,,1152
29,no play,,,,,,,,,,1164
29,no play,,,,,,,,,,1181
