Player_ID,G,MP,FG%,3P%,TRB,AST,STL,BLK,PTS,+/-,Game_ID
76,1.0,12:47,0.25,,2.0,0.0,0.0,0.0,2.0,-4.0,3
76,2.0,10:49,0.6,,7.0,0.0,0.0,0.0,7.0,8.0,14
76,3.0,17:24,0.0,,5.0,0.0,0.0,2.0,1.0,-3.0,38
76,4.0,17:23,,,5.0,0.0,1.0,1.0,0.0,9.0,51
76,5.0,20:04,0.25,,6.0,0.0,1.0,0.0,4.0,6.0,67
76,6.0,18:26,0.75,,4.0,2.0,0.0,0.0,6.0,-5.0,85
76,7.0,19:02,0.5,,2.0,0.0,0.0,1.0,4.0,-21.0,108
76,no play,,,,,,,,,,119
76,no play,,,,,,,,,,127
76,no play,,,,,,,,,,149
76,no play,,,,,,,,,,161
76,8.0,15:52,1.0,,6.0,0.0,1.0,0.0,6.0,-2.0,177
76,no play,,,,,,,,,,192
76,no play,,,,,,,,,,203
76,no play,,,,,,,,,,215
76,no play,,,,,,,,,,243
76,9.0,3:34,,,1.0,0.0,0.0,0.0,2.0,0.0,265
76,no play,,,,,,,,,,278
76,10.0,5:38,0.0,,2.0,2.0,0.0,0.0,0.0,7.0,294
76,11.0,4:10,0.5,,1.0,0.0,1.0,1.0,2.0,6.0,303
76,no play,,,,,,,,,,315
76,no play,,,,,,,,,,331
76,no play,,,,,,,,,,339
76,12.0,2:36,1.0,,1.0,0.0,0.0,0.0,2.0,2.0,362
76,13.0,6:52,0.0,,0.0,0.0,0.0,0.0,0.0,-7.0,374
76,no play,,,,,,,,,,392
76,14.0,5:23,0.0,,2.0,0.0,1.0,0.0,0.0,-3.0,410
76,15.0,5:03,0.0,,2.0,0.0,0.0,0.0,0.0,-5.0,420
76,no play,,,,,,,,,,452
76,no play,,,,,,,,,,474
76,no play,,,,,,,,,,490
76,no play,,,,,,,,,,495
76,16.0,8:47,1.0,,2.0,0.0,0.0,0.0,4.0,15.0,517
76,17.0,25:34,0.25,,9.0,0.0,2.0,0.0,4.0,-8.0,530
76,18.0,6:18,,,1.0,0.0,0.0,1.0,0.0,-5.0,542
76,19.0,1:25,,,1.0,0.0,0.0,0.0,0.0,5.0,559
76,no play,,,,,,,,,,567
76,20.0,6:28,1.0,,0.0,0.0,0.0,0.0,2.0,-8.0,577
76,21.0,8:23,0.5,,1.0,0.0,1.0,0.0,4.0,-5.0,598
76,22.0,3:56,0.0,,0.0,0.0,0.0,0.0,0.0,-14.0,612
76,23.0,14:49,1.0,,2.0,1.0,0.0,1.0,2.0,5.0,627
76,24.0,3:52,,,1.0,0.0,0.0,0.0,0.0,-3.0,632
76,25.0,9:07,,,4.0,0.0,0.0,1.0,0.0,-12.0,647
76,no play,,,,,,,,,,668
76,no play,,,,,,,,,,679
76,no play,,,,,,,,,,690
76,no play,,,,,,,,,,702
76,no play,,,,,,,,,,720
76,no play,,,,,,,,,,731
76,26.0,9:27,1.0,,4.0,0.0,0.0,0.0,4.0,-4.0,738
76,no play,,,,,,,,,,752
76,27.0,7:20,0.0,,0.0,0.0,0.0,0.0,0.0,-5.0,771
76,28.0,9:19,0.5,,3.0,0.0,0.0,0.0,3.0,1.0,777
76,29.0,15:37,1.0,,4.0,1.0,1.0,0.0,4.0,3.0,796
76,30.0,19:31,0.667,,4.0,0.0,1.0,0.0,5.0,8.0,824
76,31.0,17:52,1.0,,1.0,1.0,0.0,1.0,4.0,-8.0,837
76,32.0,12:00,0.33299999999999996,,6.0,2.0,0.0,0.0,2.0,22.0,843
76,no play,,,,,,,,,,1234
76,33.0,5:56,0.0,,1.0,0.0,0.0,0.0,0.0,6.0,1254
76,34.0,0:54,,,0.0,0.0,0.0,0.0,0.0,-5.0,1258
76,35.0,6:47,1.0,,2.0,0.0,0.0,0.0,2.0,-2.0,857
76,no play,,,,,,,,,,871
76,36.0,1:52,,,0.0,0.0,0.0,0.0,0.0,-4.0,881
76,37.0,8:22,1.0,,2.0,0.0,0.0,0.0,2.0,-6.0,913
76,no play,,,,,,,,,,929
76,38.0,19:08,0.375,,9.0,0.0,0.0,0.0,6.0,3.0,939
76,39.0,12:22,1.0,,2.0,1.0,2.0,1.0,4.0,7.0,952
76,40.0,16:42,0.667,,2.0,0.0,0.0,2.0,6.0,-11.0,975
76,41.0,13:05,0.0,,6.0,0.0,0.0,0.0,0.0,-6.0,983
76,42.0,23:23,0.667,,7.0,0.0,1.0,2.0,12.0,14.0,1000
76,43.0,13:01,,,5.0,0.0,0.0,0.0,0.0,-1.0,1011
76,44.0,23:29,0.5,,6.0,0.0,0.0,0.0,4.0,30.0,1028
76,45.0,17:58,1.0,,3.0,0.0,1.0,1.0,4.0,7.0,1044
76,46.0,12:57,0.833,,4.0,0.0,0.0,0.0,12.0,-7.0,1057
76,47.0,6:08,0.0,,4.0,0.0,0.0,0.0,0.0,-9.0,1074
76,48.0,14:15,0.0,,1.0,0.0,0.0,0.0,0.0,-1.0,1086
76,49.0,19:57,0.833,,5.0,0.0,2.0,2.0,12.0,-3.0,1108
76,50.0,11:51,1.0,,3.0,0.0,1.0,2.0,8.0,-5.0,1118
76,51.0,12:53,0.5,,1.0,0.0,0.0,0.0,4.0,0.0,1127
76,52.0,3:29,,,1.0,0.0,0.0,0.0,0.0,-4.0,1141
76,53.0,14:15,1.0,,7.0,0.0,0.0,0.0,8.0,16.0,1157
76,54.0,22:53,1.0,,5.0,2.0,0.0,1.0,7.0,-3.0,1179
