Player_ID,G,MP,FG%,3P%,TRB,AST,STL,BLK,PTS,+/-,Game_ID
206,1.0,25:12,0.5,0.5,2.0,6.0,0.0,0.0,11.0,0.0,0
206,2.0,23:17,0.0,0.0,6.0,1.0,0.0,1.0,0.0,-11.0,18
206,3.0,14:05,0.0,,2.0,1.0,1.0,0.0,0.0,-7.0,33
206,4.0,18:00,0.2,0.0,7.0,1.0,1.0,1.0,4.0,5.0,45
206,5.0,19:22,0.5,0.33299999999999996,3.0,2.0,0.0,1.0,11.0,-10.0,67
206,6.0,24:38,0.41700000000000004,0.33299999999999996,6.0,1.0,1.0,2.0,18.0,14.0,93
206,7.0,20:50,0.4,0.33299999999999996,4.0,1.0,0.0,1.0,5.0,-6.0,114
206,8.0,30:04,0.857,1.0,4.0,4.0,1.0,0.0,15.0,2.0,132
206,9.0,18:23,0.5,0.5,5.0,0.0,1.0,2.0,7.0,-11.0,146
206,10.0,26:16,0.625,0.6,4.0,0.0,1.0,1.0,13.0,9.0,150
206,11.0,30:16,0.444,0.25,10.0,3.0,1.0,2.0,9.0,24.0,166
206,12.0,26:32,0.875,0.667,3.0,1.0,1.0,2.0,17.0,-13.0,182
206,13.0,17:11,0.429,0.0,3.0,1.0,0.0,0.0,9.0,-4.0,195
206,14.0,34:57,0.5,0.5,4.0,2.0,2.0,2.0,15.0,-11.0,214
206,15.0,31:14,0.4,0.75,6.0,1.0,0.0,2.0,13.0,-2.0,244
206,16.0,31:57,0.5,0.0,4.0,3.0,0.0,1.0,10.0,-3.0,254
206,17.0,20:45,0.222,0.2,3.0,0.0,1.0,0.0,5.0,-6.0,267
206,18.0,32:59,0.33299999999999996,0.0,7.0,5.0,3.0,2.0,10.0,10.0,283
206,19.0,24:28,0.733,0.5,6.0,3.0,1.0,1.0,24.0,9.0,290
206,20.0,17:21,0.2,0.0,4.0,1.0,0.0,0.0,2.0,-20.0,308
206,no play,,,,,,,,,,326
206,no play,,,,,,,,,,1195
206,no play,,,,,,,,,,338
206,no play,,,,,,,,,,350
206,21.0,30:14,0.667,0.0,5.0,3.0,0.0,0.0,14.0,7.0,363
206,22.0,25:08,0.667,1.0,3.0,6.0,0.0,0.0,14.0,15.0,377
206,23.0,21:43,0.455,0.0,7.0,2.0,0.0,1.0,12.0,1.0,397
206,24.0,18:43,0.75,1.0,2.0,2.0,1.0,0.0,7.0,-10.0,411
206,25.0,27:42,0.5,0.33299999999999996,8.0,6.0,0.0,0.0,12.0,0.0,422
206,26.0,25:59,0.727,0.6,8.0,6.0,0.0,1.0,19.0,1.0,440
206,27.0,22:22,0.33299999999999996,0.5,10.0,2.0,0.0,1.0,11.0,-14.0,449
206,28.0,24:44,0.462,0.2,5.0,2.0,2.0,0.0,16.0,-15.0,478
206,29.0,17:54,0.28600000000000003,0.0,4.0,2.0,1.0,1.0,6.0,-1.0,491
206,30.0,23:50,0.615,0.5710000000000001,3.0,6.0,2.0,2.0,22.0,-1.0,499
206,31.0,33:54,0.462,0.8,7.0,3.0,1.0,1.0,20.0,-4.0,514
206,no play,,,,,,,,,,532
206,32.0,25:29,0.5,0.667,6.0,6.0,0.0,3.0,14.0,10.0,540
206,33.0,33:36,0.636,0.5710000000000001,5.0,1.0,2.0,2.0,20.0,-21.0,554
206,34.0,26:32,0.4,0.4,6.0,3.0,1.0,1.0,12.0,1.0,566
206,35.0,29:33,0.429,0.14300000000000002,2.0,6.0,2.0,0.0,14.0,-20.0,583
206,36.0,37:56,0.5710000000000001,0.5,2.0,12.0,0.0,2.0,10.0,1.0,599
206,37.0,31:07,0.429,0.25,8.0,6.0,3.0,0.0,15.0,-5.0,628
206,38.0,32:21,0.16699999999999998,0.0,7.0,4.0,0.0,0.0,5.0,-5.0,642
206,39.0,34:23,0.25,0.0,3.0,6.0,1.0,0.0,7.0,14.0,660
206,40.0,27:13,0.5,0.5,2.0,4.0,0.0,2.0,9.0,-9.0,673
206,41.0,19:14,0.5,0.33299999999999996,2.0,0.0,3.0,0.0,8.0,-2.0,687
206,42.0,30:46,0.2,0.0,9.0,9.0,1.0,1.0,6.0,-4.0,704
206,43.0,31:57,0.5379999999999999,0.0,8.0,5.0,2.0,1.0,18.0,25.0,710
206,44.0,33:04,0.545,0.667,5.0,5.0,2.0,3.0,17.0,12.0,725
206,45.0,23:00,0.5379999999999999,0.33299999999999996,2.0,3.0,1.0,3.0,16.0,9.0,740
206,46.0,15:33,0.8,0.0,6.0,3.0,2.0,0.0,10.0,9.0,764
206,47.0,29:05,0.556,0.5,4.0,5.0,0.0,1.0,11.0,1.0,781
206,48.0,30:13,0.583,0.4,4.0,4.0,2.0,2.0,20.0,15.0,793
206,49.0,34:44,0.647,0.0,8.0,2.0,1.0,3.0,26.0,17.0,805
206,50.0,36:08,0.5329999999999999,0.25,4.0,3.0,0.0,2.0,26.0,10.0,816
206,51.0,28:27,0.556,0.5,3.0,3.0,0.0,3.0,15.0,6.0,829
206,52.0,30:31,0.3,0.0,6.0,5.0,1.0,0.0,6.0,-1.0,847
206,53.0,16:20,0.0,0.0,2.0,5.0,1.0,0.0,2.0,6.0,1239
206,54.0,28:52,0.429,0.4,7.0,8.0,2.0,2.0,15.0,12.0,1245
206,55.0,30:47,0.33299999999999996,0.0,5.0,2.0,1.0,1.0,8.0,-9.0,1262
206,56.0,25:37,0.545,0.0,4.0,3.0,1.0,2.0,14.0,15.0,859
206,57.0,34:01,0.643,0.33299999999999996,4.0,6.0,2.0,2.0,19.0,1.0,872
206,58.0,17:38,0.6,0.5,4.0,4.0,1.0,1.0,8.0,23.0,882
206,no play,,,,,,,,,,897
206,59.0,29:31,0.444,0.4,6.0,5.0,1.0,3.0,10.0,13.0,911
206,60.0,27:31,0.4,0.0,5.0,5.0,1.0,2.0,12.0,5.0,939
206,61.0,31:55,0.375,0.2,4.0,0.0,0.0,0.0,14.0,1.0,947
206,62.0,24:48,0.429,1.0,4.0,4.0,0.0,0.0,10.0,14.0,967
206,63.0,27:25,0.667,0.5,2.0,6.0,2.0,1.0,17.0,25.0,985
206,64.0,30:46,0.6920000000000001,0.667,7.0,5.0,2.0,2.0,24.0,-12.0,1001
206,65.0,22:53,0.33299999999999996,0.5,1.0,1.0,1.0,1.0,10.0,13.0,1013
206,66.0,30:50,0.214,0.16699999999999998,4.0,3.0,2.0,4.0,10.0,-19.0,1028
206,67.0,28:46,0.41200000000000003,0.0,5.0,6.0,1.0,2.0,20.0,8.0,1053
206,68.0,32:52,0.455,0.5,6.0,2.0,0.0,0.0,16.0,-5.0,1067
206,69.0,27:23,0.545,1.0,7.0,4.0,3.0,2.0,18.0,11.0,1075
206,70.0,27:12,0.3,0.25,4.0,1.0,3.0,0.0,12.0,3.0,1093
206,71.0,28:40,0.5,0.5,3.0,6.0,0.0,0.0,9.0,-12.0,1110
206,72.0,32:15,0.833,0.857,4.0,3.0,2.0,0.0,26.0,23.0,1126
206,73.0,38:07,0.47100000000000003,0.2,10.0,3.0,3.0,2.0,22.0,-2.0,1141
206,74.0,37:18,0.429,0.0,11.0,5.0,1.0,1.0,15.0,7.0,1153
206,75.0,36:01,0.41200000000000003,0.14300000000000002,2.0,9.0,0.0,0.0,16.0,-2.0,1166
206,76.0,36:42,0.455,0.0,8.0,8.0,0.0,1.0,12.0,6.0,1182
