Player_ID,G,MP,FG%,3P%,TRB,AST,STL,BLK,PTS,+/-,Game_ID
441,1.0,37:11,0.474,0.14300000000000002,7.0,17.0,1.0,0.0,34.0,10.0,9
441,2.0,35:51,0.5,0.444,7.0,8.0,1.0,0.0,26.0,7.0,19
441,3.0,38:37,0.348,0.33299999999999996,7.0,8.0,1.0,0.0,28.0,1.0,36
441,4.0,38:10,0.65,0.556,7.0,15.0,1.0,0.0,41.0,10.0,42
441,5.0,33:56,0.563,0.41700000000000004,6.0,15.0,2.0,0.0,30.0,21.0,54
441,6.0,36:55,0.526,0.5,9.0,11.0,3.0,0.0,30.0,-8.0,80
441,7.0,39:48,0.474,0.429,5.0,15.0,0.0,0.0,32.0,8.0,90
441,8.0,40:50,0.474,0.2,12.0,15.0,1.0,0.0,24.0,12.0,110
441,9.0,38:56,0.389,0.222,11.0,13.0,0.0,0.0,25.0,1.0,130
441,10.0,33:01,0.6,0.5,7.0,9.0,1.0,1.0,33.0,22.0,145
441,11.0,36:44,0.25,0.2,7.0,13.0,3.0,0.0,13.0,-5.0,160
441,12.0,31:37,0.41200000000000003,0.375,12.0,14.0,3.0,0.0,26.0,23.0,167
441,13.0,34:55,0.41700000000000004,0.4,4.0,10.0,0.0,2.0,31.0,-2.0,180
441,14.0,37:38,0.353,0.222,8.0,11.0,0.0,1.0,28.0,6.0,199
441,15.0,40:32,0.5379999999999999,0.375,6.0,15.0,2.0,1.0,29.0,-12.0,215
441,16.0,39:59,0.33299999999999996,0.273,9.0,10.0,0.0,0.0,23.0,10.0,250
441,17.0,34:29,0.5,0.41700000000000004,2.0,10.0,2.0,1.0,38.0,8.0,262
441,18.0,35:08,0.348,0.33299999999999996,5.0,7.0,2.0,0.0,26.0,-19.0,276
441,19.0,45:48,0.348,0.182,15.0,13.0,2.0,1.0,29.0,-6.0,291
441,20.0,33:15,0.375,0.2,7.0,9.0,1.0,1.0,20.0,12.0,300
441,21.0,35:19,0.5710000000000001,0.6,8.0,7.0,3.0,0.0,37.0,3.0,321
441,22.0,29:47,0.5710000000000001,0.5710000000000001,6.0,7.0,4.0,0.0,25.0,19.0,1197
441,23.0,36:45,0.261,0.182,9.0,12.0,2.0,0.0,21.0,1.0,341
441,24.0,39:55,0.33299999999999996,0.25,9.0,17.0,2.0,0.0,18.0,20.0,352
441,25.0,38:30,0.444,0.364,8.0,11.0,2.0,0.0,36.0,-2.0,364
441,26.0,29:52,0.5710000000000001,0.5,11.0,14.0,1.0,0.0,15.0,29.0,380
441,27.0,33:50,0.467,0.5,11.0,13.0,0.0,0.0,29.0,14.0,395
441,28.0,42:54,0.4,0.273,9.0,13.0,1.0,2.0,28.0,4.0,403
441,29.0,36:48,0.385,0.091,10.0,7.0,1.0,0.0,31.0,1.0,425
441,30.0,34:46,0.444,0.455,5.0,14.0,1.0,0.0,27.0,4.0,435
441,31.0,36:11,0.462,0.33299999999999996,7.0,17.0,1.0,0.0,16.0,11.0,448
441,32.0,30:06,0.5,0.222,5.0,12.0,0.0,0.0,32.0,24.0,472
441,33.0,29:57,0.563,0.5710000000000001,5.0,11.0,0.0,1.0,34.0,13.0,479
441,34.0,33:39,0.667,0.4,13.0,10.0,5.0,2.0,30.0,-1.0,501
441,35.0,42:05,0.5379999999999999,0.563,16.0,17.0,0.0,0.0,53.0,13.0,510
441,36.0,42:04,0.25,0.182,10.0,10.0,3.0,0.0,23.0,14.0,523
441,37.0,38:05,0.375,0.28600000000000003,8.0,12.0,1.0,1.0,26.0,2.0,545
441,38.0,34:09,0.33299999999999996,0.0,6.0,10.0,1.0,0.0,14.0,-6.0,550
441,39.0,37:51,0.5,0.444,10.0,11.0,2.0,2.0,40.0,-3.0,567
441,40.0,37:47,0.45799999999999996,0.5,15.0,10.0,0.0,0.0,40.0,2.0,579
441,41.0,38:38,0.435,0.182,6.0,12.0,1.0,2.0,33.0,-10.0,587
441,42.0,36:43,0.429,0.28600000000000003,3.0,9.0,1.0,0.0,27.0,-2.0,600
441,43.0,31:31,0.375,0.444,12.0,11.0,1.0,0.0,22.0,18.0,614
441,44.0,39:20,0.4,0.267,12.0,10.0,2.0,0.0,40.0,0.0,628
441,45.0,36:42,0.56,0.364,6.0,8.0,0.0,2.0,38.0,21.0,637
441,46.0,34:56,0.462,0.0,6.0,11.0,1.0,0.0,17.0,-20.0,651
441,47.0,33:53,0.778,0.667,6.0,10.0,3.0,2.0,29.0,21.0,661
441,48.0,39:33,0.6,0.5,8.0,12.0,3.0,1.0,26.0,5.0,675
441,49.0,37:01,0.33299999999999996,0.182,6.0,12.0,1.0,1.0,30.0,-14.0,686
441,50.0,39:09,0.5710000000000001,0.545,13.0,13.0,2.0,1.0,51.0,13.0,707
441,51.0,31:49,0.17600000000000002,0.2,5.0,8.0,3.0,0.0,15.0,-23.0,718
441,52.0,31:44,0.33299999999999996,0.0,7.0,8.0,1.0,0.0,10.0,17.0,732
441,53.0,38:35,0.435,0.41700000000000004,8.0,8.0,4.0,0.0,41.0,1.0,749
441,54.0,43:42,0.39399999999999996,0.385,12.0,9.0,1.0,1.0,42.0,-11.0,755
441,55.0,36:00,0.28600000000000003,0.3,6.0,13.0,3.0,0.0,25.0,18.0,786
441,56.0,39:27,0.381,0.444,11.0,8.0,1.0,1.0,30.0,13.0,800
441,57.0,29:13,0.529,0.5329999999999999,6.0,8.0,0.0,0.0,40.0,26.0,820
441,58.0,41:43,0.47600000000000003,0.4,12.0,12.0,0.0,1.0,38.0,-6.0,847
441,59.0,29:41,0.33299999999999996,0.16699999999999998,4.0,14.0,3.0,0.0,13.0,27.0,1228
441,60.0,35:08,0.4,0.455,5.0,10.0,2.0,1.0,24.0,4.0,1248
441,61.0,39:03,0.294,0.111,7.0,12.0,2.0,0.0,25.0,-9.0,1263
441,62.0,35:33,0.467,0.444,3.0,9.0,1.0,0.0,26.0,0.0,865
441,63.0,36:20,0.6,0.6,7.0,11.0,2.0,0.0,33.0,13.0,885
441,64.0,36:00,0.65,0.667,3.0,12.0,0.0,0.0,39.0,-3.0,902
441,65.0,37:04,0.455,0.0,4.0,6.0,2.0,1.0,35.0,1.0,914
441,66.0,33:16,0.375,0.33299999999999996,7.0,13.0,3.0,0.0,19.0,18.0,926
441,67.0,39:48,0.46399999999999997,0.28600000000000003,10.0,11.0,1.0,1.0,38.0,23.0,949
441,68.0,31:10,0.5,0.16699999999999998,12.0,13.0,2.0,0.0,18.0,10.0,970
441,69.0,39:35,0.5710000000000001,0.4,14.0,11.0,2.0,0.0,41.0,-12.0,984
441,70.0,36:52,0.478,0.375,10.0,10.0,2.0,0.0,40.0,10.0,994
441,71.0,39:30,0.44799999999999995,0.364,7.0,11.0,4.0,0.0,39.0,2.0,1008
441,72.0,37:45,0.5,0.41700000000000004,7.0,17.0,2.0,1.0,38.0,12.0,1039
441,73.0,36:00,0.5329999999999999,0.25,5.0,12.0,0.0,0.0,22.0,11.0,1051
441,74.0,37:52,0.25,0.111,11.0,13.0,1.0,0.0,24.0,-9.0,1068
441,75.0,36:32,0.36700000000000005,0.154,8.0,4.0,1.0,0.0,30.0,-3.0,1085
441,76.0,34:49,0.235,0.222,12.0,8.0,0.0,1.0,17.0,-14.0,1096
441,no play,,,,,,,,,,1113
441,77.0,38:36,0.42100000000000004,0.4,7.0,10.0,1.0,3.0,31.0,4.0,1129
441,78.0,37:33,0.4,0.368,9.0,12.0,0.0,1.0,33.0,8.0,1143
441,79.0,36:00,0.409,0.385,11.0,15.0,1.0,0.0,35.0,8.0,1161
441,80.0,24:22,0.222,0.16699999999999998,7.0,6.0,1.0,0.0,14.0,-27.0,1171
441,81.0,34:55,0.615,0.5,10.0,12.0,4.0,1.0,27.0,19.0,1185
