Player_ID,G,MP,FG%,3P%,TRB,AST,STL,BLK,PTS,+/-,Game_ID
462,no play,,,,,,,,,,5
462,1.0,12:40,0.556,1.0,3.0,0.0,1.0,0.0,13.0,0.0,24
462,2.0,19:07,0.25,0.0,5.0,0.0,0.0,0.0,4.0,0.0,37
462,3.0,26:14,0.429,0.0,3.0,0.0,0.0,0.0,7.0,-22.0,48
462,4.0,17:16,0.33299999999999996,0.0,4.0,1.0,2.0,1.0,6.0,2.0,56
462,5.0,12:56,0.0,,4.0,0.0,0.0,1.0,0.0,-9.0,70
462,6.0,6:52,0.0,,2.0,0.0,0.0,1.0,3.0,4.0,84
462,7.0,17:12,0.75,1.0,3.0,0.0,0.0,1.0,9.0,-2.0,98
462,8.0,18:55,0.33299999999999996,0.0,5.0,0.0,0.0,1.0,4.0,-4.0,133
462,9.0,10:49,,,1.0,0.0,0.0,0.0,0.0,-1.0,147
462,10.0,2:24,0.0,,1.0,0.0,0.0,0.0,0.0,2.0,163
462,11.0,4:00,0.5,,3.0,0.0,0.0,0.0,2.0,0.0,176
462,12.0,1:50,,,0.0,0.0,0.0,0.0,0.0,0.0,186
462,13.0,8:20,0.0,0.0,0.0,0.0,0.0,0.0,1.0,-1.0,197
462,14.0,11:57,0.2,,3.0,0.0,2.0,1.0,2.0,-10.0,208
462,15.0,17:38,0.5,,12.0,0.0,0.0,1.0,6.0,6.0,244
462,16.0,16:54,0.6,,3.0,0.0,2.0,0.0,6.0,2.0,254
462,17.0,20:07,0.385,1.0,12.0,0.0,0.0,0.0,11.0,6.0,268
462,18.0,23:50,0.2,0.5,4.0,1.0,0.0,0.0,5.0,-10.0,278
462,19.0,27:34,0.182,0.0,10.0,0.0,0.0,0.0,6.0,-6.0,288
462,20.0,20:16,0.33299999999999996,0.5,2.0,0.0,0.0,0.0,7.0,6.0,305
462,21.0,20:25,0.125,0.0,9.0,1.0,0.0,0.0,2.0,-14.0,320
462,22.0,9:55,1.0,1.0,2.0,0.0,0.0,0.0,3.0,-3.0,328
462,23.0,12:57,0.5,,1.0,0.0,0.0,0.0,2.0,-9.0,333
462,24.0,17:03,0.5,0.5,7.0,1.0,1.0,0.0,13.0,9.0,351
462,25.0,19:28,0.75,,10.0,1.0,0.0,0.0,8.0,-13.0,368
462,26.0,22:56,1.0,,6.0,1.0,1.0,1.0,6.0,1.0,379
462,27.0,12:22,0.5,0.0,2.0,0.0,1.0,0.0,4.0,-5.0,394
462,28.0,13:27,0.429,0.0,3.0,0.0,0.0,0.0,7.0,1.0,408
462,29.0,17:13,0.33299999999999996,,8.0,0.0,0.0,0.0,3.0,5.0,424
462,30.0,10:59,1.0,,1.0,0.0,0.0,0.0,2.0,4.0,431
462,31.0,14:53,0.5,,4.0,0.0,2.0,0.0,2.0,18.0,448
462,32.0,16:12,0.667,,8.0,0.0,1.0,0.0,4.0,5.0,467
462,33.0,7:20,0.0,0.0,1.0,0.0,0.0,0.0,0.0,-3.0,477
462,34.0,4:00,,,1.0,0.0,0.0,0.0,0.0,9.0,492
462,35.0,13:05,0.0,,2.0,0.0,2.0,0.0,0.0,-2.0,507
462,36.0,5:13,0.0,0.0,2.0,0.0,0.0,0.0,0.0,1.0,533
462,37.0,11:58,0.33299999999999996,1.0,3.0,0.0,0.0,0.0,5.0,-10.0,538
462,38.0,5:29,,,3.0,0.0,0.0,0.0,2.0,8.0,555
462,no play,,,,,,,,,,568
462,no play,,,,,,,,,,586
462,no play,,,,,,,,,,600
462,no play,,,,,,,,,,616
462,no play,,,,,,,,,,633
462,39.0,3:05,0.0,,0.0,0.0,0.0,0.0,0.0,-5.0,649
462,40.0,2:59,0.0,0.0,1.0,1.0,0.0,0.0,0.0,-3.0,661
462,no play,,,,,,,,,,690
462,no play,,,,,,,,,,708
462,no play,,,,,,,,,,713
462,no play,,,,,,,,,,729
462,no play,,,,,,,,,,743
462,no play,,,,,,,,,,756
462,no play,,,,,,,,,,769
462,no play,,,,,,,,,,783
462,no play,,,,,,,,,,794
462,no play,,,,,,,,,,809
462,no play,,,,,,,,,,828
462,no play,,,,,,,,,,846
462,no play,,,,,,,,,,1233
462,no play,,,,,,,,,,1252
462,no play,,,,,,,,,,1268
462,no play,,,,,,,,,,875
462,no play,,,,,,,,,,885
462,no play,,,,,,,,,,900
462,no play,,,,,,,,,,921
462,no play,,,,,,,,,,941
462,no play,,,,,,,,,,953
462,no play,,,,,,,,,,969
462,no play,,,,,,,,,,977
462,no play,,,,,,,,,,993
462,no play,,,,,,,,,,1014
462,no play,,,,,,,,,,1030
462,no play,,,,,,,,,,1054
462,no play,,,,,,,,,,1061
462,no play,,,,,,,,,,1076
462,no play,,,,,,,,,,1091
462,no play,,,,,,,,,,1104
462,no play,,,,,,,,,,1122
462,no play,,,,,,,,,,1128
462,no play,,,,,,,,,,1142
462,41.0,14:16,0.75,,2.0,1.0,2.0,1.0,6.0,-12.0,1162
462,42.0,6:20,0.25,,6.0,0.0,0.0,0.0,4.0,-9.0,1184
