Player_ID,G,MP,FG%,3P%,TRB,AST,STL,BLK,PTS,+/-,Game_ID
164,1.0,18:20,0.5,0.0,2.0,1.0,0.0,0.0,5.0,5.0,4
164,no play,,,,,,,,,,27
164,no play,,,,,,,,,,34
164,no play,,,,,,,,,,47
164,2.0,17:51,0.667,0.5,0.0,0.0,0.0,0.0,7.0,3.0,62
164,no play,,,,,,,,,,81
164,3.0,23:45,0.0,0.0,3.0,3.0,0.0,0.0,0.0,-4.0,86
164,no play,,,,,,,,,,113
164,4.0,21:46,0.5,1.0,1.0,1.0,1.0,0.0,3.0,3.0,133
164,5.0,8:48,0.0,0.0,0.0,0.0,0.0,0.0,0.0,-11.0,159
164,6.0,15:40,1.0,1.0,1.0,2.0,1.0,0.0,4.0,-14.0,166
164,7.0,18:51,0.6,0.75,2.0,3.0,1.0,0.0,9.0,9.0,187
164,8.0,19:43,0.5,0.0,2.0,1.0,2.0,1.0,4.0,7.0,200
164,9.0,23:08,0.0,0.0,1.0,2.0,0.0,1.0,0.0,2.0,243
164,10.0,14:18,0.0,0.0,2.0,1.0,0.0,0.0,0.0,3.0,259
164,11.0,22:54,0.25,0.33299999999999996,1.0,2.0,2.0,1.0,3.0,15.0,273
164,12.0,13:32,0.2,0.25,0.0,0.0,0.0,1.0,3.0,5.0,287
164,13.0,16:41,0.33299999999999996,0.5,1.0,0.0,0.0,0.0,3.0,2.0,301
164,14.0,12:55,0.0,0.0,1.0,0.0,0.0,0.0,0.0,1.0,319
164,15.0,10:18,0.0,0.0,0.0,1.0,0.0,0.0,0.0,-2.0,1196
164,16.0,20:05,0.6,0.6,4.0,2.0,0.0,0.0,9.0,9.0,340
164,17.0,11:25,0.5,0.5,0.0,1.0,0.0,0.0,3.0,5.0,346
164,18.0,9:25,0.2,0.0,0.0,0.0,0.0,0.0,2.0,-17.0,362
164,19.0,16:47,0.5,1.0,1.0,3.0,0.0,1.0,3.0,9.0,384
164,20.0,19:29,0.4,0.5,1.0,3.0,0.0,0.0,6.0,20.0,393
164,21.0,12:14,0.2,0.0,2.0,1.0,0.0,0.0,2.0,-14.0,423
164,22.0,12:00,,,0.0,2.0,0.0,0.0,0.0,4.0,429
164,23.0,17:54,1.0,1.0,1.0,1.0,0.0,0.0,6.0,20.0,447
164,24.0,14:14,0.0,,2.0,0.0,0.0,0.0,0.0,4.0,466
164,25.0,19:46,0.33299999999999996,0.33299999999999996,4.0,0.0,1.0,0.0,3.0,5.0,484
164,26.0,22:47,1.0,1.0,1.0,3.0,0.0,0.0,3.0,-13.0,502
164,27.0,22:21,0.33299999999999996,0.5,0.0,2.0,1.0,0.0,4.0,3.0,508
164,28.0,15:36,0.33299999999999996,0.5,0.0,3.0,0.0,0.0,3.0,12.0,518
164,29.0,27:49,0.6,0.5,3.0,0.0,2.0,0.0,8.0,13.0,536
164,30.0,17:37,,,2.0,5.0,2.0,0.0,1.0,6.0,553
164,31.0,17:33,1.0,1.0,1.0,2.0,1.0,0.0,5.0,2.0,565
164,32.0,17:13,0.5,0.5,0.0,1.0,2.0,1.0,3.0,-5.0,580
164,33.0,23:18,0.4,0.5,1.0,3.0,1.0,0.0,6.0,7.0,599
164,34.0,22:13,0.33299999999999996,0.33299999999999996,4.0,0.0,2.0,0.0,3.0,-21.0,613
164,35.0,18:01,0.4,0.25,0.0,0.0,0.0,1.0,5.0,-2.0,620
164,36.0,11:20,0.0,0.0,0.0,0.0,0.0,0.0,0.0,-8.0,637
164,37.0,11:35,0.33299999999999996,0.0,0.0,0.0,0.0,1.0,2.0,-29.0,648
164,no play,,,,,,,,,,660
164,38.0,14:51,0.6,0.667,1.0,2.0,3.0,0.0,8.0,8.0,675
164,39.0,10:20,1.0,,0.0,1.0,0.0,0.0,2.0,5.0,689
164,40.0,10:38,0.33299999999999996,0.5,2.0,1.0,1.0,0.0,5.0,6.0,702
164,41.0,20:01,0.16699999999999998,0.25,1.0,2.0,1.0,0.0,3.0,-3.0,711
164,42.0,17:16,0.33299999999999996,0.0,1.0,3.0,1.0,1.0,2.0,6.0,744
164,43.0,25:42,0.75,0.75,2.0,1.0,0.0,2.0,9.0,0.0,758
164,44.0,18:30,0.667,0.667,1.0,2.0,1.0,2.0,8.0,14.0,767
164,45.0,14:24,1.0,,1.0,3.0,1.0,0.0,5.0,2.0,793
164,46.0,15:46,1.0,1.0,1.0,1.0,0.0,1.0,3.0,-1.0,808
164,no play,,,,,,,,,,815
164,47.0,16:54,0.667,0.667,0.0,0.0,0.0,0.0,6.0,8.0,830
164,no play,,,,,,,,,,844
164,48.0,19:58,0.5,0.5,0.0,0.0,0.0,0.0,7.0,-3.0,1236
164,49.0,15:39,1.0,1.0,0.0,1.0,2.0,0.0,3.0,5.0,1251
164,50.0,22:27,0.6,0.667,2.0,0.0,0.0,0.0,8.0,8.0,1260
164,51.0,21:49,0.33299999999999996,0.5,2.0,0.0,0.0,0.0,3.0,-6.0,860
164,52.0,25:00,0.75,0.667,1.0,2.0,2.0,0.0,8.0,28.0,874
164,53.0,21:21,0.25,0.25,3.0,1.0,0.0,0.0,3.0,3.0,881
164,54.0,27:08,0.28600000000000003,0.0,2.0,3.0,2.0,1.0,4.0,-9.0,895
164,55.0,29:47,0.28600000000000003,0.0,7.0,3.0,1.0,0.0,4.0,12.0,912
164,56.0,25:56,0.6,0.5,3.0,1.0,3.0,0.0,8.0,13.0,927
164,57.0,25:55,0.33299999999999996,,3.0,2.0,0.0,0.0,5.0,-4.0,938
164,58.0,20:06,0.5,0.5,2.0,1.0,0.0,0.0,5.0,-14.0,953
164,59.0,24:04,0.4,0.0,3.0,1.0,0.0,0.0,4.0,13.0,973
164,60.0,15:51,0.25,0.33299999999999996,0.0,3.0,0.0,0.0,5.0,8.0,987
164,61.0,5:24,0.0,0.0,1.0,0.0,1.0,0.0,0.0,-15.0,995
164,62.0,22:04,0.33299999999999996,1.0,3.0,0.0,2.0,1.0,3.0,-1.0,1017
164,63.0,21:54,0.6,0.6,4.0,3.0,2.0,0.0,9.0,10.0,1025
164,64.0,25:13,0.5,0.5,1.0,1.0,1.0,2.0,8.0,12.0,1038
164,65.0,22:04,0.75,0.667,2.0,1.0,0.0,0.0,8.0,3.0,1050
164,66.0,23:24,0.5,0.667,3.0,1.0,0.0,0.0,6.0,-7.0,1063
164,67.0,23:49,1.0,,2.0,0.0,1.0,1.0,4.0,4.0,1073
164,68.0,21:59,0.0,0.0,1.0,1.0,0.0,0.0,0.0,-18.0,1090
164,69.0,20:12,0.5,0.5,0.0,2.0,0.0,0.0,6.0,-13.0,1105
164,70.0,12:41,0.0,,0.0,1.0,0.0,0.0,0.0,-6.0,1120
164,71.0,22:25,0.667,,0.0,4.0,1.0,0.0,4.0,-8.0,1136
164,72.0,18:00,0.5,0.667,2.0,0.0,0.0,0.0,6.0,-1.0,1152
164,73.0,20:39,0.7140000000000001,0.7140000000000001,5.0,1.0,1.0,1.0,15.0,20.0,1168
164,74.0,6:32,0.5,,0.0,0.0,0.0,0.0,2.0,-5.0,1180
