Player_ID,G,MP,FG%,3P%,TRB,AST,STL,BLK,PTS,+/-,Game_ID
280,1.0,36:45,0.33299999999999996,0.0,2.0,8.0,3.0,0.0,20.0,-4.0,1
280,2.0,28:32,0.154,0.0,4.0,7.0,1.0,0.0,4.0,-3.0,15
280,3.0,28:00,0.0,0.0,4.0,8.0,2.0,0.0,0.0,-12.0,26
280,4.0,32:35,0.267,0.14300000000000002,6.0,6.0,2.0,0.0,9.0,7.0,43
280,5.0,29:54,0.364,0.33299999999999996,4.0,6.0,3.0,0.0,16.0,-20.0,62
280,6.0,28:46,0.643,0.6,1.0,6.0,1.0,0.0,21.0,13.0,79
280,7.0,19:25,0.375,0.33299999999999996,1.0,6.0,0.0,1.0,9.0,-23.0,91
280,8.0,40:44,0.625,0.33299999999999996,2.0,9.0,2.0,1.0,30.0,11.0,106
280,9.0,34:39,0.5,0.25,1.0,4.0,3.0,0.0,13.0,-13.0,117
280,10.0,35:26,0.267,0.25,3.0,4.0,0.0,0.0,20.0,3.0,126
280,11.0,28:36,0.444,0.33299999999999996,8.0,5.0,1.0,3.0,11.0,2.0,141
280,12.0,35:24,0.583,0.5,4.0,8.0,1.0,1.0,20.0,10.0,156
280,13.0,33:45,0.6,0.0,4.0,7.0,1.0,1.0,21.0,-5.0,171
280,14.0,40:20,0.563,0.75,5.0,9.0,6.0,0.0,30.0,16.0,191
280,15.0,25:52,0.35700000000000004,0.0,3.0,3.0,2.0,2.0,11.0,-27.0,198
280,16.0,38:48,0.33299999999999996,0.0,6.0,8.0,5.0,2.0,11.0,0.0,212
280,17.0,23:42,0.5,0.0,9.0,8.0,3.0,0.0,9.0,21.0,245
280,18.0,24:25,0.375,0.33299999999999996,2.0,10.0,2.0,1.0,7.0,7.0,260
280,19.0,33:47,0.5379999999999999,0.5,5.0,8.0,0.0,1.0,25.0,-14.0,285
280,20.0,34:30,0.41700000000000004,1.0,1.0,3.0,3.0,0.0,15.0,-4.0,313
280,21.0,25:41,0.4,,3.0,6.0,1.0,0.0,16.0,-27.0,324
280,22.0,36:24,0.4,0.25,5.0,11.0,2.0,0.0,19.0,10.0,1200
280,23.0,31:05,0.429,,3.0,6.0,1.0,0.0,10.0,-12.0,343
280,24.0,29:36,0.429,1.0,1.0,6.0,2.0,1.0,9.0,10.0,348
280,25.0,34:52,0.625,1.0,5.0,11.0,1.0,0.0,16.0,8.0,361
280,26.0,28:35,0.33299999999999996,0.33299999999999996,3.0,5.0,2.0,0.0,10.0,5.0,377
280,27.0,35:23,0.389,0.0,6.0,10.0,0.0,1.0,21.0,-6.0,385
280,28.0,31:21,0.6,0.5,9.0,8.0,2.0,0.0,19.0,9.0,400
280,29.0,39:12,0.42100000000000004,0.0,4.0,10.0,3.0,0.0,23.0,6.0,413
280,30.0,37:01,0.385,0.0,7.0,12.0,1.0,1.0,17.0,-8.0,421
280,31.0,35:21,0.6,0.5,4.0,8.0,0.0,1.0,31.0,-4.0,437
280,32.0,23:53,0.25,0.33299999999999996,2.0,5.0,0.0,0.0,6.0,-13.0,470
280,33.0,37:52,0.5,0.33299999999999996,2.0,11.0,1.0,0.0,19.0,-4.0,481
280,34.0,34:53,0.154,0.0,5.0,17.0,2.0,0.0,7.0,19.0,497
280,35.0,27:12,0.556,0.0,3.0,9.0,1.0,1.0,12.0,5.0,515
280,36.0,33:26,0.625,1.0,3.0,8.0,1.0,0.0,17.0,-5.0,528
280,37.0,30:35,0.6920000000000001,1.0,7.0,15.0,1.0,1.0,21.0,32.0,541
280,38.0,30:57,0.5710000000000001,0.667,4.0,8.0,0.0,0.0,19.0,9.0,557
280,39.0,24:47,0.625,0.0,3.0,9.0,0.0,0.0,14.0,-28.0,591
280,40.0,36:35,0.7,0.33299999999999996,8.0,10.0,0.0,0.0,16.0,7.0,621
280,41.0,33:57,0.833,1.0,7.0,11.0,2.0,0.0,22.0,4.0,640
280,42.0,33:11,0.33299999999999996,0.33299999999999996,3.0,7.0,1.0,1.0,11.0,-12.0,654
280,43.0,37:33,0.462,1.0,4.0,7.0,3.0,0.0,19.0,-5.0,664
280,44.0,35:41,0.33299999999999996,0.33299999999999996,4.0,7.0,0.0,0.0,7.0,-2.0,677
280,45.0,34:54,0.5379999999999999,0.6,8.0,13.0,1.0,1.0,20.0,7.0,696
280,46.0,42:30,0.455,0.33299999999999996,8.0,8.0,1.0,0.0,17.0,4.0,699
280,47.0,36:12,0.5,0.0,3.0,15.0,2.0,1.0,17.0,24.0,718
280,48.0,34:17,0.4,0.5,1.0,9.0,0.0,0.0,13.0,5.0,736
280,49.0,34:18,0.6,1.0,3.0,7.0,3.0,0.0,24.0,17.0,753
280,50.0,31:10,0.385,0.0,2.0,7.0,2.0,1.0,13.0,17.0,763
280,51.0,34:22,0.375,0.5,4.0,3.0,1.0,1.0,17.0,3.0,776
280,52.0,34:55,0.5,0.6,5.0,14.0,2.0,0.0,22.0,-6.0,789
280,53.0,30:36,0.33299999999999996,0.33299999999999996,4.0,9.0,0.0,0.0,13.0,-19.0,811
280,54.0,32:19,0.5,,3.0,6.0,1.0,1.0,2.0,-6.0,815
280,55.0,30:05,0.75,1.0,5.0,5.0,0.0,1.0,15.0,-18.0,827
280,56.0,35:07,0.35700000000000004,0.5,4.0,11.0,0.0,0.0,15.0,1.0,841
280,57.0,26:38,0.429,0.0,6.0,5.0,0.0,0.0,6.0,-9.0,854
280,58.0,30:48,0.25,0.33299999999999996,4.0,10.0,0.0,0.0,10.0,17.0,1233
280,59.0,32:10,0.313,0.0,3.0,6.0,1.0,0.0,16.0,-24.0,1245
280,60.0,36:29,0.385,0.429,7.0,6.0,0.0,0.0,25.0,8.0,1263
280,61.0,30:32,0.33299999999999996,0.5,5.0,9.0,1.0,0.0,7.0,7.0,863
280,62.0,31:51,0.5,0.25,4.0,6.0,1.0,1.0,16.0,-7.0,888
280,63.0,28:49,0.364,0.5,5.0,8.0,0.0,2.0,10.0,-7.0,901
280,64.0,24:13,0.4,0.0,5.0,6.0,0.0,0.0,10.0,16.0,916
280,65.0,35:12,0.583,0.5,4.0,4.0,3.0,0.0,17.0,-10.0,927
280,66.0,30:49,0.364,1.0,5.0,4.0,0.0,1.0,12.0,4.0,947
280,67.0,32:07,0.267,0.16699999999999998,9.0,6.0,0.0,0.0,9.0,-4.0,961
280,68.0,29:40,0.375,0.4,8.0,11.0,0.0,0.0,8.0,25.0,965
280,69.0,27:28,0.364,0.5,2.0,7.0,1.0,0.0,16.0,-18.0,1000
280,70.0,37:02,0.4,0.75,5.0,5.0,1.0,1.0,21.0,12.0,1006
280,71.0,35:01,0.667,0.5,2.0,7.0,1.0,0.0,25.0,-1.0,1020
280,72.0,32:41,0.563,0.4,2.0,8.0,2.0,1.0,21.0,-6.0,1035
280,73.0,25:40,0.5,0.75,2.0,4.0,2.0,0.0,16.0,5.0,1052
280,74.0,41:20,0.5,0.0,3.0,10.0,0.0,0.0,20.0,6.0,1064
280,75.0,19:32,0.33299999999999996,0.0,1.0,5.0,0.0,0.0,4.0,-23.0,1076
280,76.0,34:07,0.444,0.667,4.0,5.0,1.0,0.0,19.0,-1.0,1086
280,77.0,43:32,0.385,0.444,4.0,11.0,1.0,0.0,17.0,-2.0,1111
280,78.0,36:14,0.385,0.4,2.0,6.0,0.0,0.0,20.0,21.0,1118
280,79.0,28:46,0.41700000000000004,0.0,2.0,7.0,0.0,0.0,15.0,15.0,1136
280,80.0,31:25,0.273,0.33299999999999996,4.0,13.0,3.0,0.0,9.0,9.0,1151
280,81.0,33:16,0.5,0.0,2.0,6.0,1.0,0.0,15.0,11.0,1164
280,82.0,32:00,0.667,0.5,0.0,7.0,0.0,0.0,19.0,13.0,1187
