Player_ID,G,MP,FG%,3P%,TRB,AST,STL,BLK,PTS,+/-,Game_ID
103,1.0,25:14,0.28600000000000003,0.0,3.0,1.0,0.0,0.0,7.0,-8.0,0
103,2.0,19:24,0.444,0.33299999999999996,2.0,1.0,0.0,1.0,10.0,-16.0,16
103,3.0,27:59,0.222,0.33299999999999996,10.0,2.0,1.0,1.0,10.0,2.0,25
103,4.0,11:45,0.2,0.0,2.0,0.0,0.0,1.0,2.0,-16.0,44
103,5.0,18:36,0.556,0.75,3.0,0.0,0.0,0.0,15.0,0.0,61
103,6.0,27:10,0.41700000000000004,0.4,5.0,3.0,0.0,1.0,18.0,15.0,77
103,7.0,14:35,0.33299999999999996,0.33299999999999996,4.0,1.0,0.0,0.0,5.0,-24.0,92
103,8.0,20:57,0.33299999999999996,0.33299999999999996,3.0,1.0,0.0,0.0,8.0,-9.0,105
103,9.0,23:27,0.16699999999999998,0.0,3.0,1.0,1.0,0.0,4.0,-14.0,120
103,10.0,27:47,0.5,0.33299999999999996,0.0,3.0,0.0,2.0,11.0,-1.0,137
103,11.0,22:16,0.25,0.0,2.0,0.0,0.0,0.0,3.0,-17.0,141
103,12.0,20:25,0.0,0.0,2.0,1.0,0.0,0.0,0.0,-4.0,155
103,13.0,21:40,0.5710000000000001,0.0,3.0,2.0,1.0,0.0,8.0,5.0,183
103,14.0,31:27,0.444,0.25,4.0,4.0,1.0,0.0,11.0,-8.0,200
103,15.0,22:51,0.0,0.0,3.0,2.0,1.0,1.0,3.0,0.0,210
103,16.0,25:29,0.33299999999999996,0.33299999999999996,3.0,0.0,0.0,0.0,7.0,-11.0,237
103,no play,,,,,,,,,,259
103,17.0,24:43,0.3,0.0,3.0,2.0,0.0,0.0,6.0,10.0,275
103,18.0,27:11,0.625,0.0,2.0,1.0,1.0,0.0,14.0,-13.0,288
103,19.0,22:49,0.462,0.5,6.0,3.0,0.0,0.0,16.0,10.0,292
103,20.0,29:59,0.545,0.667,5.0,3.0,0.0,0.0,14.0,13.0,310
103,21.0,25:09,0.667,0.5,3.0,0.0,1.0,0.0,20.0,6.0,325
103,22.0,22:21,0.2,0.5,2.0,2.0,1.0,0.0,3.0,-11.0,1193
103,23.0,23:32,0.2,0.0,4.0,2.0,0.0,0.0,3.0,-3.0,337
103,24.0,25:28,0.6,0.5,4.0,1.0,0.0,0.0,17.0,-9.0,347
103,25.0,30:50,0.429,0.25,4.0,1.0,0.0,0.0,16.0,34.0,369
103,26.0,27:23,0.636,0.8,3.0,2.0,2.0,0.0,19.0,-2.0,376
103,27.0,26:31,0.25,0.0,0.0,0.0,0.0,0.0,6.0,2.0,390
103,28.0,24:41,0.14300000000000002,0.0,3.0,1.0,0.0,0.0,3.0,-26.0,410
103,29.0,32:02,0.444,0.0,3.0,1.0,1.0,0.0,14.0,1.0,422
103,30.0,28:36,0.375,0.0,1.0,1.0,3.0,0.0,10.0,0.0,439
103,31.0,20:27,0.667,0.5,1.0,1.0,0.0,0.0,6.0,7.0,443
103,32.0,23:53,0.182,0.0,3.0,1.0,0.0,0.0,4.0,5.0,467
103,33.0,14:55,0.25,0.0,0.0,1.0,0.0,0.0,5.0,-15.0,482
103,34.0,22:58,0.583,0.5,2.0,2.0,0.0,0.0,17.0,-3.0,515
103,35.0,27:01,0.3,0.33299999999999996,3.0,1.0,2.0,0.0,10.0,10.0,521
103,36.0,20:52,0.75,1.0,1.0,1.0,0.0,1.0,10.0,-5.0,535
103,37.0,19:55,0.375,0.33299999999999996,1.0,1.0,1.0,0.0,7.0,-12.0,550
103,38.0,23:30,0.4,0.0,1.0,0.0,0.0,0.0,6.0,-6.0,572
103,39.0,25:28,0.231,0.0,5.0,0.0,0.0,0.0,10.0,-12.0,589
103,40.0,19:50,0.5,1.0,5.0,2.0,0.0,0.0,5.0,-9.0,603
103,41.0,17:37,0.444,0.33299999999999996,5.0,0.0,0.0,0.0,11.0,-17.0,610
103,42.0,17:12,0.33299999999999996,0.25,1.0,1.0,1.0,0.0,13.0,10.0,622
103,43.0,23:15,0.5,0.25,2.0,0.0,2.0,0.0,13.0,-13.0,636
103,44.0,26:49,0.462,0.2,8.0,2.0,1.0,1.0,18.0,29.0,648
103,45.0,27:20,0.33299999999999996,0.667,3.0,1.0,0.0,1.0,12.0,-13.0,666
103,46.0,34:15,0.273,0.0,7.0,1.0,1.0,0.0,13.0,-9.0,682
103,47.0,15:48,0.0,0.0,4.0,0.0,0.0,0.0,2.0,-23.0,701
103,48.0,27:13,0.75,0.667,3.0,2.0,2.0,0.0,16.0,-5.0,720
103,49.0,25:08,0.667,0.5,3.0,4.0,1.0,0.0,10.0,-10.0,726
103,50.0,16:28,0.28600000000000003,0.0,1.0,0.0,1.0,0.0,6.0,-8.0,736
103,51.0,13:29,0.33299999999999996,0.0,1.0,0.0,0.0,0.0,6.0,-9.0,752
103,52.0,17:42,0.429,0.33299999999999996,5.0,0.0,1.0,0.0,12.0,7.0,762
103,no play,,,,,,,,,,786
103,53.0,17:56,0.14300000000000002,0.5,5.0,0.0,0.0,0.0,3.0,-10.0,801
103,54.0,14:57,0.375,0.0,3.0,1.0,0.0,0.0,7.0,-15.0,819
103,55.0,20:14,0.455,0.0,2.0,0.0,1.0,0.0,13.0,10.0,829
103,56.0,34:40,0.364,0.0,3.0,2.0,1.0,0.0,11.0,-14.0,840
103,57.0,18:24,0.33299999999999996,0.0,4.0,4.0,1.0,0.0,8.0,5.0,
103,58.0,21:54,0.25,0.33299999999999996,4.0,0.0,1.0,0.0,7.0,-7.0,1243
103,59.0,24:11,0.4,0.2,2.0,0.0,1.0,2.0,11.0,2.0,856
103,60.0,15:57,0.625,0.0,3.0,1.0,0.0,0.0,11.0,-7.0,872
103,61.0,22:03,0.455,0.5,2.0,0.0,0.0,0.0,12.0,-4.0,891
103,62.0,20:11,0.5,0.25,1.0,0.0,0.0,1.0,15.0,-21.0,896
103,63.0,19:11,0.4,0.25,5.0,2.0,1.0,0.0,9.0,-3.0,909
103,64.0,5:57,1.0,1.0,0.0,0.0,0.0,0.0,3.0,-11.0,925
103,65.0,17:49,0.429,0.0,3.0,2.0,0.0,0.0,7.0,-12.0,937
103,66.0,18:57,0.33299999999999996,0.0,5.0,2.0,3.0,0.0,7.0,-7.0,957
103,67.0,18:00,0.667,0.5,4.0,1.0,1.0,0.0,13.0,-7.0,979
103,68.0,13:53,0.111,0.0,8.0,1.0,0.0,0.0,2.0,-1.0,986
103,69.0,16:04,0.33299999999999996,,0.0,2.0,0.0,0.0,4.0,-3.0,1005
103,no play,,,,,,,,,,1019
103,no play,,,,,,,,,,1034
103,no play,,,,,,,,,,1057
103,no play,,,,,,,,,,1072
103,no play,,,,,,,,,,1089
103,no play,,,,,,,,,,1099
103,no play,,,,,,,,,,1117
103,no play,,,,,,,,,,1135
103,no play,,,,,,,,,,1151
103,no play,,,,,,,,,,1167
103,no play,,,,,,,,,,1178
