Player_ID,G,MP,FG%,3P%,TRB,AST,STL,BLK,PTS,+/-,Game_ID
292,1.0,21:51,0.4,0.0,3.0,0.0,0.0,2.0,10.0,1.0,7
292,2.0,19:20,0.28600000000000003,0.0,3.0,0.0,0.0,2.0,6.0,-15.0,22
292,3.0,17:34,0.33299999999999996,,2.0,0.0,0.0,2.0,6.0,-1.0,60
292,4.0,25:19,0.33299999999999996,,4.0,0.0,0.0,0.0,6.0,-26.0,65
292,5.0,19:47,1.0,,2.0,0.0,1.0,4.0,4.0,1.0,75
292,6.0,15:11,0.25,0.5,1.0,1.0,0.0,1.0,4.0,-3.0,93
292,7.0,12:03,0.667,0.5,2.0,0.0,0.0,1.0,7.0,-3.0,108
292,8.0,13:26,0.667,1.0,2.0,1.0,0.0,0.0,5.0,3.0,122
292,9.0,13:40,0.33299999999999996,,2.0,0.0,0.0,0.0,2.0,-16.0,137
292,10.0,26:28,0.625,0.25,5.0,0.0,2.0,2.0,11.0,-13.0,143
292,11.0,18:48,0.5,0.667,3.0,1.0,0.0,1.0,8.0,-8.0,160
292,12.0,12:02,1.0,,3.0,0.0,3.0,0.0,3.0,4.0,174
292,13.0,15:03,1.0,1.0,1.0,0.0,0.0,2.0,9.0,20.0,191
292,14.0,23:16,0.8,0.5,3.0,1.0,1.0,0.0,9.0,-18.0,207
292,15.0,31:45,0.4,0.0,3.0,1.0,1.0,1.0,6.0,-4.0,220
292,16.0,28:50,0.16699999999999998,0.0,5.0,0.0,0.0,1.0,6.0,6.0,246
292,17.0,25:46,0.5,0.33299999999999996,3.0,0.0,0.0,1.0,9.0,15.0,253
292,18.0,14:06,,,2.0,0.0,0.0,1.0,1.0,7.0,266
292,19.0,23:36,0.33299999999999996,0.33299999999999996,4.0,1.0,1.0,0.0,7.0,-3.0,280
292,20.0,14:22,0.5,0.5,2.0,0.0,0.0,0.0,8.0,1.0,311
292,21.0,24:39,0.5,0.0,2.0,3.0,2.0,0.0,6.0,-12.0,317
292,22.0,23:20,0.5,,2.0,0.0,1.0,4.0,2.0,5.0,341
292,23.0,6:21,1.0,,1.0,0.0,0.0,0.0,2.0,1.0,357
292,24.0,26:29,0.375,0.0,1.0,0.0,1.0,0.0,11.0,-3.0,373
292,25.0,22:17,0.33299999999999996,1.0,2.0,1.0,0.0,0.0,7.0,-23.0,382
292,26.0,28:50,0.375,0.5,5.0,1.0,1.0,1.0,8.0,11.0,399
292,27.0,27:45,0.7140000000000001,1.0,1.0,0.0,1.0,0.0,15.0,3.0,415
292,28.0,20:30,1.0,1.0,1.0,1.0,0.0,2.0,4.0,2.0,433
292,29.0,29:25,0.25,0.0,2.0,1.0,1.0,3.0,4.0,6.0,445
292,30.0,28:13,0.6,0.5,4.0,1.0,1.0,1.0,9.0,8.0,464
292,31.0,24:13,0.429,0.0,0.0,1.0,0.0,1.0,10.0,9.0,478
292,32.0,23:49,0.5,,1.0,0.0,0.0,1.0,9.0,-21.0,492
292,33.0,16:59,1.0,1.0,1.0,0.0,0.0,0.0,5.0,4.0,512
292,34.0,28:37,0.5,0.0,3.0,1.0,0.0,2.0,4.0,-5.0,518
292,35.0,27:21,0.5,,4.0,0.0,0.0,1.0,2.0,-2.0,534
292,36.0,22:06,0.2,0.0,4.0,2.0,0.0,2.0,2.0,-3.0,545
292,37.0,24:26,0.33299999999999996,0.0,0.0,0.0,0.0,4.0,3.0,2.0,560
292,38.0,16:23,0.5,0.33299999999999996,2.0,1.0,0.0,2.0,7.0,4.0,574
292,39.0,18:12,0.667,0.5,4.0,0.0,0.0,0.0,10.0,-2.0,586
292,40.0,19:57,,,3.0,0.0,0.0,0.0,2.0,-1.0,601
292,41.0,19:01,0.5,1.0,2.0,0.0,0.0,1.0,3.0,4.0,615
292,42.0,33:43,0.75,1.0,8.0,1.0,0.0,3.0,9.0,-23.0,626
292,43.0,29:07,0.25,0.0,1.0,1.0,1.0,2.0,7.0,-28.0,639
292,44.0,19:17,0.33299999999999996,0.0,2.0,1.0,0.0,1.0,2.0,-6.0,678
292,45.0,20:04,0.0,0.0,5.0,1.0,0.0,0.0,1.0,-6.0,691
292,46.0,21:30,1.0,,7.0,2.0,0.0,1.0,2.0,0.0,695
292,47.0,25:03,0.375,0.4,4.0,1.0,1.0,1.0,8.0,-12.0,717
292,48.0,11:27,0.5,,3.0,0.0,0.0,0.0,3.0,-11.0,733
292,49.0,19:51,0.625,0.25,1.0,0.0,1.0,0.0,15.0,-2.0,746
292,50.0,13:50,0.33299999999999996,,1.0,0.0,0.0,0.0,3.0,-3.0,756
292,51.0,7:38,0.5,,0.0,0.0,0.0,0.0,2.0,-12.0,773
292,52.0,28:18,0.429,0.33299999999999996,4.0,0.0,1.0,5.0,8.0,3.0,776
292,53.0,16:40,0.5,,2.0,0.0,0.0,1.0,2.0,3.0,802
292,54.0,22:50,0.33299999999999996,0.0,5.0,2.0,0.0,3.0,8.0,-12.0,818
292,55.0,24:48,0.25,0.25,7.0,4.0,2.0,1.0,8.0,-8.0,831
292,56.0,24:15,1.0,1.0,5.0,2.0,1.0,2.0,13.0,4.0,851
292,57.0,19:49,1.0,,2.0,0.0,1.0,1.0,7.0,-17.0,1237
292,58.0,20:48,0.667,0.0,3.0,1.0,1.0,0.0,7.0,5.0,1256
292,59.0,18:46,0.75,0.5,3.0,1.0,1.0,1.0,8.0,5.0,1269
292,60.0,19:54,,,1.0,0.0,1.0,0.0,3.0,1.0,869
292,61.0,12:05,0.0,0.0,2.0,2.0,1.0,1.0,0.0,-6.0,877
292,62.0,18:32,0.5,,4.0,1.0,0.0,0.0,4.0,0.0,893
292,63.0,11:06,0.33299999999999996,0.5,0.0,0.0,0.0,0.0,3.0,-18.0,906
292,64.0,1:49,,,1.0,0.0,0.0,0.0,0.0,1.0,922
292,65.0,12:03,0.0,0.0,3.0,0.0,0.0,0.0,0.0,-7.0,933
292,66.0,1:59,,,0.0,0.0,1.0,0.0,0.0,-2.0,960
292,67.0,7:06,1.0,1.0,0.0,0.0,0.0,0.0,5.0,-6.0,975
292,68.0,0:59,,,0.0,0.0,0.0,0.0,0.0,0.0,988
292,69.0,15:16,0.75,,1.0,0.0,0.0,0.0,7.0,8.0,1009
292,70.0,10:56,0.33299999999999996,0.5,3.0,2.0,0.0,0.0,3.0,-3.0,1022
292,71.0,15:35,0.33299999999999996,0.5,2.0,0.0,1.0,2.0,3.0,9.0,1051
292,72.0,14:35,0.33299999999999996,0.0,1.0,0.0,0.0,2.0,4.0,-10.0,1060
292,73.0,19:15,0.0,0.0,3.0,2.0,0.0,2.0,0.0,30.0,1072
292,74.0,6:50,0.5,0.5,0.0,0.0,0.0,0.0,3.0,-14.0,1094
292,75.0,22:39,1.0,1.0,3.0,1.0,0.0,1.0,8.0,5.0,1103
292,76.0,11:53,0.4,0.0,1.0,0.0,0.0,0.0,4.0,-6.0,1120
292,no play,,,,,,,,,,1128
292,77.0,18:39,0.2,0.33299999999999996,4.0,0.0,0.0,1.0,4.0,-5.0,1147
292,78.0,22:10,0.5,,1.0,0.0,1.0,1.0,2.0,20.0,1159
292,79.0,21:41,0.4,0.5,8.0,1.0,0.0,1.0,6.0,4.0,1174
292,80.0,17:28,0.833,1.0,4.0,1.0,1.0,0.0,13.0,4.0,1186
