Player_ID,G,MP,FG%,3P%,TRB,AST,STL,BLK,PTS,+/-,Game_ID
27,1.0,27:34,0.429,0.4,3.0,3.0,0.0,1.0,18.0,-3.0,2
27,2.0,34:27,0.5,0.5,9.0,9.0,0.0,1.0,21.0,0.0,15
27,3.0,32:51,0.25,0.14300000000000002,3.0,11.0,3.0,1.0,12.0,12.0,27
27,4.0,23:55,0.6,0.5,2.0,4.0,4.0,0.0,14.0,-15.0,39
27,5.0,15:41,0.667,0.0,2.0,4.0,0.0,0.0,10.0,8.0,53
27,no play,,,,,,,,,,68
27,no play,,,,,,,,,,97
27,no play,,,,,,,,,,102
27,no play,,,,,,,,,,135
27,no play,,,,,,,,,,148
27,no play,,,,,,,,,,153
27,no play,,,,,,,,,,174
27,no play,,,,,,,,,,190
27,no play,,,,,,,,,,213
27,no play,,,,,,,,,,245
27,no play,,,,,,,,,,258
27,no play,,,,,,,,,,272
27,no play,,,,,,,,,,287
27,no play,,,,,,,,,,301
27,no play,,,,,,,,,,316
27,no play,,,,,,,,,,1194
27,no play,,,,,,,,,,353
27,6.0,20:04,0.5,0.33299999999999996,3.0,7.0,1.0,1.0,10.0,17.0,364
27,no play,,,,,,,,,,378
27,7.0,19:36,0.5379999999999999,0.5,3.0,3.0,0.0,0.0,17.0,-9.0,390
27,8.0,22:05,0.5,0.28600000000000003,2.0,4.0,2.0,0.0,16.0,5.0,409
27,9.0,25:03,0.5,0.5,2.0,4.0,1.0,1.0,12.0,-15.0,420
27,10.0,31:48,0.33299999999999996,0.28600000000000003,8.0,11.0,2.0,2.0,10.0,-13.0,438
27,11.0,24:46,0.5,0.0,2.0,6.0,2.0,0.0,10.0,-34.0,444
27,12.0,22:20,0.545,0.5,0.0,4.0,2.0,0.0,17.0,-5.0,468
27,no play,,,,,,,,,,485
27,no play,,,,,,,,,,498
27,no play,,,,,,,,,,520
27,no play,,,,,,,,,,541
27,no play,,,,,,,,,,552
27,no play,,,,,,,,,,564
27,no play,,,,,,,,,,578
27,no play,,,,,,,,,,592
27,no play,,,,,,,,,,598
27,no play,,,,,,,,,,614
27,no play,,,,,,,,,,627
27,no play,,,,,,,,,,650
27,no play,,,,,,,,,,657
27,no play,,,,,,,,,,671
27,no play,,,,,,,,,,687
27,no play,,,,,,,,,,700
27,no play,,,,,,,,,,715
27,no play,,,,,,,,,,725
27,no play,,,,,,,,,,739
27,no play,,,,,,,,,,753
27,no play,,,,,,,,,,771
27,no play,,,,,,,,,,785
27,no play,,,,,,,,,,790
27,no play,,,,,,,,,,805
27,no play,,,,,,,,,,828
27,no play,,,,,,,,,,844
27,13.0,14:49,0.667,1.0,2.0,5.0,0.0,0.0,7.0,-10.0,1240
27,14.0,14:44,0.444,0.33299999999999996,0.0,2.0,1.0,0.0,9.0,-22.0,1249
27,15.0,19:41,0.5,0.667,2.0,5.0,0.0,0.0,17.0,10.0,866
27,16.0,16:26,0.429,0.5,3.0,2.0,0.0,0.0,7.0,-13.0,876
27,17.0,21:31,0.429,0.5710000000000001,3.0,2.0,1.0,1.0,18.0,-8.0,887
27,18.0,23:41,0.5,0.429,4.0,1.0,0.0,0.0,18.0,14.0,900
27,19.0,24:36,0.462,0.5,3.0,8.0,1.0,0.0,16.0,-4.0,910
27,20.0,26:50,0.444,0.33299999999999996,5.0,3.0,2.0,0.0,18.0,-9.0,931
27,21.0,27:18,0.214,0.16699999999999998,4.0,5.0,1.0,0.0,13.0,-3.0,946
27,22.0,26:14,0.5329999999999999,0.5,2.0,5.0,1.0,1.0,24.0,-3.0,960
27,23.0,29:53,0.313,0.222,4.0,8.0,2.0,0.0,15.0,14.0,976
27,24.0,21:19,0.5,0.5,7.0,6.0,0.0,1.0,10.0,4.0,982
27,25.0,7:24,0.5,0.0,0.0,0.0,0.0,0.0,4.0,-6.0,996
27,no play,,,,,,,,,,1012
27,26.0,21:21,0.429,0.33299999999999996,3.0,5.0,0.0,0.0,13.0,-2.0,1027
27,27.0,20:28,0.385,0.2,1.0,3.0,0.0,1.0,14.0,-10.0,1032
27,28.0,28:29,0.467,0.2,4.0,8.0,2.0,1.0,19.0,1.0,1048
27,29.0,29:59,0.28600000000000003,0.0,6.0,7.0,4.0,0.0,11.0,1.0,1065
27,30.0,31:26,0.429,0.2,5.0,4.0,1.0,0.0,14.0,0.0,1081
27,31.0,28:11,0.214,0.33299999999999996,4.0,8.0,2.0,1.0,8.0,-10.0,1099
27,32.0,31:19,0.5,0.5,6.0,6.0,0.0,0.0,15.0,10.0,1109
27,33.0,23:04,0.6,1.0,5.0,7.0,2.0,0.0,16.0,21.0,1115
27,34.0,31:13,0.55,0.556,5.0,3.0,2.0,1.0,32.0,-11.0,1135
27,35.0,28:55,0.28600000000000003,0.5,6.0,7.0,3.0,0.0,12.0,15.0,1149
27,36.0,33:35,0.444,0.4,12.0,4.0,0.0,0.0,26.0,-10.0,1165
27,no play,,,,,,,,,,1183
