Player_ID,G,MP,FG%,3P%,TRB,AST,STL,BLK,PTS,+/-,Game_ID
89,no play,,,,,,,,,,11
89,no play,,,,,,,,,,26
89,no play,,,,,,,,,,39
89,1.0,13:12,1.0,,2.0,3.0,0.0,0.0,6.0,10.0,57
89,2.0,5:40,0.0,0.0,0.0,1.0,0.0,0.0,0.0,3.0,69
89,3.0,12:00,0.28600000000000003,0.33299999999999996,2.0,2.0,2.0,1.0,8.0,7.0,79
89,4.0,8:08,0.16699999999999998,0.0,3.0,2.0,0.0,0.0,2.0,5.0,92
89,no play,,,,,,,,,,107
89,no play,,,,,,,,,,114
89,5.0,6:06,0.0,,0.0,0.0,0.0,0.0,0.0,0.0,129
89,6.0,30:27,0.462,0.4,3.0,2.0,5.0,0.0,18.0,22.0,152
89,7.0,29:21,0.2,0.0,5.0,1.0,2.0,0.0,6.0,-1.0,169
89,8.0,15:24,0.25,0.33299999999999996,1.0,1.0,2.0,0.0,3.0,11.0,188
89,9.0,5:12,,,0.0,2.0,0.0,0.0,1.0,-16.0,194
89,no play,,,,,,,,,,206
89,10.0,7:13,0.0,,1.0,0.0,0.0,0.0,0.0,-12.0,240
89,11.0,6:49,0.33299999999999996,0.0,0.0,0.0,0.0,0.0,2.0,-8.0,279
89,12.0,6:03,1.0,,1.0,2.0,0.0,0.0,2.0,-2.0,296
89,13.0,25:27,0.5,,1.0,1.0,0.0,1.0,6.0,-6.0,306
89,14.0,23:24,0.14300000000000002,0.25,3.0,1.0,1.0,0.0,5.0,5.0,318
89,15.0,3:31,,,0.0,0.0,0.0,0.0,0.0,-4.0,327
89,no play,,,,,,,,,,336
89,16.0,6:06,0.0,,1.0,0.0,0.0,0.0,0.0,1.0,350
89,17.0,19:15,0.5,1.0,3.0,1.0,1.0,0.0,8.0,-3.0,370
89,no play,,,,,,,,,,384
89,18.0,4:52,0.5,,1.0,1.0,2.0,0.0,2.0,-1.0,393
89,19.0,15:22,0.6,,0.0,2.0,0.0,1.0,6.0,10.0,414
89,20.0,13:42,0.5,0.0,2.0,2.0,1.0,0.0,5.0,-10.0,432
89,21.0,12:38,0.667,,0.0,2.0,0.0,0.0,4.0,0.0,442
89,22.0,18:09,0.33299999999999996,0.33299999999999996,1.0,1.0,2.0,0.0,5.0,-10.0,463
89,23.0,28:41,0.5710000000000001,0.5,3.0,0.0,2.0,0.0,10.0,-9.0,470
89,24.0,2:57,0.0,0.0,0.0,0.0,0.0,0.0,0.0,0.0,485
89,25.0,8:07,0.0,0.0,1.0,1.0,1.0,0.0,2.0,6.0,497
89,26.0,18:03,0.2,0.25,0.0,1.0,0.0,0.0,5.0,-9.0,508
89,27.0,26:53,0.4,0.5,3.0,6.0,4.0,0.0,9.0,2.0,522
89,28.0,20:13,0.2,0.25,2.0,3.0,1.0,0.0,5.0,10.0,537
89,29.0,21:51,0.667,0.0,3.0,3.0,0.0,0.0,8.0,1.0,559
89,30.0,21:22,0.5710000000000001,0.33299999999999996,2.0,0.0,0.0,0.0,11.0,0.0,574
89,31.0,25:05,0.4,1.0,2.0,6.0,1.0,0.0,9.0,-3.0,576
89,32.0,24:52,0.5,0.5,3.0,4.0,1.0,0.0,14.0,8.0,593
89,no play,,,,,,,,,,607
89,no play,,,,,,,,,,616
89,33.0,3:44,0.0,0.0,0.0,0.0,0.0,0.0,0.0,3.0,629
89,34.0,10:30,0.6,0.5,0.0,1.0,1.0,0.0,12.0,18.0,652
89,no play,,,,,,,,,,665
89,35.0,19:57,0.25,0.25,3.0,0.0,0.0,0.0,7.0,-11.0,682
89,36.0,19:27,0.33299999999999996,0.25,2.0,3.0,0.0,0.0,5.0,-5.0,688
89,37.0,13:47,0.4,0.0,1.0,2.0,0.0,0.0,6.0,-17.0,704
89,38.0,17:06,0.5,1.0,0.0,0.0,0.0,1.0,5.0,-8.0,721
89,39.0,26:11,0.7140000000000001,1.0,3.0,3.0,0.0,0.0,12.0,24.0,746
89,40.0,17:29,0.5,0.33299999999999996,0.0,2.0,0.0,0.0,7.0,10.0,755
89,41.0,34:44,0.8,0.667,5.0,3.0,0.0,0.0,13.0,17.0,784
89,42.0,24:46,0.5,0.33299999999999996,3.0,3.0,1.0,0.0,12.0,-9.0,798
89,43.0,20:33,0.25,0.5,2.0,1.0,2.0,0.0,3.0,-5.0,813
89,44.0,19:55,0.6,0.667,1.0,3.0,0.0,1.0,8.0,-12.0,822
89,45.0,14:42,0.2,0.0,0.0,0.0,0.0,1.0,2.0,-1.0,837
89,46.0,27:40,0.3,0.28600000000000003,2.0,1.0,0.0,0.0,10.0,6.0,855
89,47.0,12:32,0.667,0.5,3.0,1.0,2.0,0.0,7.0,-2.0,1235
89,48.0,15:33,0.5,0.667,3.0,2.0,0.0,0.0,6.0,5.0,1247
89,49.0,12:16,1.0,1.0,0.0,1.0,0.0,0.0,7.0,0.0,1267
89,50.0,13:19,1.0,1.0,1.0,1.0,1.0,0.0,5.0,0.0,867
89,51.0,9:51,0.33299999999999996,,0.0,1.0,0.0,0.0,2.0,-4.0,883
89,52.0,23:11,0.375,0.25,3.0,8.0,1.0,0.0,7.0,1.0,899
89,53.0,24:00,0.556,0.75,5.0,2.0,1.0,0.0,13.0,2.0,909
89,54.0,11:55,0.0,0.0,2.0,5.0,0.0,0.0,0.0,1.0,926
89,55.0,9:28,0.0,0.0,2.0,0.0,1.0,0.0,0.0,-18.0,945
89,no play,,,,,,,,,,951
89,no play,,,,,,,,,,969
89,no play,,,,,,,,,,981
89,no play,,,,,,,,,,992
89,no play,,,,,,,,,,1011
89,56.0,15:01,0.5,0.33299999999999996,1.0,1.0,0.0,1.0,7.0,-4.0,1021
89,no play,,,,,,,,,,1037
89,57.0,4:30,0.0,,1.0,1.0,0.0,0.0,0.0,-2.0,1050
89,58.0,3:11,,,1.0,0.0,1.0,0.0,0.0,9.0,1082
89,no play,,,,,,,,,,1098
89,no play,,,,,,,,,,1107
89,59.0,6:36,0.0,0.0,0.0,2.0,1.0,0.0,0.0,-3.0,1121
89,60.0,30:39,0.5,0.25,8.0,5.0,2.0,0.0,15.0,0.0,1134
89,61.0,30:06,0.75,0.75,3.0,5.0,1.0,1.0,15.0,14.0,1149
89,62.0,27:36,0.583,0.4,1.0,11.0,2.0,0.0,17.0,23.0,1167
89,63.0,22:05,0.28600000000000003,0.25,6.0,2.0,2.0,0.0,5.0,19.0,1183
