Player_ID,G,MP,FG%,3P%,TRB,AST,STL,BLK,PTS,+/-,Game_ID
271,1.0,36:36,0.353,0.667,7.0,3.0,2.0,0.0,24.0,8.0,11
271,2.0,25:56,0.667,0.0,5.0,3.0,1.0,0.0,16.0,11.0,26
271,3.0,27:17,0.6,0.667,6.0,2.0,0.0,0.0,22.0,24.0,39
271,4.0,35:46,0.381,0.4,9.0,2.0,0.0,0.0,23.0,-6.0,57
271,5.0,37:13,0.467,0.25,5.0,2.0,1.0,0.0,26.0,-8.0,69
271,6.0,31:45,0.7140000000000001,1.0,4.0,2.0,0.0,0.0,16.0,-18.0,79
271,7.0,30:39,0.385,0.0,5.0,7.0,4.0,0.0,20.0,24.0,92
271,8.0,39:17,0.542,0.444,4.0,7.0,6.0,0.0,39.0,8.0,107
271,9.0,37:43,0.455,0.5,4.0,5.0,3.0,0.0,20.0,1.0,114
271,10.0,38:19,0.478,0.33299999999999996,8.0,9.0,3.0,0.0,37.0,16.0,129
271,11.0,34:23,0.563,1.0,12.0,5.0,0.0,0.0,27.0,25.0,152
271,12.0,40:31,0.368,0.5,12.0,3.0,2.0,0.0,20.0,-2.0,169
271,13.0,38:10,0.278,0.2,6.0,1.0,0.0,0.0,22.0,-10.0,188
271,14.0,39:59,0.609,0.0,7.0,6.0,1.0,0.0,40.0,14.0,194
271,15.0,39:24,0.55,0.5,7.0,5.0,0.0,2.0,35.0,18.0,206
271,16.0,30:30,0.667,0.5,4.0,3.0,1.0,0.0,26.0,20.0,240
271,17.0,40:03,0.222,0.16699999999999998,4.0,2.0,3.0,0.0,22.0,8.0,279
271,18.0,41:53,0.4,0.0,8.0,6.0,3.0,2.0,26.0,9.0,296
271,19.0,35:40,0.444,0.0,9.0,4.0,2.0,0.0,26.0,-10.0,306
271,20.0,36:45,0.5,0.5,7.0,5.0,1.0,2.0,26.0,2.0,318
271,21.0,42:55,0.524,0.0,6.0,4.0,0.0,1.0,32.0,-3.0,327
271,22.0,38:18,0.28600000000000003,0.33299999999999996,9.0,4.0,2.0,1.0,13.0,6.0,336
271,23.0,38:21,0.5329999999999999,,7.0,4.0,3.0,0.0,31.0,3.0,350
271,24.0,38:52,0.409,0.5,9.0,6.0,3.0,1.0,27.0,-15.0,370
271,25.0,37:32,0.375,0.33299999999999996,3.0,3.0,2.0,0.0,21.0,-8.0,384
271,26.0,30:14,0.214,0.2,7.0,6.0,1.0,0.0,7.0,-12.0,393
271,27.0,30:00,0.857,1.0,3.0,6.0,2.0,0.0,19.0,25.0,414
271,28.0,38:51,0.3,0.0,11.0,5.0,0.0,0.0,20.0,-6.0,432
271,29.0,39:12,0.579,0.5,4.0,4.0,0.0,1.0,26.0,-9.0,442
271,30.0,36:21,0.42100000000000004,0.33299999999999996,5.0,3.0,1.0,0.0,19.0,-19.0,463
271,31.0,39:47,0.25,0.33299999999999996,5.0,5.0,2.0,0.0,16.0,2.0,470
271,32.0,38:21,0.483,0.5,10.0,4.0,4.0,0.0,40.0,4.0,485
271,33.0,38:24,0.47100000000000003,0.0,6.0,3.0,2.0,0.0,25.0,-15.0,497
271,34.0,37:35,0.43799999999999994,0.33299999999999996,7.0,8.0,2.0,0.0,26.0,-4.0,508
271,35.0,38:19,0.625,0.25,12.0,6.0,3.0,1.0,52.0,15.0,522
271,36.0,38:27,0.35,0.375,6.0,8.0,1.0,0.0,20.0,15.0,537
271,37.0,44:13,0.4,0.5,10.0,5.0,2.0,0.0,42.0,8.0,559
271,38.0,28:48,0.0,0.0,2.0,7.0,0.0,0.0,1.0,-15.0,574
271,no play,,,,,,,,,,576
271,no play,,,,,,,,,,593
271,39.0,39:11,0.563,0.75,8.0,6.0,4.0,2.0,28.0,1.0,607
271,40.0,37:56,0.429,0.2,8.0,6.0,3.0,0.0,16.0,-6.0,616
271,41.0,40:09,0.41700000000000004,0.0,9.0,12.0,1.0,0.0,24.0,10.0,629
271,42.0,29:28,0.75,1.0,0.0,3.0,1.0,0.0,19.0,-22.0,652
271,43.0,39:05,0.429,0.33299999999999996,5.0,7.0,0.0,0.0,23.0,14.0,665
271,44.0,38:52,0.5,0.0,8.0,4.0,4.0,0.0,20.0,3.0,682
271,45.0,40:08,0.591,0.5,4.0,3.0,3.0,0.0,40.0,-3.0,688
271,46.0,33:21,0.077,0.0,3.0,2.0,0.0,1.0,3.0,-23.0,704
271,47.0,38:35,0.444,,8.0,7.0,4.0,0.0,28.0,13.0,721
271,48.0,29:46,0.647,0.0,4.0,5.0,3.0,0.0,28.0,21.0,746
271,no play,,,,,,,,,,755
271,no play,,,,,,,,,,784
271,no play,,,,,,,,,,798
271,49.0,30:20,0.375,0.0,3.0,6.0,2.0,0.0,20.0,-4.0,813
271,no play,,,,,,,,,,822
271,50.0,37:51,0.2,0.0,2.0,12.0,5.0,0.0,19.0,13.0,837
271,51.0,40:04,0.45,0.4,4.0,7.0,0.0,1.0,29.0,10.0,855
271,52.0,43:14,0.381,0.25,3.0,9.0,4.0,0.0,22.0,13.0,1235
271,53.0,38:30,0.368,0.667,10.0,10.0,1.0,0.0,18.0,20.0,1247
271,54.0,35:06,0.231,0.0,4.0,3.0,3.0,0.0,8.0,-20.0,1267
271,55.0,35:29,0.429,0.0,5.0,6.0,4.0,1.0,22.0,9.0,867
271,56.0,36:25,0.5710000000000001,1.0,4.0,6.0,3.0,0.0,16.0,-6.0,883
271,57.0,39:01,0.43799999999999994,0.16699999999999998,9.0,4.0,1.0,1.0,27.0,-5.0,899
271,58.0,38:15,0.33299999999999996,0.375,4.0,9.0,1.0,1.0,21.0,-8.0,909
271,59.0,31:00,0.5,0.0,5.0,4.0,1.0,0.0,16.0,-20.0,926
271,60.0,31:40,0.182,0.5,7.0,3.0,2.0,0.0,5.0,-12.0,945
271,61.0,38:22,0.5329999999999999,0.4,6.0,11.0,2.0,2.0,23.0,11.0,951
271,62.0,39:52,0.25,0.0,7.0,1.0,0.0,2.0,14.0,-9.0,969
271,63.0,38:04,0.588,0.667,5.0,5.0,3.0,0.0,28.0,-6.0,981
271,64.0,38:10,0.444,0.0,4.0,7.0,3.0,2.0,23.0,1.0,992
271,65.0,43:37,0.524,0.429,10.0,6.0,1.0,2.0,37.0,-6.0,1011
271,66.0,33:46,1.0,,5.0,12.0,2.0,0.0,16.0,20.0,1021
271,67.0,42:08,0.41700000000000004,0.0,7.0,11.0,3.0,0.0,36.0,-5.0,1037
271,68.0,39:02,0.615,1.0,6.0,14.0,3.0,0.0,20.0,23.0,1050
271,69.0,38:26,0.588,1.0,6.0,5.0,2.0,0.0,25.0,2.0,1082
271,70.0,42:32,0.55,0.5,5.0,8.0,0.0,1.0,33.0,1.0,1098
271,71.0,38:48,0.5379999999999999,1.0,6.0,5.0,1.0,1.0,39.0,0.0,1107
271,72.0,39:39,0.5,0.33299999999999996,3.0,4.0,1.0,2.0,26.0,-6.0,1121
271,73.0,37:09,0.41700000000000004,0.0,10.0,10.0,2.0,0.0,19.0,18.0,1134
271,74.0,38:02,0.545,1.0,7.0,4.0,0.0,0.0,33.0,-3.0,1149
271,75.0,30:48,0.455,0.0,5.0,3.0,3.0,0.0,17.0,31.0,1167
271,76.0,34:51,0.42100000000000004,0.33299999999999996,6.0,4.0,4.0,2.0,25.0,26.0,1183
