Player_ID,G,MP,FG%,3P%,TRB,AST,STL,BLK,PTS,+/-,Game_ID
45,1.0,19:31,0.0,,6.0,3.0,1.0,0.0,0.0,-1.0,
45,2.0,21:50,1.0,,10.0,7.0,0.0,1.0,6.0,17.0,24
45,3.0,30:44,0.25,,12.0,8.0,0.0,2.0,2.0,-6.0,46
45,4.0,18:06,0.0,,2.0,4.0,0.0,0.0,0.0,-9.0,54
45,5.0,34:57,0.636,0.0,9.0,4.0,3.0,0.0,16.0,22.0,69
45,6.0,20:02,0.667,,5.0,2.0,1.0,1.0,4.0,-1.0,83
45,7.0,21:10,0.5,,7.0,4.0,1.0,0.0,2.0,5.0,102
45,8.0,22:27,0.8,,10.0,2.0,1.0,3.0,9.0,-9.0,121
45,9.0,32:38,0.222,,18.0,1.0,2.0,0.0,4.0,-5.0,127
45,10.0,15:22,0.0,,6.0,2.0,0.0,0.0,0.0,-4.0,142
45,11.0,25:07,0.429,,15.0,3.0,1.0,3.0,7.0,11.0,158
45,12.0,19:08,0.33299999999999996,,8.0,2.0,0.0,0.0,2.0,-18.0,165
45,no play,,,,,,,,,,189
45,no play,,,,,,,,,,204
45,13.0,17:59,0.6,,9.0,1.0,1.0,0.0,6.0,-9.0,239
45,14.0,12:09,0.0,,4.0,0.0,0.0,0.0,0.0,-12.0,252
45,15.0,25:40,0.5,,3.0,4.0,1.0,4.0,2.0,4.0,266
45,no play,,,,,,,,,,281
45,no play,,,,,,,,,,295
45,16.0,24:44,0.25,,5.0,0.0,1.0,0.0,2.0,-4.0,312
45,17.0,14:29,0.833,,10.0,2.0,0.0,0.0,10.0,9.0,326
45,18.0,15:04,0.667,,6.0,2.0,0.0,0.0,5.0,-29.0,1198
45,19.0,28:01,0.33299999999999996,,9.0,1.0,1.0,2.0,4.0,9.0,345
45,20.0,20:01,0.5,,3.0,4.0,0.0,1.0,4.0,-2.0,360
45,21.0,21:55,0.6,,8.0,3.0,1.0,1.0,8.0,0.0,372
45,22.0,14:36,0.3,,10.0,1.0,0.0,1.0,6.0,-14.0,388
45,23.0,11:26,0.25,,5.0,0.0,0.0,0.0,2.0,-7.0,404
45,24.0,29:39,0.5,,11.0,2.0,0.0,2.0,11.0,0.0,421
45,25.0,22:10,0.4,,7.0,1.0,2.0,0.0,6.0,8.0,439
45,26.0,27:42,0.75,,12.0,2.0,0.0,0.0,8.0,4.0,461
45,27.0,38:24,0.625,,16.0,3.0,2.0,1.0,14.0,0.0,483
45,28.0,15:59,0.0,,6.0,2.0,0.0,2.0,0.0,-12.0,500
45,29.0,28:31,0.7,,16.0,2.0,1.0,1.0,15.0,-11.0,510
45,30.0,32:56,0.429,,10.0,2.0,2.0,2.0,8.0,-9.0,521
45,31.0,30:42,0.5710000000000001,,16.0,2.0,0.0,1.0,8.0,7.0,536
45,32.0,20:10,0.667,,9.0,1.0,0.0,0.0,8.0,-6.0,553
45,33.0,21:29,0.5,,6.0,3.0,1.0,0.0,4.0,-12.0,557
45,34.0,17:45,0.667,,10.0,2.0,0.0,0.0,4.0,-14.0,573
45,35.0,19:58,0.5,,6.0,0.0,2.0,1.0,7.0,-9.0,585
45,36.0,27:19,0.6,,16.0,1.0,0.0,1.0,12.0,12.0,593
45,37.0,23:21,0.0,,7.0,3.0,0.0,1.0,1.0,-24.0,612
45,38.0,33:24,0.667,,17.0,3.0,1.0,2.0,7.0,0.0,618
45,no play,,,,,,,,,,635
45,no play,,,,,,,,,,643
45,39.0,20:27,0.0,,15.0,3.0,0.0,1.0,0.0,-6.0,659
45,40.0,11:49,1.0,,6.0,1.0,0.0,0.0,2.0,2.0,677
45,41.0,18:40,0.33299999999999996,,8.0,2.0,0.0,0.0,3.0,-7.0,693
45,42.0,11:31,0.0,,2.0,2.0,0.0,1.0,0.0,4.0,703
45,43.0,40:44,0.4,,14.0,5.0,3.0,2.0,6.0,2.0,716
45,44.0,15:20,0.0,,4.0,1.0,1.0,0.0,0.0,-12.0,730
45,45.0,13:19,0.5,,7.0,0.0,0.0,0.0,3.0,-7.0,739
45,46.0,6:10,1.0,,2.0,0.0,0.0,0.0,4.0,-1.0,765
45,no play,,,,,,,,,,774
45,no play,,,,,,,,,,797
45,no play,,,,,,,,,,806
45,no play,,,,,,,,,,823
45,no play,,,,,,,,,,851
45,no play,,,,,,,,,,1229
45,no play,,,,,,,,,,1244
45,no play,,,,,,,,,,1258
45,no play,,,,,,,,,,856
45,no play,,,,,,,,,,870
45,no play,,,,,,,,,,889
45,no play,,,,,,,,,,896
45,no play,,,,,,,,,,912
45,no play,,,,,,,,,,935
45,no play,,,,,,,,,,946
45,no play,,,,,,,,,,961
45,no play,,,,,,,,,,976
45,no play,,,,,,,,,,1010
45,no play,,,,,,,,,,1026
45,no play,,,,,,,,,,1031
45,no play,,,,,,,,,,1045
45,no play,,,,,,,,,,1058
45,no play,,,,,,,,,,1075
45,no play,,,,,,,,,,1093
45,no play,,,,,,,,,,1102
45,no play,,,,,,,,,,1121
45,no play,,,,,,,,,,1137
45,no play,,,,,,,,,,1142
45,no play,,,,,,,,,,1157
45,no play,,,,,,,,,,1181
