Player_ID,G,MP,FG%,3P%,TRB,AST,STL,BLK,PTS,+/-,Game_ID
240,no play,,,,,,,,,,0
240,no play,,,,,,,,,,16
240,no play,,,,,,,,,,25
240,no play,,,,,,,,,,44
240,no play,,,,,,,,,,61
240,no play,,,,,,,,,,77
240,no play,,,,,,,,,,92
240,no play,,,,,,,,,,105
240,no play,,,,,,,,,,120
240,no play,,,,,,,,,,137
240,no play,,,,,,,,,,141
240,no play,,,,,,,,,,155
240,no play,,,,,,,,,,183
240,no play,,,,,,,,,,200
240,no play,,,,,,,,,,210
240,no play,,,,,,,,,,237
240,no play,,,,,,,,,,259
240,no play,,,,,,,,,,275
240,no play,,,,,,,,,,288
240,1.0,16:52,0.33299999999999996,0.667,1.0,0.0,3.0,0.0,10.0,-9.0,292
240,2.0,15:30,0.375,0.0,1.0,2.0,1.0,0.0,7.0,7.0,310
240,3.0,16:02,0.7140000000000001,0.8,2.0,1.0,0.0,0.0,18.0,5.0,325
240,4.0,16:21,0.429,0.33299999999999996,0.0,0.0,0.0,0.0,9.0,2.0,1193
240,5.0,19:30,0.0,0.0,5.0,2.0,1.0,0.0,4.0,-4.0,337
240,6.0,13:32,0.25,0.5,1.0,1.0,0.0,0.0,3.0,-4.0,347
240,7.0,26:23,0.7,0.667,4.0,2.0,2.0,0.0,20.0,10.0,369
240,8.0,12:54,0.0,0.0,2.0,1.0,0.0,0.0,0.0,4.0,376
240,9.0,17:48,0.33299999999999996,0.0,2.0,3.0,4.0,0.0,6.0,0.0,390
240,10.0,23:59,0.16699999999999998,0.0,0.0,1.0,0.0,0.0,2.0,-23.0,410
240,11.0,12:48,0.2,0.5,1.0,0.0,0.0,0.0,3.0,3.0,422
240,no play,,,,,,,,,,439
240,12.0,26:45,0.273,0.16699999999999998,5.0,1.0,2.0,0.0,9.0,11.0,443
240,13.0,28:33,0.625,0.6,3.0,2.0,2.0,0.0,13.0,15.0,467
240,14.0,22:11,0.556,0.25,1.0,1.0,2.0,0.0,11.0,-21.0,482
240,15.0,29:46,0.33299999999999996,0.375,3.0,2.0,0.0,0.0,11.0,-14.0,515
240,16.0,31:41,0.778,0.857,2.0,2.0,0.0,1.0,23.0,16.0,521
240,17.0,23:42,0.5,0.0,2.0,1.0,2.0,0.0,8.0,-11.0,535
240,18.0,14:02,0.0,0.0,1.0,0.0,0.0,1.0,0.0,-11.0,550
240,19.0,17:49,0.2,0.33299999999999996,1.0,2.0,0.0,0.0,3.0,-7.0,572
240,20.0,27:46,0.545,0.4,5.0,2.0,5.0,0.0,14.0,-6.0,589
240,21.0,18:32,0.5,1.0,1.0,1.0,1.0,0.0,12.0,-8.0,603
240,22.0,38:07,0.375,0.375,3.0,6.0,1.0,0.0,12.0,6.0,610
240,23.0,34:10,0.444,0.33299999999999996,4.0,4.0,0.0,0.0,11.0,-21.0,622
240,24.0,15:46,0.33299999999999996,0.0,4.0,0.0,2.0,0.0,5.0,3.0,636
240,no play,,,,,,,,,,648
240,no play,,,,,,,,,,666
240,no play,,,,,,,,,,682
240,no play,,,,,,,,,,701
240,no play,,,,,,,,,,720
240,no play,,,,,,,,,,726
240,no play,,,,,,,,,,736
240,no play,,,,,,,,,,752
240,no play,,,,,,,,,,762
240,no play,,,,,,,,,,786
240,no play,,,,,,,,,,801
240,no play,,,,,,,,,,819
240,no play,,,,,,,,,,829
240,no play,,,,,,,,,,840
240,no play,,,,,,,,,,
240,no play,,,,,,,,,,1243
240,no play,,,,,,,,,,856
240,no play,,,,,,,,,,872
240,no play,,,,,,,,,,891
240,no play,,,,,,,,,,896
240,no play,,,,,,,,,,909
240,no play,,,,,,,,,,925
240,no play,,,,,,,,,,937
240,no play,,,,,,,,,,957
240,no play,,,,,,,,,,979
240,no play,,,,,,,,,,986
240,25.0,20:25,0.111,0.0,4.0,0.0,0.0,0.0,9.0,8.0,1005
240,26.0,15:29,0.5,0.75,2.0,0.0,0.0,0.0,10.0,-15.0,1019
240,27.0,20:43,0.5,0.75,2.0,0.0,0.0,0.0,15.0,0.0,1034
240,28.0,13:03,0.33299999999999996,0.0,2.0,1.0,2.0,0.0,4.0,-10.0,1057
240,29.0,13:55,0.0,0.0,1.0,1.0,1.0,0.0,0.0,6.0,1072
240,30.0,17:52,0.444,0.5,1.0,0.0,1.0,1.0,13.0,12.0,1089
240,31.0,18:29,0.5710000000000001,0.25,0.0,0.0,0.0,1.0,11.0,-17.0,1099
240,32.0,20:33,0.28600000000000003,0.25,6.0,3.0,2.0,0.0,11.0,3.0,1117
240,33.0,30:36,0.583,0.5710000000000001,2.0,0.0,0.0,0.0,20.0,14.0,1135
240,34.0,13:42,0.28600000000000003,0.4,3.0,1.0,0.0,0.0,8.0,-11.0,1151
240,35.0,14:13,0.0,0.0,0.0,1.0,0.0,0.0,0.0,-18.0,1167
240,36.0,18:08,0.429,0.6,0.0,1.0,0.0,0.0,12.0,-19.0,1178
