Player_ID,G,MP,FG%,3P%,TRB,AST,STL,BLK,PTS,+/-,Game_ID
148,1.0,3:27,,,0.0,0.0,0.0,0.0,0.0,1.0,1
148,2.0,12:58,0.33299999999999996,1.0,2.0,1.0,0.0,0.0,6.0,-2.0,15
148,3.0,20:00,0.5710000000000001,0.667,2.0,3.0,0.0,0.0,11.0,-5.0,26
148,no play,,,,,,,,,,43
148,4.0,1:41,,,0.0,0.0,0.0,0.0,0.0,-4.0,62
148,5.0,2:40,1.0,,0.0,0.0,0.0,0.0,5.0,-2.0,79
148,6.0,15:36,0.4,0.0,2.0,2.0,1.0,0.0,9.0,2.0,91
148,no play,,,,,,,,,,106
148,no play,,,,,,,,,,117
148,7.0,1:10,0.0,0.0,0.0,0.0,0.0,0.0,0.0,-2.0,126
148,8.0,2:15,0.0,,0.0,0.0,0.0,0.0,0.0,3.0,141
148,9.0,1:24,0.0,0.0,0.0,0.0,0.0,0.0,0.0,-2.0,156
148,10.0,2:50,0.5,0.0,0.0,0.0,0.0,0.0,2.0,-2.0,171
148,no play,,,,,,,,,,191
148,11.0,8:18,0.0,0.0,4.0,0.0,0.0,0.0,0.0,-4.0,198
148,no play,,,,,,,,,,212
148,12.0,8:41,0.33299999999999996,0.0,1.0,4.0,0.0,0.0,2.0,-9.0,245
148,13.0,2:11,,,0.0,0.0,0.0,0.0,0.0,0.0,260
148,14.0,2:47,0.0,0.0,0.0,0.0,0.0,0.0,2.0,-5.0,285
148,no play,,,,,,,,,,313
148,15.0,9:31,0.5,0.0,2.0,0.0,3.0,0.0,12.0,-6.0,324
148,no play,,,,,,,,,,1200
148,no play,,,,,,,,,,343
148,no play,,,,,,,,,,348
148,no play,,,,,,,,,,361
148,no play,,,,,,,,,,377
148,no play,,,,,,,,,,385
148,16.0,3:03,0.0,0.0,0.0,0.0,0.0,0.0,0.0,-4.0,400
148,no play,,,,,,,,,,413
148,no play,,,,,,,,,,421
148,no play,,,,,,,,,,437
148,no play,,,,,,,,,,470
148,no play,,,,,,,,,,481
148,no play,,,,,,,,,,497
148,17.0,2:55,,,0.0,0.0,0.0,0.0,0.0,-3.0,515
148,no play,,,,,,,,,,528
148,18.0,1:47,0.0,0.0,1.0,0.0,0.0,0.0,0.0,-2.0,541
148,19.0,0:56,0.0,0.0,0.0,1.0,0.0,0.0,0.0,2.0,557
148,20.0,2:49,0.667,0.5,0.0,1.0,0.0,0.0,5.0,2.0,591
148,no play,,,,,,,,,,621
148,no play,,,,,,,,,,640
148,no play,,,,,,,,,,654
148,no play,,,,,,,,,,664
148,21.0,5:59,0.0,,0.0,1.0,0.0,0.0,1.0,-5.0,677
148,no play,,,,,,,,,,696
148,no play,,,,,,,,,,699
148,22.0,2:33,0.0,0.0,0.0,0.0,0.0,0.0,0.0,-1.0,718
148,no play,,,,,,,,,,736
148,no play,,,,,,,,,,753
148,23.0,1:38,0.0,,0.0,0.0,0.0,0.0,0.0,1.0,763
148,no play,,,,,,,,,,776
148,24.0,1:32,1.0,1.0,0.0,0.0,0.0,0.0,5.0,1.0,789
148,no play,,,,,,,,,,811
148,no play,,,,,,,,,,815
148,no play,,,,,,,,,,827
148,25.0,2:38,0.5,0.0,0.0,1.0,0.0,0.0,2.0,7.0,841
148,no play,,,,,,,,,,854
148,26.0,1:44,0.0,,0.0,0.0,0.0,0.0,0.0,-9.0,1233
148,27.0,0:50,,,0.0,0.0,0.0,0.0,0.0,0.0,1245
148,no play,,,,,,,,,,1263
148,no play,,,,,,,,,,863
148,no play,,,,,,,,,,888
148,no play,,,,,,,,,,901
148,no play,,,,,,,,,,916
148,no play,,,,,,,,,,927
148,no play,,,,,,,,,,947
148,no play,,,,,,,,,,961
148,28.0,2:20,,,0.0,1.0,0.0,0.0,0.0,-2.0,965
148,no play,,,,,,,,,,1000
148,no play,,,,,,,,,,1006
148,no play,,,,,,,,,,1020
148,no play,,,,,,,,,,1035
148,29.0,3:17,0.0,,0.0,0.0,0.0,0.0,0.0,-11.0,1052
148,no play,,,,,,,,,,1064
148,30.0,2:47,1.0,,2.0,0.0,0.0,0.0,4.0,5.0,1076
148,no play,,,,,,,,,,1086
148,no play,,,,,,,,,,1111
148,31.0,0:03,,,0.0,0.0,0.0,0.0,0.0,0.0,1118
148,32.0,1:26,0.0,,0.0,0.0,0.0,0.0,0.0,-2.0,1136
148,33.0,1:24,1.0,,1.0,0.0,0.0,0.0,2.0,0.0,1151
148,no play,,,,,,,,,,1164
148,no play,,,,,,,,,,1187
