Player_ID,G,MP,FG%,3P%,TRB,AST,STL,BLK,PTS,+/-,Game_ID
249,1.0,30:17,0.2,0.0,3.0,10.0,4.0,1.0,12.0,-9.0,10
249,2.0,36:46,0.42100000000000004,0.33299999999999996,3.0,13.0,1.0,1.0,22.0,3.0,37
249,3.0,37:18,0.684,0.0,5.0,11.0,3.0,1.0,33.0,-1.0,51
249,4.0,32:52,0.41200000000000003,0.5,10.0,6.0,2.0,0.0,21.0,2.0,66
249,no play,,,,,,,,,,77
249,5.0,35:15,0.563,0.5,5.0,9.0,2.0,0.0,21.0,-7.0,90
249,6.0,30:55,0.375,0.33299999999999996,3.0,7.0,0.0,1.0,19.0,15.0,103
249,7.0,35:04,0.5,0.33299999999999996,2.0,3.0,2.0,1.0,28.0,-18.0,118
249,no play,,,,,,,,,,129
249,8.0,23:56,0.42100000000000004,0.33299999999999996,4.0,6.0,1.0,0.0,27.0,1.0,154
249,9.0,31:16,0.467,0.5,2.0,11.0,1.0,0.0,23.0,20.0,165
249,10.0,37:03,0.522,0.833,4.0,8.0,0.0,0.0,34.0,-5.0,182
249,11.0,38:03,0.25,0.2,4.0,15.0,4.0,3.0,18.0,0.0,196
249,12.0,38:43,0.556,0.25,7.0,10.0,3.0,0.0,26.0,11.0,237
249,13.0,37:07,0.5,0.0,3.0,5.0,1.0,0.0,21.0,-9.0,251
249,14.0,42:32,0.375,0.33299999999999996,5.0,11.0,3.0,1.0,19.0,0.0,264
249,15.0,43:41,0.3,0.28600000000000003,6.0,15.0,1.0,1.0,15.0,-11.0,280
249,16.0,37:09,0.5,1.0,2.0,15.0,3.0,0.0,17.0,7.0,299
249,17.0,35:46,0.526,0.2,1.0,13.0,3.0,0.0,25.0,6.0,316
249,18.0,42:18,0.581,0.625,4.0,8.0,3.0,0.0,52.0,-1.0,325
249,19.0,38:01,0.35700000000000004,0.0,7.0,5.0,3.0,1.0,15.0,9.0,332
249,20.0,38:43,0.4,0.25,4.0,11.0,2.0,1.0,24.0,0.0,346
249,21.0,37:57,0.462,0.2,6.0,8.0,1.0,1.0,30.0,-14.0,363
249,22.0,36:12,0.474,0.0,6.0,10.0,6.0,0.0,25.0,4.0,375
249,23.0,34:54,0.5710000000000001,1.0,2.0,11.0,3.0,0.0,29.0,15.0,389
249,24.0,36:24,0.43799999999999994,0.0,5.0,11.0,1.0,1.0,18.0,7.0,406
249,25.0,37:51,0.429,0.0,4.0,10.0,2.0,0.0,19.0,-2.0,413
249,26.0,35:53,0.643,0.0,6.0,9.0,3.0,0.0,23.0,2.0,432
249,27.0,31:54,0.444,0.0,3.0,10.0,1.0,0.0,18.0,-14.0,447
249,28.0,42:02,0.42100000000000004,0.25,3.0,16.0,2.0,1.0,18.0,10.0,466
249,29.0,38:45,0.579,0.667,11.0,9.0,2.0,0.0,36.0,5.0,481
249,30.0,31:53,0.5,0.25,2.0,14.0,4.0,1.0,19.0,12.0,498
249,31.0,37:00,0.444,0.0,5.0,12.0,2.0,0.0,18.0,-13.0,523
249,32.0,39:21,0.526,0.33299999999999996,4.0,8.0,3.0,1.0,27.0,5.0,529
249,33.0,40:03,0.5,0.0,1.0,18.0,2.0,0.0,18.0,16.0,549
249,34.0,36:48,0.467,0.0,3.0,7.0,1.0,0.0,16.0,11.0,565
249,35.0,40:10,0.524,0.5,6.0,14.0,1.0,1.0,26.0,24.0,576
249,36.0,38:43,0.19,0.0,7.0,11.0,3.0,1.0,9.0,-2.0,588
249,37.0,30:02,0.529,0.75,7.0,7.0,2.0,0.0,25.0,16.0,609
249,38.0,27:59,0.588,0.667,4.0,7.0,2.0,0.0,24.0,16.0,619
249,39.0,36:59,0.389,0.2,2.0,13.0,2.0,1.0,25.0,0.0,633
249,40.0,37:12,0.524,0.33299999999999996,5.0,13.0,3.0,0.0,29.0,11.0,643
249,41.0,38:39,0.4,0.0,7.0,10.0,2.0,0.0,19.0,-6.0,656
249,42.0,37:58,0.45,0.0,4.0,7.0,1.0,0.0,24.0,6.0,670
249,43.0,37:43,0.55,0.5,7.0,7.0,3.0,1.0,27.0,17.0,681
249,44.0,30:24,0.41200000000000003,0.5,6.0,9.0,0.0,0.0,19.0,23.0,706
249,45.0,37:05,0.42100000000000004,0.0,1.0,19.0,2.0,1.0,18.0,7.0,719
249,46.0,33:57,0.33299999999999996,0.5,4.0,13.0,0.0,0.0,15.0,22.0,730
249,47.0,40:35,0.478,0.429,3.0,11.0,2.0,1.0,33.0,8.0,748
249,48.0,37:47,0.42100000000000004,0.28600000000000003,3.0,13.0,5.0,1.0,24.0,7.0,761
249,49.0,44:28,0.42100000000000004,0.0,4.0,12.0,1.0,0.0,22.0,-5.0,775
249,50.0,45:56,0.292,0.25,6.0,12.0,1.0,2.0,23.0,6.0,790
249,51.0,36:37,0.43799999999999994,0.4,3.0,14.0,2.0,0.0,26.0,21.0,811
249,52.0,30:22,0.4,0.5,5.0,14.0,1.0,2.0,15.0,31.0,831
249,53.0,37:13,0.4,0.0,2.0,12.0,1.0,2.0,20.0,18.0,854
249,54.0,40:54,0.381,0.0,8.0,14.0,0.0,2.0,29.0,-4.0,1232
249,55.0,36:40,0.5,0.5,3.0,11.0,4.0,0.0,23.0,-7.0,1253
249,56.0,39:32,0.3,0.0,6.0,19.0,3.0,0.0,12.0,1.0,1265
249,57.0,34:28,0.33299999999999996,0.0,4.0,13.0,0.0,1.0,12.0,2.0,857
249,58.0,38:13,0.375,0.5,8.0,7.0,1.0,3.0,30.0,6.0,871
249,59.0,37:18,0.353,0.33299999999999996,6.0,10.0,0.0,1.0,19.0,-1.0,891
249,60.0,37:19,0.45,0.0,4.0,14.0,3.0,2.0,25.0,9.0,908
249,61.0,35:09,0.632,0.33299999999999996,3.0,10.0,1.0,0.0,30.0,7.0,918
249,62.0,40:39,0.44,0.25,4.0,12.0,2.0,0.0,25.0,15.0,932
249,63.0,40:21,0.565,0.6,2.0,9.0,0.0,1.0,39.0,8.0,943
249,64.0,38:04,0.375,0.33299999999999996,2.0,5.0,1.0,0.0,27.0,-20.0,955
249,65.0,36:27,0.5,0.4,1.0,11.0,3.0,0.0,26.0,5.0,964
249,66.0,33:39,0.308,0.33299999999999996,0.0,20.0,1.0,1.0,14.0,12.0,981
249,67.0,35:00,0.313,0.25,4.0,8.0,1.0,2.0,19.0,-10.0,990
249,68.0,33:54,0.4,0.0,4.0,8.0,3.0,0.0,16.0,-21.0,1007
249,69.0,34:14,0.28600000000000003,0.16699999999999998,2.0,10.0,4.0,2.0,22.0,-5.0,1023
249,70.0,23:58,0.563,0.0,4.0,9.0,1.0,0.0,22.0,-2.0,1032
249,71.0,37:11,0.667,1.0,4.0,11.0,2.0,1.0,37.0,12.0,1043
249,72.0,36:42,0.56,0.25,3.0,14.0,4.0,0.0,34.0,11.0,1070
249,73.0,38:49,0.696,0.33299999999999996,7.0,8.0,3.0,0.0,41.0,-9.0,1079
249,74.0,37:55,0.273,0.33299999999999996,4.0,5.0,1.0,0.0,16.0,-19.0,1095
249,75.0,26:43,0.364,0.0,4.0,11.0,1.0,0.0,15.0,-14.0,1112
249,76.0,35:25,0.5,0.75,1.0,13.0,6.0,0.0,23.0,-6.0,1116
249,77.0,31:35,0.6,0.8,1.0,8.0,1.0,1.0,24.0,6.0,1137
249,78.0,35:52,0.278,0.33299999999999996,6.0,8.0,2.0,2.0,16.0,-7.0,1153
249,no play,,,,,,,,,,1169
249,no play,,,,,,,,,,1182
