Player_ID,G,MP,FG%,3P%,TRB,AST,STL,BLK,PTS,+/-,Game_ID
155,1.0,10:23,0.5,,4.0,0.0,0.0,0.0,4.0,-3.0,4
155,2.0,20:56,0.5,,12.0,3.0,2.0,2.0,7.0,1.0,27
155,3.0,11:34,0.0,,3.0,1.0,0.0,0.0,0.0,-7.0,34
155,4.0,16:21,,,5.0,1.0,1.0,0.0,0.0,2.0,47
155,no play,,,,,,,,,,62
155,5.0,15:42,0.667,,4.0,2.0,0.0,1.0,4.0,-3.0,81
155,6.0,6:06,,,1.0,0.0,0.0,0.0,0.0,-13.0,86
155,7.0,17:21,0.4,,6.0,0.0,0.0,2.0,4.0,-3.0,113
155,8.0,17:30,0.6,,7.0,1.0,0.0,1.0,8.0,-8.0,133
155,9.0,20:18,0.4,,7.0,2.0,0.0,0.0,7.0,5.0,159
155,10.0,28:02,0.625,,5.0,0.0,1.0,2.0,12.0,-2.0,166
155,11.0,17:35,1.0,,6.0,0.0,1.0,0.0,7.0,1.0,187
155,12.0,22:27,0.2,,2.0,2.0,0.0,3.0,2.0,-12.0,200
155,no play,,,,,,,,,,243
155,13.0,28:38,0.615,,7.0,1.0,1.0,3.0,20.0,1.0,259
155,14.0,20:41,0.429,,9.0,2.0,0.0,2.0,7.0,-4.0,273
155,15.0,24:47,0.444,,8.0,1.0,0.0,5.0,12.0,13.0,287
155,16.0,26:45,0.636,,7.0,2.0,1.0,2.0,20.0,20.0,301
155,17.0,25:38,0.33299999999999996,,5.0,1.0,1.0,3.0,8.0,-1.0,319
155,18.0,25:22,0.5,,6.0,0.0,0.0,2.0,7.0,-3.0,1196
155,19.0,25:27,0.5,,6.0,4.0,1.0,1.0,6.0,-7.0,340
155,20.0,25:20,0.7,,4.0,1.0,0.0,2.0,14.0,-1.0,346
155,21.0,13:54,0.6,,2.0,0.0,0.0,3.0,7.0,-3.0,362
155,22.0,26:24,0.222,0.0,10.0,1.0,1.0,2.0,4.0,0.0,384
155,23.0,19:45,0.4,,4.0,0.0,1.0,2.0,10.0,11.0,393
155,24.0,26:39,0.7140000000000001,,8.0,1.0,2.0,1.0,14.0,2.0,423
155,25.0,18:40,0.28600000000000003,,8.0,1.0,0.0,2.0,4.0,-4.0,429
155,26.0,19:15,0.25,,3.0,1.0,1.0,0.0,5.0,-1.0,447
155,27.0,25:21,0.5710000000000001,,3.0,1.0,0.0,0.0,8.0,7.0,466
155,28.0,18:40,0.5,,2.0,1.0,0.0,2.0,7.0,6.0,484
155,29.0,20:16,0.5,,3.0,2.0,0.0,1.0,4.0,-6.0,502
155,30.0,14:02,0.0,,3.0,0.0,0.0,0.0,1.0,-7.0,508
155,31.0,26:38,0.857,,5.0,1.0,1.0,1.0,12.0,-5.0,518
155,32.0,13:40,1.0,,2.0,0.0,0.0,0.0,2.0,-9.0,536
155,33.0,20:20,0.25,,7.0,1.0,0.0,2.0,4.0,-6.0,553
155,34.0,14:41,0.33299999999999996,,1.0,2.0,1.0,0.0,2.0,-9.0,565
155,35.0,17:12,0.5,,6.0,3.0,0.0,0.0,6.0,-7.0,580
155,36.0,18:36,0.2,,5.0,0.0,1.0,2.0,2.0,4.0,599
155,37.0,21:39,0.5,,5.0,3.0,1.0,0.0,4.0,7.0,613
155,38.0,25:46,0.375,,5.0,4.0,0.0,1.0,8.0,2.0,620
155,39.0,18:30,0.667,,5.0,0.0,1.0,1.0,4.0,-6.0,637
155,40.0,16:22,0.75,,5.0,2.0,0.0,1.0,8.0,5.0,648
155,41.0,22:20,0.667,,9.0,0.0,0.0,1.0,11.0,-1.0,660
155,no play,,,,,,,,,,675
155,no play,,,,,,,,,,689
155,no play,,,,,,,,,,702
155,42.0,7:28,0.5,,1.0,1.0,0.0,0.0,8.0,-1.0,711
155,no play,,,,,,,,,,744
155,43.0,30:31,0.583,,5.0,0.0,1.0,4.0,16.0,2.0,758
155,44.0,24:46,0.75,,7.0,1.0,1.0,1.0,15.0,1.0,767
155,45.0,25:59,0.33299999999999996,,5.0,0.0,3.0,2.0,5.0,-12.0,793
155,46.0,15:37,1.0,,3.0,1.0,1.0,0.0,2.0,-22.0,808
155,no play,,,,,,,,,,815
155,no play,,,,,,,,,,830
155,no play,,,,,,,,,,844
155,47.0,12:58,0.5,,2.0,0.0,0.0,0.0,4.0,0.0,1236
155,no play,,,,,,,,,,1251
155,48.0,19:38,0.556,,5.0,1.0,0.0,1.0,10.0,-1.0,1260
155,49.0,18:25,0.5,,4.0,2.0,2.0,2.0,6.0,2.0,860
155,no play,,,,,,,,,,874
155,no play,,,,,,,,,,881
155,no play,,,,,,,,,,895
155,no play,,,,,,,,,,912
155,50.0,20:34,0.8,,7.0,0.0,1.0,4.0,8.0,10.0,927
155,51.0,19:22,0.625,,6.0,0.0,0.0,2.0,11.0,7.0,938
155,52.0,15:34,0.2,,5.0,1.0,0.0,1.0,2.0,-8.0,953
155,53.0,13:27,0.5,,7.0,0.0,0.0,0.0,5.0,1.0,973
155,54.0,19:28,0.5,,9.0,1.0,0.0,4.0,8.0,6.0,987
155,55.0,10:00,0.0,,2.0,0.0,0.0,0.0,0.0,-4.0,995
155,56.0,20:22,0.5,,8.0,0.0,1.0,3.0,6.0,15.0,1017
155,no play,,,,,,,,,,1025
155,no play,,,,,,,,,,1038
155,no play,,,,,,,,,,1050
155,no play,,,,,,,,,,1063
155,no play,,,,,,,,,,1073
155,no play,,,,,,,,,,1090
155,no play,,,,,,,,,,1105
155,no play,,,,,,,,,,1120
155,no play,,,,,,,,,,1136
155,no play,,,,,,,,,,1152
155,57.0,8:49,0.5,,1.0,0.0,0.0,1.0,2.0,7.0,1168
155,58.0,13:59,0.667,,3.0,1.0,0.0,0.0,8.0,-7.0,1180
