Player_ID,G,MP,FG%,3P%,TRB,AST,STL,BLK,PTS,+/-,Game_ID
128,1.0,22:34,0.375,0.5,9.0,0.0,1.0,0.0,9.0,-12.0,3
128,2.0,28:13,0.429,0.5,9.0,2.0,0.0,2.0,7.0,18.0,16
128,3.0,27:28,0.6,0.0,3.0,1.0,0.0,1.0,6.0,12.0,34
128,4.0,25:57,0.444,0.0,6.0,0.0,1.0,1.0,8.0,5.0,46
128,5.0,26:49,0.625,0.33299999999999996,7.0,0.0,0.0,1.0,11.0,6.0,53
128,6.0,28:03,0.6,0.5,3.0,3.0,1.0,1.0,15.0,11.0,78
128,7.0,28:32,0.6,0.33299999999999996,6.0,3.0,0.0,0.0,14.0,-8.0,94
128,8.0,24:20,0.375,0.5,9.0,1.0,0.0,0.0,11.0,3.0,109
128,9.0,27:34,0.375,0.0,3.0,0.0,0.0,1.0,8.0,-10.0,123
128,10.0,26:23,0.583,0.0,10.0,0.0,1.0,0.0,14.0,2.0,134
128,11.0,29:14,0.375,0.0,9.0,4.0,0.0,1.0,8.0,5.0,143
128,12.0,27:18,0.636,0.5,9.0,3.0,1.0,0.0,17.0,4.0,158
128,13.0,22:22,0.41700000000000004,0.5,7.0,0.0,0.0,0.0,15.0,-8.0,172
128,14.0,20:48,0.0,0.0,6.0,3.0,0.0,0.0,0.0,-5.0,184
128,15.0,31:18,0.444,,8.0,0.0,0.0,1.0,12.0,-6.0,199
128,16.0,27:13,0.667,0.5,4.0,1.0,0.0,1.0,11.0,4.0,214
128,17.0,33:21,0.41700000000000004,0.25,11.0,4.0,1.0,0.0,11.0,7.0,241
128,18.0,21:48,0.5710000000000001,0.0,3.0,0.0,0.0,0.0,8.0,-6.0,253
128,19.0,32:08,0.41700000000000004,0.33299999999999996,7.0,1.0,1.0,0.0,12.0,13.0,271
128,20.0,22:45,0.8,0.667,7.0,2.0,0.0,0.0,12.0,-1.0,277
128,21.0,31:29,0.833,0.8,9.0,2.0,1.0,0.0,16.0,25.0,298
128,22.0,26:10,0.429,0.25,6.0,1.0,1.0,1.0,8.0,-9.0,310
128,23.0,23:09,0.5,0.0,5.0,1.0,1.0,0.0,9.0,17.0,327
128,24.0,23:13,0.273,0.0,4.0,6.0,0.0,0.0,6.0,-8.0,1192
128,25.0,28:03,0.5,0.0,5.0,1.0,1.0,0.0,17.0,30.0,342
128,26.0,21:54,0.33299999999999996,,2.0,1.0,0.0,0.0,2.0,-8.0,356
128,27.0,30:41,0.889,,5.0,2.0,1.0,1.0,19.0,25.0,381
128,28.0,31:26,0.667,0.33299999999999996,7.0,5.0,1.0,0.0,17.0,-1.0,389
128,no play,,,,,,,,,,400
128,29.0,20:36,0.778,0.0,5.0,1.0,0.0,0.0,16.0,-9.0,414
128,30.0,29:53,0.462,0.25,5.0,1.0,0.0,1.0,18.0,-12.0,431
128,31.0,33:06,0.5710000000000001,0.0,7.0,2.0,1.0,0.0,8.0,-5.0,446
128,32.0,27:58,0.455,0.667,5.0,1.0,2.0,0.0,13.0,21.0,469
128,33.0,28:49,0.364,0.5,7.0,4.0,0.0,0.0,9.0,-2.0,484
128,34.0,36:33,0.563,0.5,6.0,1.0,2.0,0.0,22.0,-5.0,503
128,35.0,27:56,0.25,,3.0,3.0,0.0,0.0,2.0,1.0,514
128,36.0,34:05,0.636,0.0,7.0,2.0,1.0,0.0,14.0,-10.0,528
128,37.0,21:53,0.5,0.667,6.0,1.0,0.0,0.0,8.0,-8.0,543
128,38.0,6:15,,,0.0,1.0,0.0,0.0,0.0,-1.0,571
128,no play,,,,,,,,,,584
128,no play,,,,,,,,,,596
128,no play,,,,,,,,,,605
128,no play,,,,,,,,,,617
128,no play,,,,,,,,,,638
128,39.0,24:31,0.667,1.0,5.0,2.0,2.0,2.0,10.0,-3.0,656
128,40.0,27:35,0.545,0.75,4.0,4.0,0.0,0.0,15.0,8.0,674
128,41.0,24:21,0.8,0.0,1.0,1.0,0.0,0.0,8.0,0.0,710
128,42.0,26:11,0.2,0.0,6.0,3.0,0.0,2.0,6.0,-11.0,727
128,43.0,17:04,0.14300000000000002,0.0,4.0,3.0,0.0,0.0,2.0,-16.0,741
128,44.0,35:17,0.5,0.5710000000000001,4.0,1.0,0.0,0.0,24.0,8.0,754
128,45.0,27:21,0.636,0.0,6.0,1.0,0.0,0.0,14.0,-15.0,763
128,46.0,22:37,0.556,0.5,5.0,2.0,0.0,1.0,12.0,13.0,779
128,47.0,34:22,0.529,0.0,3.0,3.0,1.0,0.0,20.0,11.0,792
128,48.0,34:50,0.444,0.0,2.0,3.0,0.0,0.0,10.0,1.0,807
128,49.0,16:58,0.2,0.0,0.0,0.0,0.0,0.0,2.0,-25.0,824
128,50.0,36:17,0.667,0.5,11.0,0.0,0.0,1.0,15.0,-5.0,830
128,51.0,34:06,0.7140000000000001,,8.0,0.0,0.0,1.0,20.0,3.0,845
128,52.0,41:24,0.35700000000000004,0.0,9.0,2.0,0.0,0.0,10.0,-2.0,1227
128,53.0,25:19,0.364,0.28600000000000003,4.0,1.0,0.0,0.0,10.0,-2.0,1255
128,54.0,19:30,0.0,0.0,5.0,0.0,0.0,0.0,0.0,-20.0,1266
128,55.0,38:37,0.478,0.0,7.0,1.0,3.0,1.0,22.0,-16.0,861
128,56.0,19:14,0.429,0.0,2.0,1.0,1.0,0.0,6.0,2.0,880
128,57.0,32:15,0.5,0.0,6.0,1.0,0.0,0.0,14.0,9.0,899
128,58.0,26:38,0.5379999999999999,0.33299999999999996,4.0,1.0,0.0,0.0,15.0,-5.0,916
128,59.0,12:40,0.0,,0.0,1.0,0.0,0.0,0.0,-11.0,920
128,60.0,20:56,0.556,0.5,3.0,0.0,0.0,0.0,11.0,0.0,935
128,61.0,22:04,0.5,,7.0,1.0,0.0,0.0,8.0,-15.0,959
128,62.0,29:37,0.375,1.0,5.0,1.0,0.0,1.0,7.0,-9.0,968
128,63.0,28:55,0.625,0.33299999999999996,5.0,2.0,0.0,1.0,12.0,4.0,983
128,64.0,24:12,0.4,1.0,7.0,2.0,1.0,0.0,10.0,15.0,998
128,65.0,21:50,0.0,0.0,5.0,1.0,1.0,1.0,2.0,9.0,1012
128,66.0,16:39,0.625,1.0,6.0,1.0,0.0,0.0,13.0,-4.0,1021
128,67.0,27:36,0.636,0.0,8.0,2.0,1.0,0.0,16.0,-10.0,1034
128,68.0,24:41,0.5,0.0,3.0,2.0,0.0,1.0,8.0,-11.0,1058
128,69.0,16:51,0.0,0.0,4.0,2.0,1.0,1.0,2.0,-11.0,1067
128,70.0,25:57,0.25,0.0,2.0,0.0,0.0,0.0,4.0,-9.0,1081
128,71.0,31:12,0.33299999999999996,,10.0,0.0,0.0,0.0,9.0,-7.0,1090
128,72.0,14:23,0.6,,5.0,1.0,0.0,0.0,6.0,4.0,1127
128,no play,,,,,,,,,,1143
128,73.0,20:23,0.375,0.33299999999999996,1.0,0.0,1.0,0.0,9.0,1.0,1162
128,74.0,4:13,0.0,,0.0,0.0,0.0,0.0,0.0,-4.0,1169
128,75.0,19:51,0.0,0.0,5.0,1.0,0.0,0.0,2.0,-24.0,1178
