Player_ID,G,MP,FG%,3P%,TRB,AST,STL,BLK,PTS,+/-,Game_ID
231,1.0,28:10,0.5710000000000001,0.6,4.0,3.0,0.0,1.0,20.0,33.0,
231,2.0,18:16,0.5,,2.0,3.0,0.0,0.0,5.0,2.0,12
231,3.0,26:09,0.41700000000000004,0.0,3.0,1.0,1.0,1.0,11.0,8.0,28
231,4.0,25:04,0.25,0.0,2.0,3.0,0.0,0.0,6.0,-1.0,33
231,5.0,29:12,0.14300000000000002,0.0,2.0,3.0,0.0,0.0,2.0,5.0,49
231,6.0,20:50,0.33299999999999996,,4.0,2.0,2.0,0.0,3.0,15.0,73
231,7.0,18:32,0.5,0.0,4.0,2.0,2.0,0.0,6.0,0.0,82
231,8.0,20:44,0.75,,3.0,1.0,1.0,1.0,9.0,9.0,110
231,9.0,17:45,0.0,0.0,4.0,2.0,0.0,0.0,5.0,3.0,123
231,10.0,15:51,0.75,0.0,2.0,1.0,0.0,1.0,6.0,12.0,130
231,11.0,22:23,0.2,0.0,4.0,2.0,1.0,1.0,5.0,1.0,146
231,12.0,17:44,,,0.0,2.0,0.0,0.0,2.0,-24.0,164
231,13.0,2:32,,,0.0,0.0,0.0,0.0,0.0,-6.0,178
231,14.0,8:50,0.0,0.0,1.0,3.0,1.0,0.0,0.0,0.0,202
231,15.0,13:44,,,2.0,2.0,0.0,0.0,0.0,-4.0,209
231,16.0,12:59,0.5,,0.0,2.0,1.0,0.0,4.0,8.0,236
231,17.0,22:54,0.833,0.5,1.0,4.0,2.0,1.0,15.0,11.0,251
231,18.0,18:13,0.375,0.0,3.0,1.0,2.0,0.0,6.0,3.0,275
231,19.0,22:54,0.2,,1.0,3.0,1.0,1.0,3.0,2.0,282
231,20.0,13:48,,,0.0,1.0,2.0,1.0,5.0,6.0,299
231,21.0,24:07,0.6,,4.0,2.0,1.0,0.0,6.0,3.0,319
231,22.0,18:22,0.375,1.0,2.0,0.0,0.0,2.0,7.0,3.0,329
231,23.0,14:11,0.14300000000000002,0.0,2.0,1.0,3.0,0.0,2.0,6.0,336
231,24.0,18:22,0.75,1.0,0.0,4.0,0.0,0.0,14.0,10.0,353
231,25.0,6:12,,,0.0,0.0,0.0,0.0,1.0,-1.0,383
231,26.0,22:39,0.5,,2.0,0.0,0.0,0.0,4.0,6.0,387
231,27.0,17:21,0.833,1.0,1.0,0.0,1.0,0.0,12.0,-1.0,412
231,28.0,9:53,0.5,,2.0,1.0,0.0,0.0,3.0,8.0,425
231,29.0,22:18,0.2,0.5,4.0,1.0,0.0,1.0,6.0,-3.0,441
231,30.0,18:22,0.625,0.0,4.0,3.0,0.0,0.0,10.0,7.0,454
231,31.0,11:59,0.25,0.5,0.0,1.0,0.0,0.0,3.0,-5.0,463
231,32.0,24:40,0.33299999999999996,0.0,5.0,1.0,0.0,0.0,4.0,3.0,487
231,33.0,29:31,0.41700000000000004,0.5,3.0,2.0,0.0,2.0,19.0,23.0,504
231,34.0,18:46,0.0,0.0,3.0,3.0,0.0,1.0,0.0,3.0,513
231,35.0,20:19,0.33299999999999996,0.0,4.0,3.0,1.0,1.0,6.0,-4.0,530
231,36.0,13:02,1.0,,0.0,0.0,0.0,0.0,5.0,10.0,547
231,37.0,18:53,0.16699999999999998,0.5,2.0,5.0,1.0,1.0,3.0,15.0,563
231,38.0,22:43,0.625,0.5,0.0,0.0,0.0,0.0,14.0,-2.0,580
231,39.0,20:50,0.75,0.0,3.0,3.0,0.0,0.0,12.0,14.0,594
231,40.0,15:58,0.5,1.0,3.0,1.0,3.0,0.0,6.0,5.0,608
231,41.0,11:57,1.0,,0.0,1.0,1.0,0.0,7.0,-4.0,630
231,42.0,13:54,0.33299999999999996,0.0,4.0,1.0,1.0,0.0,7.0,-7.0,644
231,43.0,7:55,1.0,,0.0,1.0,0.0,0.0,2.0,-2.0,662
231,44.0,19:07,0.429,0.5,4.0,2.0,0.0,0.0,11.0,17.0,671
231,no play,,,,,,,,,,679
231,no play,,,,,,,,,,705
231,no play,,,,,,,,,,722
231,45.0,19:07,0.33299999999999996,,6.0,1.0,3.0,1.0,7.0,7.0,733
231,46.0,19:12,0.375,0.0,3.0,0.0,0.0,1.0,11.0,11.0,750
231,47.0,21:40,0.7,1.0,4.0,2.0,0.0,1.0,18.0,2.0,768
231,48.0,24:22,0.25,0.0,2.0,0.0,2.0,0.0,4.0,-14.0,783
231,49.0,11:10,0.33299999999999996,,2.0,1.0,0.0,0.0,2.0,-7.0,788
231,50.0,15:08,0.0,,2.0,1.0,0.0,0.0,0.0,-7.0,807
231,no play,,,,,,,,,,823
231,51.0,12:39,0.667,,3.0,2.0,2.0,0.0,4.0,-5.0,827
231,52.0,20:53,0.28600000000000003,0.0,5.0,0.0,0.0,0.0,8.0,12.0,840
231,53.0,10:02,0.4,0.0,0.0,1.0,0.0,0.0,6.0,-5.0,1241
231,54.0,16:50,0.25,0.0,0.0,1.0,0.0,1.0,6.0,-1.0,1250
231,55.0,10:47,,,1.0,1.0,0.0,1.0,0.0,8.0,863
231,56.0,12:17,0.25,0.0,2.0,1.0,1.0,0.0,2.0,3.0,878
231,57.0,15:54,0.33299999999999996,,2.0,0.0,1.0,1.0,2.0,-6.0,886
231,58.0,13:42,0.75,0.0,2.0,0.0,0.0,1.0,6.0,5.0,902
231,59.0,25:18,0.385,0.5,4.0,4.0,0.0,1.0,14.0,-6.0,917
231,60.0,18:09,0.2,,0.0,2.0,3.0,0.0,6.0,-1.0,922
231,61.0,26:53,0.5,,3.0,2.0,1.0,0.0,6.0,-1.0,940
231,62.0,1:33,0.0,,0.0,0.0,0.0,0.0,0.0,-5.0,954
231,63.0,5:14,,,0.0,2.0,0.0,0.0,0.0,-4.0,971
231,64.0,17:34,0.667,0.667,1.0,3.0,1.0,0.0,14.0,5.0,993
231,65.0,26:52,0.5,0.5,0.0,2.0,0.0,1.0,10.0,8.0,1002
231,66.0,15:43,0.5,0.667,4.0,0.0,0.0,0.0,8.0,-1.0,1016
231,67.0,12:47,0.0,0.0,2.0,3.0,0.0,0.0,0.0,12.0,1030
231,68.0,23:58,0.28600000000000003,0.0,2.0,1.0,1.0,0.0,6.0,10.0,1045
231,69.0,10:42,0.33299999999999996,0.0,1.0,1.0,0.0,0.0,3.0,-4.0,1059
231,70.0,0:52,,,0.0,0.0,0.0,0.0,0.0,2.0,1078
231,71.0,3:30,,,0.0,0.0,0.0,0.0,0.0,-2.0,1094
231,72.0,33:37,0.5,0.33299999999999996,1.0,2.0,1.0,0.0,17.0,-1.0,1106
231,73.0,27:28,0.5,0.0,2.0,4.0,1.0,0.0,8.0,5.0,1122
231,74.0,31:56,0.375,0.6,1.0,4.0,1.0,0.0,9.0,3.0,1131
231,75.0,38:11,0.263,0.0,5.0,2.0,1.0,0.0,12.0,7.0,1144
231,76.0,25:48,0.5,0.0,4.0,4.0,0.0,0.0,8.0,2.0,1154
231,77.0,12:00,0.5,,0.0,1.0,0.0,0.0,7.0,-6.0,1170
231,78.0,12:42,0.25,0.0,2.0,1.0,0.0,0.0,2.0,-6.0,1188
