Player_ID,G,MP,FG%,3P%,TRB,AST,STL,BLK,PTS,+/-,Game_ID
210,no play,,,,,,,,,,2
210,no play,,,,,,,,,,11
210,1.0,7:44,0.33299999999999996,,2.0,1.0,0.0,0.0,3.0,-5.0,23
210,2.0,5:49,0.0,,0.0,0.0,0.0,0.0,0.0,-2.0,57
210,3.0,9:45,0.5,,1.0,0.0,0.0,0.0,2.0,-8.0,64
210,4.0,19:04,1.0,,2.0,1.0,0.0,0.0,8.0,4.0,87
210,5.0,7:39,0.5,,2.0,0.0,0.0,0.0,2.0,-9.0,103
210,6.0,3:20,0.5,,3.0,0.0,0.0,0.0,2.0,1.0,121
210,no play,,,,,,,,,,126
210,7.0,9:23,0.0,,4.0,1.0,1.0,0.0,1.0,-8.0,144
210,no play,,,,,,,,,,157
210,8.0,3:05,0.0,,0.0,0.0,0.0,0.0,0.0,-11.0,175
210,no play,,,,,,,,,,184
210,no play,,,,,,,,,,201
210,no play,,,,,,,,,,213
210,no play,,,,,,,,,,236
210,no play,,,,,,,,,,267
210,no play,,,,,,,,,,277
210,no play,,,,,,,,,,293
210,no play,,,,,,,,,,304
210,no play,,,,,,,,,,321
210,9.0,1:47,0.667,,3.0,0.0,0.0,0.0,4.0,2.0,1193
210,no play,,,,,,,,,,339
210,no play,,,,,,,,,,357
210,no play,,,,,,,,,,383
210,no play,,,,,,,,,,391
210,no play,,,,,,,,,,411
210,no play,,,,,,,,,,424
210,no play,,,,,,,,,,437
210,no play,,,,,,,,,,445
210,no play,,,,,,,,,,461
210,no play,,,,,,,,,,477
210,no play,,,,,,,,,,493
210,no play,,,,,,,,,,499
210,no play,,,,,,,,,,527
210,no play,,,,,,,,,,551
210,no play,,,,,,,,,,558
210,no play,,,,,,,,,,577
210,10.0,13:59,1.0,,2.0,1.0,0.0,1.0,4.0,-6.0,588
210,no play,,,,,,,,,,602
210,no play,,,,,,,,,,623
210,11.0,5:36,0.0,,0.0,0.0,1.0,2.0,2.0,-1.0,635
210,12.0,12:40,0.33299999999999996,,3.0,1.0,0.0,0.0,2.0,-4.0,655
210,13.0,6:04,0.0,,2.0,0.0,0.0,0.0,0.0,1.0,681
210,no play,,,,,,,,,,686
210,14.0,6:15,0.667,0.0,2.0,0.0,0.0,0.0,4.0,-6.0,701
210,no play,,,,,,,,,,711
210,no play,,,,,,,,,,727
210,no play,,,,,,,,,,738
210,no play,,,,,,,,,,757
210,no play,,,,,,,,,,772
210,15.0,2:17,,,1.0,0.0,0.0,0.0,0.0,2.0,799
210,no play,,,,,,,,,,804
210,no play,,,,,,,,,,821
210,16.0,1:06,,,1.0,0.0,0.0,0.0,0.0,1.0,832
210,no play,,,,,,,,,,842
210,no play,,,,,,,,,,855
210,17.0,0:11,,,0.0,0.0,0.0,0.0,0.0,-1.0,1234
210,no play,,,,,,,,,,1255
210,18.0,3:24,0.5,,0.0,0.0,0.0,0.0,2.0,6.0,1261
210,no play,,,,,,,,,,862
210,19.0,2:50,,,0.0,0.0,0.0,1.0,0.0,-1.0,879
210,20.0,8:59,0.0,,3.0,2.0,0.0,1.0,0.0,5.0,890
210,21.0,2:33,,,0.0,0.0,0.0,0.0,0.0,-14.0,905
210,22.0,0:45,,,1.0,0.0,0.0,0.0,0.0,-2.0,919
210,23.0,1:58,,,0.0,0.0,0.0,0.0,1.0,-3.0,930
210,no play,,,,,,,,,,945
210,no play,,,,,,,,,,966
210,no play,,,,,,,,,,982
210,no play,,,,,,,,,,997
210,no play,,,,,,,,,,1007
210,no play,,,,,,,,,,1020
210,no play,,,,,,,,,,1036
210,no play,,,,,,,,,,1053
210,no play,,,,,,,,,,1073
210,no play,,,,,,,,,,1089
210,no play,,,,,,,,,,1102
210,24.0,4:43,0.0,,2.0,0.0,1.0,1.0,1.0,0.0,1130
210,25.0,0:02,,,0.0,0.0,0.0,0.0,0.0,-2.0,1138
210,no play,,,,,,,,,,1150
210,no play,,,,,,,,,,1165
210,no play,,,,,,,,,,1180
