Player_ID,G,MP,FG%,3P%,TRB,AST,STL,BLK,PTS,+/-,Game_ID
101,no play,,,,,,,,,,9
101,no play,,,,,,,,,,20
101,1.0,4:14,0.0,0.0,0.0,0.0,0.0,0.0,0.0,-12.0,35
101,2.0,17:18,0.75,0.5,2.0,2.0,1.0,0.0,9.0,-10.0,43
101,no play,,,,,,,,,,55
101,no play,,,,,,,,,,74
101,no play,,,,,,,,,,88
101,3.0,5:52,,,1.0,0.0,0.0,0.0,0.0,2.0,100
101,no play,,,,,,,,,,116
101,4.0,2:30,1.0,1.0,1.0,0.0,0.0,0.0,3.0,6.0,125
101,5.0,9:54,0.0,0.0,3.0,1.0,0.0,0.0,0.0,-9.0,138
101,no play,,,,,,,,,,153
101,6.0,13:21,0.4,0.5,1.0,3.0,0.0,0.0,5.0,-12.0,178
101,no play,,,,,,,,,,194
101,7.0,22:45,0.8,0.8,6.0,4.0,2.0,0.0,12.0,2.0,207
101,8.0,19:59,0.429,0.33299999999999996,4.0,6.0,0.0,0.0,7.0,-23.0,219
101,9.0,27:49,0.5,0.33299999999999996,1.0,6.0,1.0,1.0,7.0,-16.0,249
101,10.0,12:49,0.8,,1.0,4.0,1.0,0.0,9.0,-4.0,263
101,11.0,16:07,0.2,0.0,1.0,6.0,0.0,0.0,2.0,-9.0,274
101,12.0,16:31,0.75,,0.0,1.0,0.0,0.0,7.0,-16.0,279
101,13.0,17:52,0.28600000000000003,0.5,5.0,2.0,0.0,0.0,5.0,-11.0,294
101,14.0,8:04,0.0,0.0,5.0,1.0,0.0,0.0,0.0,3.0,305
101,no play,,,,,,,,,,323
101,no play,,,,,,,,,,1197
101,no play,,,,,,,,,,344
101,no play,,,,,,,,,,360
101,no play,,,,,,,,,,367
101,no play,,,,,,,,,,378
101,no play,,,,,,,,,,396
101,no play,,,,,,,,,,402
101,no play,,,,,,,,,,419
101,no play,,,,,,,,,,440
101,no play,,,,,,,,,,443
101,no play,,,,,,,,,,465
101,no play,,,,,,,,,,480
101,no play,,,,,,,,,,496
101,no play,,,,,,,,,,517
101,no play,,,,,,,,,,533
101,no play,,,,,,,,,,548
101,15.0,5:05,0.0,0.0,2.0,0.0,0.0,0.0,0.0,-2.0,554
101,no play,,,,,,,,,,572
101,16.0,2:33,,,0.0,0.0,0.0,0.0,0.0,-3.0,582
101,17.0,5:08,0.0,,1.0,0.0,0.0,0.0,0.0,-4.0,594
101,18.0,6:30,0.667,0.5,0.0,0.0,0.0,0.0,5.0,-3.0,606
101,no play,,,,,,,,,,617
101,19.0,7:09,0.0,,1.0,2.0,0.0,0.0,0.0,-5.0,631
101,20.0,19:28,0.429,0.25,1.0,6.0,1.0,0.0,7.0,2.0,654
101,21.0,17:47,0.25,0.0,2.0,2.0,0.0,0.0,2.0,-2.0,667
101,22.0,15:12,0.0,0.0,2.0,2.0,0.0,0.0,0.0,-8.0,694
101,23.0,12:29,0.0,,1.0,1.0,0.0,0.0,0.0,-6.0,698
101,no play,,,,,,,,,,735
101,no play,,,,,,,,,,748
101,no play,,,,,,,,,,757
101,no play,,,,,,,,,,774
101,24.0,5:28,,,1.0,2.0,1.0,0.0,0.0,7.0,792
101,no play,,,,,,,,,,808
101,no play,,,,,,,,,,839
101,no play,,,,,,,,,,850
101,no play,,,,,,,,,,1237
101,no play,,,,,,,,,,1250
101,no play,,,,,,,,,,888
101,no play,,,,,,,,,,898
101,25.0,11:32,0.0,0.0,0.0,1.0,0.0,0.0,0.0,1.0,910
101,26.0,12:47,0.5,0.0,1.0,2.0,0.0,0.0,2.0,4.0,929
101,27.0,19:08,0.667,0.667,3.0,1.0,0.0,0.0,14.0,-5.0,941
101,28.0,10:27,0.0,0.0,0.0,1.0,2.0,0.0,0.0,-3.0,954
101,29.0,18:05,0.0,0.0,4.0,4.0,0.0,0.0,0.0,6.0,977
101,30.0,2:59,,,0.0,2.0,0.0,0.0,0.0,2.0,989
101,31.0,5:37,0.5,0.0,1.0,1.0,0.0,0.0,2.0,8.0,1004
101,no play,,,,,,,,,,1023
101,no play,,,,,,,,,,1038
101,32.0,21:26,0.0,0.0,3.0,2.0,1.0,0.0,1.0,10.0,1048
101,33.0,18:19,0.4,0.0,1.0,2.0,0.0,0.0,6.0,-5.0,1066
101,34.0,10:18,0.0,,2.0,1.0,0.0,0.0,0.0,-3.0,1071
101,35.0,10:55,0.667,0.5,3.0,1.0,0.0,0.0,5.0,2.0,1098
101,36.0,16:42,0.0,0.0,3.0,0.0,1.0,0.0,0.0,1.0,1109
101,37.0,4:49,1.0,1.0,1.0,1.0,0.0,0.0,3.0,12.0,1138
101,38.0,25:23,0.375,0.33299999999999996,4.0,7.0,0.0,0.0,7.0,-9.0,1140
101,39.0,11:49,0.25,0.0,3.0,3.0,0.0,0.0,2.0,7.0,1158
101,40.0,17:27,0.75,0.5,1.0,3.0,0.0,0.0,7.0,10.0,1173
101,41.0,29:32,0.625,0.5,2.0,5.0,0.0,0.0,12.0,-9.0,1187
