Player_ID,G,MP,FG%,3P%,TRB,AST,STL,BLK,PTS,+/-,Game_ID
212,no play,,,,,,,,,,0
212,no play,,,,,,,,,,18
212,no play,,,,,,,,,,33
212,no play,,,,,,,,,,45
212,1.0,11:36,0.0,0.0,1.0,0.0,1.0,0.0,0.0,-4.0,67
212,2.0,25:16,0.375,0.25,4.0,0.0,0.0,0.0,7.0,10.0,93
212,3.0,28:24,0.462,0.5710000000000001,1.0,0.0,0.0,1.0,16.0,2.0,114
212,4.0,32:53,0.375,0.0,3.0,4.0,2.0,1.0,12.0,-24.0,132
212,5.0,28:16,0.444,0.0,1.0,4.0,1.0,0.0,8.0,-5.0,146
212,6.0,38:05,0.5710000000000001,0.33299999999999996,4.0,2.0,2.0,3.0,19.0,-9.0,150
212,7.0,32:20,0.368,0.364,3.0,1.0,0.0,0.0,18.0,31.0,166
212,8.0,34:04,0.5,0.667,7.0,1.0,1.0,1.0,15.0,1.0,182
212,9.0,28:55,0.091,0.125,2.0,1.0,1.0,1.0,4.0,-11.0,195
212,10.0,20:06,0.4,0.0,4.0,1.0,0.0,0.0,4.0,-22.0,214
212,11.0,26:54,0.444,0.5710000000000001,3.0,4.0,1.0,0.0,12.0,5.0,244
212,12.0,29:24,0.41700000000000004,0.429,3.0,5.0,0.0,0.0,15.0,0.0,254
212,13.0,28:46,0.444,0.375,4.0,0.0,1.0,0.0,12.0,-1.0,267
212,no play,,,,,,,,,,283
212,no play,,,,,,,,,,290
212,no play,,,,,,,,,,308
212,no play,,,,,,,,,,326
212,no play,,,,,,,,,,1195
212,no play,,,,,,,,,,338
212,14.0,26:01,0.41700000000000004,0.0,3.0,4.0,1.0,0.0,11.0,3.0,350
212,15.0,29:03,0.5710000000000001,0.667,4.0,3.0,1.0,0.0,10.0,-2.0,363
212,16.0,30:29,0.5,0.5,5.0,3.0,0.0,0.0,10.0,13.0,377
212,17.0,29:36,0.273,0.0,1.0,2.0,1.0,1.0,9.0,-10.0,397
212,18.0,34:31,0.273,0.0,3.0,0.0,0.0,0.0,6.0,-3.0,411
212,19.0,43:53,0.16699999999999998,0.25,4.0,6.0,0.0,0.0,9.0,-4.0,422
212,20.0,36:30,0.364,0.33299999999999996,5.0,3.0,0.0,1.0,9.0,0.0,440
212,21.0,32:55,0.2,0.2,1.0,3.0,1.0,0.0,7.0,2.0,449
212,22.0,37:28,0.563,0.33299999999999996,5.0,3.0,1.0,0.0,22.0,-7.0,478
212,23.0,33:10,0.5710000000000001,0.6,4.0,2.0,1.0,1.0,20.0,-10.0,491
212,24.0,34:33,0.47100000000000003,0.4,6.0,8.0,4.0,2.0,19.0,-7.0,499
212,25.0,37:46,0.385,0.4,1.0,8.0,2.0,0.0,14.0,-6.0,514
212,26.0,36:52,0.313,0.2,2.0,3.0,2.0,2.0,11.0,-14.0,532
212,27.0,37:06,0.364,0.14300000000000002,8.0,4.0,2.0,0.0,9.0,18.0,540
212,28.0,30:18,0.33299999999999996,0.25,1.0,2.0,0.0,0.0,6.0,-18.0,554
212,no play,,,,,,,,,,566
212,no play,,,,,,,,,,583
212,no play,,,,,,,,,,599
212,no play,,,,,,,,,,628
212,no play,,,,,,,,,,642
212,no play,,,,,,,,,,660
212,no play,,,,,,,,,,673
212,no play,,,,,,,,,,687
212,no play,,,,,,,,,,704
212,no play,,,,,,,,,,710
212,no play,,,,,,,,,,725
212,no play,,,,,,,,,,740
212,no play,,,,,,,,,,764
212,no play,,,,,,,,,,781
212,no play,,,,,,,,,,793
212,no play,,,,,,,,,,805
212,no play,,,,,,,,,,816
212,no play,,,,,,,,,,829
212,no play,,,,,,,,,,847
212,29.0,13:07,0.0,0.0,0.0,3.0,0.0,0.0,0.0,-3.0,1239
212,30.0,14:17,0.33299999999999996,0.0,4.0,1.0,0.0,0.0,2.0,5.0,1245
212,31.0,7:56,0.5,,0.0,0.0,0.0,0.0,2.0,-11.0,1262
212,32.0,24:11,0.375,0.33299999999999996,6.0,5.0,1.0,1.0,7.0,21.0,859
212,33.0,24:18,0.33299999999999996,0.5,4.0,0.0,0.0,0.0,7.0,5.0,872
212,34.0,25:03,0.444,0.0,7.0,3.0,0.0,1.0,8.0,12.0,882
212,35.0,31:44,0.25,0.0,2.0,4.0,3.0,0.0,5.0,11.0,897
212,36.0,25:07,0.25,0.0,3.0,0.0,2.0,0.0,6.0,-2.0,911
212,37.0,22:16,0.25,0.0,3.0,1.0,1.0,1.0,3.0,6.0,939
212,38.0,36:50,0.28600000000000003,0.0,8.0,0.0,3.0,1.0,9.0,-7.0,947
212,39.0,15:46,0.75,1.0,2.0,2.0,0.0,0.0,8.0,1.0,967
212,40.0,31:30,0.2,,4.0,3.0,0.0,3.0,5.0,25.0,985
212,41.0,32:35,0.5,0.33299999999999996,1.0,2.0,1.0,1.0,10.0,-9.0,1001
212,42.0,35:58,0.462,0.4,2.0,2.0,0.0,1.0,14.0,8.0,1013
212,43.0,35:06,0.41700000000000004,0.25,2.0,3.0,0.0,2.0,12.0,-6.0,1028
212,44.0,36:43,0.3,0.33299999999999996,1.0,5.0,2.0,2.0,9.0,-17.0,1053
212,45.0,32:59,0.273,0.2,5.0,4.0,1.0,1.0,9.0,1.0,1067
212,46.0,34:50,0.583,0.429,1.0,1.0,5.0,1.0,17.0,15.0,1075
212,47.0,28:51,0.0,0.0,1.0,5.0,1.0,2.0,2.0,-12.0,1093
212,48.0,37:33,0.545,0.667,3.0,1.0,1.0,3.0,17.0,0.0,1110
212,49.0,36:07,0.429,0.5710000000000001,5.0,5.0,0.0,1.0,19.0,19.0,1126
212,50.0,36:18,0.33299999999999996,0.5,2.0,4.0,3.0,1.0,10.0,-1.0,1141
212,51.0,36:36,0.33299999999999996,0.667,1.0,3.0,5.0,2.0,10.0,9.0,1153
212,52.0,46:20,0.5710000000000001,0.33299999999999996,6.0,5.0,5.0,0.0,19.0,6.0,1166
212,53.0,37:10,0.5,0.5,2.0,1.0,0.0,1.0,15.0,6.0,1182
