Player_ID,G,MP,FG%,3P%,TRB,AST,STL,BLK,PTS,+/-,Game_ID
378,1.0,29:11,0.818,0.0,7.0,6.0,0.0,1.0,18.0,-8.0,9
378,2.0,27:20,0.429,1.0,4.0,1.0,0.0,2.0,7.0,-8.0,20
378,3.0,32:00,0.7,0.0,9.0,3.0,3.0,0.0,20.0,-10.0,35
378,4.0,20:11,0.5,0.0,10.0,0.0,1.0,0.0,9.0,4.0,43
378,5.0,28:03,0.429,0.0,6.0,2.0,1.0,1.0,9.0,10.0,55
378,6.0,29:50,0.556,0.0,14.0,2.0,1.0,1.0,20.0,9.0,74
378,7.0,27:51,0.667,,5.0,4.0,1.0,0.0,18.0,7.0,88
378,8.0,31:04,0.5,,10.0,1.0,1.0,0.0,15.0,-16.0,100
378,9.0,26:29,0.4,0.0,8.0,5.0,0.0,1.0,15.0,8.0,116
378,10.0,27:33,0.364,,11.0,8.0,2.0,2.0,8.0,17.0,125
378,11.0,28:14,0.625,1.0,6.0,3.0,1.0,0.0,14.0,-26.0,138
378,12.0,31:18,0.625,,14.0,10.0,0.0,0.0,17.0,15.0,153
378,13.0,30:23,0.462,0.0,9.0,7.0,0.0,0.0,13.0,-10.0,178
378,14.0,25:03,0.545,0.0,3.0,2.0,0.0,1.0,14.0,-9.0,194
378,15.0,20:38,0.2,1.0,5.0,4.0,0.0,0.0,3.0,-2.0,207
378,no play,,,,,,,,,,219
378,no play,,,,,,,,,,249
378,no play,,,,,,,,,,263
378,16.0,21:35,0.667,0.0,10.0,3.0,0.0,0.0,12.0,-17.0,274
378,17.0,30:53,0.308,,20.0,2.0,2.0,0.0,13.0,-5.0,279
378,18.0,22:13,0.5,,8.0,2.0,0.0,1.0,8.0,-12.0,294
378,19.0,29:20,0.375,0.0,6.0,2.0,0.0,0.0,6.0,-10.0,305
378,20.0,36:47,0.41700000000000004,,11.0,1.0,2.0,0.0,11.0,-8.0,323
378,21.0,28:38,0.474,0.0,10.0,1.0,0.0,0.0,21.0,-18.0,1197
378,22.0,33:25,0.364,0.0,9.0,5.0,1.0,0.0,14.0,-3.0,344
378,23.0,33:48,0.583,,10.0,4.0,0.0,0.0,17.0,-1.0,360
378,24.0,28:17,0.14300000000000002,0.0,8.0,0.0,1.0,0.0,2.0,-18.0,367
378,25.0,31:09,0.25,,10.0,1.0,0.0,0.0,6.0,-7.0,378
378,26.0,33:10,0.769,,9.0,4.0,3.0,0.0,25.0,13.0,396
378,27.0,28:29,0.5329999999999999,,4.0,7.0,0.0,0.0,16.0,-3.0,402
378,28.0,31:20,0.33299999999999996,,7.0,4.0,0.0,5.0,8.0,-12.0,419
378,no play,,,,,,,,,,440
378,no play,,,,,,,,,,443
378,29.0,31:12,0.455,0.0,7.0,8.0,2.0,0.0,13.0,12.0,465
378,30.0,31:05,0.75,1.0,12.0,3.0,1.0,0.0,25.0,-8.0,480
378,31.0,27:53,0.5,0.0,4.0,3.0,0.0,0.0,18.0,-9.0,496
378,32.0,35:53,0.3,,9.0,6.0,3.0,2.0,15.0,-7.0,517
378,33.0,37:13,0.6,,14.0,11.0,1.0,0.0,19.0,21.0,533
378,34.0,36:31,0.308,0.0,9.0,5.0,1.0,0.0,17.0,-17.0,548
378,35.0,24:56,0.667,,6.0,3.0,1.0,1.0,15.0,11.0,554
378,36.0,34:07,0.5,1.0,9.0,5.0,1.0,1.0,19.0,12.0,572
378,37.0,26:11,0.222,,10.0,3.0,0.0,0.0,6.0,-8.0,582
378,38.0,33:56,0.615,,6.0,5.0,1.0,0.0,22.0,-30.0,594
378,39.0,27:31,0.28600000000000003,,8.0,2.0,0.0,0.0,4.0,-9.0,606
378,40.0,31:10,0.16699999999999998,,10.0,4.0,0.0,0.0,2.0,-5.0,617
378,41.0,25:12,0.25,,7.0,7.0,1.0,0.0,7.0,-10.0,631
378,42.0,34:54,0.5379999999999999,,5.0,4.0,1.0,1.0,16.0,1.0,654
378,43.0,22:37,1.0,,6.0,4.0,1.0,0.0,9.0,-13.0,667
378,44.0,20:10,0.444,,5.0,1.0,0.0,0.0,8.0,-10.0,694
378,no play,,,,,,,,,,698
378,no play,,,,,,,,,,735
378,45.0,5:35,0.25,,2.0,0.0,0.0,0.0,2.0,-12.0,748
378,no play,,,,,,,,,,757
378,46.0,17:04,0.5,,2.0,2.0,0.0,1.0,14.0,6.0,774
378,47.0,29:36,0.5379999999999999,,6.0,1.0,0.0,0.0,17.0,-3.0,792
378,48.0,25:50,0.5,0.0,7.0,2.0,1.0,0.0,15.0,7.0,808
378,49.0,20:49,0.455,1.0,7.0,2.0,0.0,0.0,11.0,-9.0,839
378,50.0,28:51,0.444,,10.0,3.0,1.0,0.0,13.0,-30.0,850
378,51.0,28:42,0.5,0.0,11.0,3.0,1.0,0.0,13.0,-17.0,1237
378,52.0,27:46,0.222,0.0,12.0,4.0,0.0,0.0,6.0,-17.0,1250
378,53.0,33:56,0.7140000000000001,0.0,19.0,6.0,3.0,2.0,23.0,3.0,1270
378,54.0,29:07,0.385,,7.0,3.0,0.0,0.0,13.0,-31.0,879
378,55.0,32:42,0.28600000000000003,,12.0,6.0,1.0,0.0,5.0,-8.0,894
378,56.0,35:25,0.375,,18.0,10.0,1.0,0.0,13.0,-15.0,907
378,57.0,32:18,0.455,0.667,8.0,4.0,1.0,1.0,13.0,-4.0,924
378,58.0,34:26,0.444,0.0,12.0,3.0,0.0,2.0,21.0,-11.0,950
378,59.0,23:53,0.375,0.5,8.0,2.0,0.0,1.0,7.0,-20.0,958
378,60.0,29:28,0.765,0.0,8.0,2.0,0.0,0.0,32.0,-20.0,970
378,61.0,32:20,0.16699999999999998,0.0,12.0,8.0,0.0,1.0,4.0,-7.0,987
378,62.0,37:56,0.33299999999999996,0.33299999999999996,7.0,7.0,0.0,0.0,10.0,-5.0,1003
378,63.0,30:49,0.5379999999999999,0.5,7.0,3.0,1.0,1.0,19.0,-3.0,1018
378,64.0,34:18,0.5710000000000001,0.5,12.0,3.0,1.0,2.0,23.0,11.0,1040
378,65.0,27:03,0.28600000000000003,,9.0,2.0,1.0,1.0,4.0,-21.0,1056
378,66.0,32:01,0.28600000000000003,0.0,6.0,5.0,0.0,1.0,6.0,-4.0,1070
378,67.0,28:50,0.41700000000000004,0.33299999999999996,13.0,1.0,0.0,1.0,12.0,-8.0,1083
378,68.0,22:40,0.5,0.667,6.0,2.0,1.0,0.0,14.0,-26.0,1097
378,69.0,35:49,0.5,0.25,11.0,0.0,1.0,1.0,18.0,-4.0,1104
378,70.0,28:46,0.4,0.0,8.0,3.0,0.0,1.0,11.0,2.0,1131
378,71.0,33:40,0.769,0.0,5.0,2.0,0.0,0.0,25.0,0.0,1148
378,72.0,27:35,0.556,0.0,8.0,2.0,1.0,1.0,13.0,-5.0,1163
378,73.0,15:42,0.5710000000000001,,5.0,2.0,0.0,0.0,11.0,-2.0,1176
378,74.0,24:27,0.6,,8.0,3.0,0.0,0.0,13.0,-12.0,1190
