Player_ID,G,MP,FG%,3P%,TRB,AST,STL,BLK,PTS,+/-,Game_ID
90,1.0,26:27,0.28600000000000003,0.667,6.0,2.0,1.0,0.0,8.0,-14.0,
90,2.0,19:24,0.5710000000000001,0.0,0.0,1.0,0.0,1.0,8.0,1.0,24
90,3.0,11:36,0.0,0.0,3.0,0.0,0.0,1.0,0.0,-6.0,46
90,4.0,17:48,0.3,0.5,2.0,2.0,1.0,0.0,8.0,-12.0,54
90,5.0,14:01,0.5,0.5,0.0,0.0,0.0,0.0,4.0,1.0,69
90,6.0,13:01,0.5,,1.0,1.0,0.0,0.0,2.0,-8.0,83
90,7.0,5:18,0.0,,0.0,0.0,0.0,0.0,0.0,-6.0,102
90,8.0,26:23,0.364,0.4,5.0,0.0,1.0,2.0,10.0,-7.0,121
90,9.0,14:23,0.25,0.0,0.0,1.0,0.0,0.0,2.0,-14.0,127
90,10.0,25:23,0.857,0.667,4.0,2.0,1.0,1.0,16.0,30.0,142
90,11.0,23:53,0.429,0.33299999999999996,5.0,0.0,0.0,1.0,9.0,-10.0,158
90,12.0,23:04,0.667,0.5,4.0,0.0,1.0,0.0,8.0,8.0,165
90,13.0,18:50,0.25,0.4,2.0,0.0,1.0,0.0,6.0,2.0,189
90,14.0,19:21,0.75,1.0,5.0,4.0,0.0,0.0,7.0,5.0,204
90,15.0,15:52,0.667,0.5,1.0,1.0,1.0,0.0,9.0,-11.0,239
90,16.0,18:20,0.28600000000000003,0.33299999999999996,4.0,4.0,1.0,0.0,5.0,11.0,252
90,17.0,15:11,0.4,0.0,4.0,0.0,0.0,1.0,4.0,-5.0,266
90,18.0,19:41,0.125,0.0,4.0,0.0,1.0,1.0,2.0,-9.0,281
90,19.0,31:18,0.33299999999999996,0.33299999999999996,6.0,0.0,3.0,1.0,13.0,15.0,295
90,20.0,22:30,0.28600000000000003,0.25,8.0,2.0,3.0,0.0,5.0,-2.0,312
90,21.0,18:16,0.667,0.5,3.0,1.0,2.0,0.0,5.0,-5.0,326
90,22.0,13:54,0.33299999999999996,0.5,4.0,1.0,1.0,0.0,3.0,-9.0,1198
90,23.0,15:00,0.5,0.5,3.0,1.0,0.0,0.0,7.0,-4.0,345
90,24.0,15:39,0.5,0.33299999999999996,3.0,0.0,1.0,0.0,9.0,-4.0,360
90,25.0,25:28,0.375,0.0,1.0,3.0,0.0,0.0,8.0,2.0,372
90,26.0,23:10,0.625,0.5,2.0,3.0,6.0,1.0,15.0,6.0,388
90,27.0,20:18,0.5,0.33299999999999996,1.0,1.0,0.0,0.0,10.0,-1.0,404
90,28.0,20:58,0.6,0.5,4.0,3.0,0.0,0.0,7.0,16.0,421
90,29.0,19:36,0.25,0.5,0.0,0.0,1.0,0.0,5.0,7.0,439
90,30.0,13:50,0.33299999999999996,0.5,1.0,0.0,0.0,0.0,7.0,3.0,461
90,31.0,34:28,0.41700000000000004,0.28600000000000003,3.0,4.0,2.0,1.0,14.0,-3.0,483
90,32.0,27:59,0.375,0.28600000000000003,7.0,4.0,0.0,1.0,8.0,-9.0,500
90,33.0,30:07,0.5,0.375,6.0,0.0,3.0,0.0,15.0,-4.0,510
90,34.0,14:10,0.667,0.5,4.0,0.0,0.0,0.0,5.0,0.0,521
90,35.0,10:04,0.5,0.5,3.0,1.0,0.0,0.0,7.0,-7.0,536
90,36.0,8:12,0.5,0.5,1.0,0.0,0.0,0.0,3.0,-8.0,553
90,37.0,8:13,0.33299999999999996,0.0,0.0,0.0,1.0,0.0,2.0,-15.0,557
90,38.0,20:30,0.3,0.2,1.0,0.0,0.0,0.0,9.0,5.0,573
90,39.0,15:14,0.4,0.0,2.0,1.0,0.0,0.0,4.0,17.0,585
90,40.0,17:08,0.4,0.5,0.0,1.0,0.0,0.0,6.0,2.0,593
90,41.0,25:45,0.625,0.6,2.0,1.0,1.0,0.0,17.0,9.0,612
90,42.0,23:10,0.5,0.0,4.0,0.0,0.0,0.0,11.0,1.0,618
90,43.0,19:24,0.5,0.4,5.0,0.0,0.0,1.0,13.0,23.0,635
90,44.0,21:00,0.667,0.33299999999999996,2.0,2.0,1.0,1.0,11.0,4.0,643
90,45.0,4:39,1.0,1.0,2.0,0.0,0.0,0.0,3.0,2.0,659
90,46.0,31:52,0.444,0.429,3.0,0.0,3.0,2.0,13.0,14.0,677
90,47.0,19:26,0.0,0.0,2.0,0.0,1.0,0.0,0.0,0.0,693
90,48.0,20:25,0.5,0.25,5.0,2.0,1.0,0.0,9.0,5.0,703
90,49.0,36:03,0.33299999999999996,0.385,9.0,2.0,1.0,0.0,15.0,-10.0,716
90,50.0,19:41,0.111,0.0,2.0,3.0,0.0,0.0,5.0,-4.0,730
90,51.0,28:02,0.5,0.33299999999999996,4.0,4.0,3.0,1.0,7.0,26.0,739
90,52.0,22:10,0.16699999999999998,0.0,2.0,3.0,2.0,0.0,3.0,8.0,765
90,53.0,21:38,0.625,0.6,1.0,0.0,0.0,1.0,14.0,1.0,774
90,54.0,23:32,0.33299999999999996,0.2,3.0,0.0,1.0,1.0,5.0,-10.0,797
90,55.0,20:14,0.375,0.375,2.0,2.0,2.0,0.0,9.0,2.0,806
90,56.0,13:18,0.667,1.0,0.0,1.0,0.0,0.0,6.0,1.0,823
90,57.0,15:36,0.25,0.33299999999999996,1.0,2.0,1.0,1.0,4.0,-9.0,851
90,58.0,11:36,0.25,0.0,3.0,0.0,0.0,1.0,3.0,-15.0,1229
90,59.0,24:13,0.429,0.33299999999999996,7.0,0.0,0.0,2.0,14.0,6.0,1244
90,60.0,14:57,0.4,0.5,1.0,0.0,0.0,1.0,6.0,-4.0,1258
90,61.0,15:52,0.545,0.4,1.0,0.0,1.0,1.0,14.0,3.0,856
90,62.0,18:13,0.0,0.0,2.0,1.0,0.0,0.0,0.0,-15.0,870
90,63.0,15:06,0.667,0.5,3.0,1.0,0.0,0.0,10.0,0.0,889
90,64.0,24:45,0.667,0.667,4.0,3.0,2.0,0.0,10.0,16.0,896
90,65.0,11:36,1.0,,0.0,2.0,1.0,0.0,2.0,-8.0,912
90,66.0,12:27,0.25,0.33299999999999996,1.0,1.0,0.0,1.0,3.0,-4.0,935
90,67.0,9:50,0.2,0.0,1.0,1.0,0.0,0.0,2.0,-11.0,946
90,68.0,19:59,0.6,0.5,2.0,0.0,0.0,0.0,7.0,12.0,961
90,69.0,25:02,0.5710000000000001,0.5,1.0,2.0,1.0,1.0,10.0,-3.0,976
90,70.0,26:51,0.5,0.33299999999999996,4.0,3.0,1.0,1.0,11.0,-4.0,1010
90,71.0,19:07,0.5,0.4,1.0,0.0,0.0,0.0,8.0,2.0,1026
90,72.0,22:24,0.375,0.0,1.0,3.0,1.0,0.0,7.0,-13.0,1031
90,73.0,14:47,0.2,0.0,1.0,0.0,0.0,0.0,2.0,-16.0,1045
90,74.0,14:02,0.5,0.25,2.0,1.0,1.0,0.0,7.0,0.0,1058
90,75.0,23:28,1.0,,3.0,3.0,0.0,0.0,6.0,-8.0,1075
90,76.0,24:38,0.6,,4.0,2.0,1.0,1.0,12.0,3.0,1093
90,77.0,28:01,0.16699999999999998,0.16699999999999998,1.0,1.0,1.0,0.0,5.0,-17.0,1102
90,78.0,21:27,0.625,0.4,4.0,3.0,0.0,0.0,12.0,7.0,1121
90,79.0,32:57,0.583,0.5,4.0,1.0,0.0,0.0,16.0,5.0,1137
90,80.0,27:16,0.385,0.28600000000000003,2.0,2.0,3.0,0.0,12.0,2.0,1142
90,81.0,40:09,0.308,0.33299999999999996,5.0,5.0,1.0,1.0,10.0,-11.0,1157
90,82.0,20:29,0.6,0.4,5.0,1.0,2.0,1.0,20.0,12.0,1181
