Player_ID,G,MP,FG%,3P%,TRB,AST,STL,BLK,PTS,+/-,Game_ID
198,1.0,35:04,0.33299999999999996,0.429,1.0,8.0,2.0,0.0,17.0,16.0,4
198,2.0,31:06,0.389,0.4,1.0,4.0,2.0,0.0,24.0,-3.0,18
198,3.0,35:58,0.625,0.5,2.0,3.0,3.0,0.0,29.0,-18.0,23
198,4.0,32:59,0.5379999999999999,0.4,4.0,7.0,0.0,0.0,22.0,16.0,52
198,5.0,31:50,0.5,0.375,7.0,1.0,0.0,0.0,30.0,7.0,68
198,6.0,25:12,0.636,0.833,2.0,10.0,2.0,1.0,24.0,21.0,91
198,7.0,33:54,0.35,0.14300000000000002,5.0,6.0,4.0,0.0,21.0,1.0,104
198,8.0,34:53,0.632,0.583,10.0,7.0,0.0,0.0,40.0,13.0,119
198,9.0,31:52,0.4,0.5,2.0,4.0,1.0,0.0,21.0,-1.0,136
198,10.0,34:38,0.632,0.667,5.0,6.0,5.0,0.0,30.0,20.0,151
198,11.0,34:26,0.4,0.28600000000000003,5.0,6.0,2.0,0.0,21.0,6.0,170
198,12.0,37:01,0.4,0.222,7.0,5.0,1.0,0.0,25.0,-14.0,181
198,13.0,31:15,0.4,0.14300000000000002,2.0,2.0,1.0,1.0,17.0,-13.0,197
198,14.0,31:39,0.563,1.0,9.0,7.0,0.0,0.0,26.0,-7.0,209
198,15.0,32:14,0.43799999999999994,0.0,5.0,3.0,4.0,0.0,17.0,-2.0,239
198,16.0,40:00,0.429,0.33299999999999996,2.0,3.0,1.0,3.0,28.0,9.0,252
198,17.0,33:41,0.5,0.625,3.0,3.0,0.0,0.0,21.0,21.0,268
198,18.0,30:52,0.563,0.5710000000000001,2.0,4.0,2.0,1.0,23.0,-15.0,271
198,19.0,32:35,0.368,0.3,3.0,5.0,1.0,0.0,18.0,3.0,286
198,20.0,37:20,0.409,0.33299999999999996,4.0,8.0,0.0,0.0,22.0,5.0,302
198,21.0,34:46,0.5329999999999999,0.0,3.0,4.0,1.0,1.0,19.0,2.0,322
198,22.0,33:51,0.409,0.4,3.0,4.0,2.0,0.0,25.0,8.0,1192
198,23.0,24:57,0.5379999999999999,0.33299999999999996,0.0,5.0,1.0,0.0,15.0,19.0,337
198,24.0,29:40,0.643,0.6,1.0,5.0,1.0,0.0,24.0,5.0,349
198,25.0,35:13,0.25,0.25,2.0,5.0,2.0,0.0,12.0,-15.0,361
198,26.0,35:37,0.467,0.375,6.0,9.0,0.0,0.0,17.0,-1.0,375
198,no play,,,,,,,,,,391
198,27.0,34:00,0.35700000000000004,0.444,6.0,10.0,0.0,0.0,18.0,-1.0,401
198,28.0,41:11,0.423,0.4,8.0,10.0,0.0,0.0,28.0,14.0,419
198,29.0,32:29,0.375,0.667,5.0,4.0,1.0,0.0,20.0,12.0,442
198,30.0,35:06,0.353,0.2,3.0,6.0,2.0,0.0,15.0,-2.0,468
198,31.0,24:52,0.667,0.33299999999999996,3.0,5.0,0.0,0.0,21.0,28.0,482
198,32.0,36:22,0.4,0.4,7.0,4.0,1.0,0.0,22.0,12.0,491
198,33.0,34:47,0.591,0.375,5.0,5.0,0.0,0.0,37.0,-16.0,509
198,34.0,38:03,0.65,0.75,9.0,4.0,1.0,1.0,34.0,-10.0,522
198,35.0,32:59,0.385,0.25,4.0,9.0,2.0,0.0,20.0,9.0,534
198,36.0,35:49,0.5,0.444,7.0,5.0,0.0,0.0,32.0,15.0,543
198,37.0,31:13,0.462,0.5,2.0,3.0,1.0,0.0,18.0,2.0,563
198,38.0,36:29,0.429,0.41700000000000004,6.0,10.0,1.0,1.0,25.0,6.0,579
198,39.0,42:04,0.304,0.222,3.0,3.0,2.0,0.0,17.0,-8.0,597
198,40.0,37:37,0.381,0.429,4.0,2.0,1.0,0.0,24.0,-11.0,623
198,41.0,32:02,0.5710000000000001,0.5,2.0,5.0,3.0,0.0,23.0,12.0,634
198,42.0,28:50,0.688,0.667,4.0,8.0,0.0,0.0,32.0,24.0,647
198,43.0,32:41,0.353,0.33299999999999996,4.0,6.0,0.0,0.0,16.0,15.0,657
198,44.0,35:39,0.292,0.2,2.0,5.0,0.0,1.0,21.0,-7.0,670
198,45.0,38:05,0.391,0.28600000000000003,3.0,8.0,1.0,1.0,26.0,3.0,692
198,46.0,36:37,0.44799999999999995,0.182,10.0,5.0,0.0,1.0,31.0,3.0,703
198,47.0,39:03,0.5,0.5,3.0,7.0,1.0,1.0,26.0,-4.0,709
198,48.0,32:26,0.444,0.429,3.0,5.0,2.0,0.0,22.0,-7.0,734
198,49.0,25:14,0.2,0.0,1.0,5.0,0.0,0.0,7.0,-27.0,747
198,50.0,34:42,0.353,0.375,2.0,6.0,0.0,0.0,18.0,9.0,766
198,51.0,35:17,0.2,0.25,3.0,5.0,0.0,0.0,17.0,2.0,785
198,52.0,35:41,0.429,0.33299999999999996,5.0,5.0,1.0,2.0,14.0,-14.0,800
198,53.0,41:55,0.235,0.111,4.0,4.0,2.0,1.0,10.0,4.0,814
198,54.0,37:52,0.556,0.25,7.0,3.0,2.0,0.0,29.0,0.0,826
198,55.0,42:40,0.5329999999999999,0.6,4.0,9.0,2.0,0.0,24.0,0.0,843
198,56.0,41:52,0.579,0.5,7.0,6.0,2.0,0.0,34.0,4.0,1227
198,57.0,35:50,0.41700000000000004,0.4,3.0,6.0,1.0,0.0,12.0,10.0,1242
198,58.0,42:55,0.579,0.6,2.0,2.0,1.0,0.0,34.0,-20.0,1257
198,59.0,33:53,0.5,0.556,5.0,7.0,0.0,0.0,30.0,5.0,1270
198,60.0,35:58,0.41700000000000004,0.273,4.0,8.0,2.0,0.0,26.0,-5.0,868
198,61.0,37:51,0.381,0.556,4.0,4.0,2.0,1.0,27.0,1.0,884
198,62.0,34:53,0.455,0.444,6.0,7.0,1.0,0.0,28.0,10.0,901
198,63.0,37:38,0.45799999999999996,0.455,4.0,1.0,1.0,1.0,33.0,8.0,911
198,64.0,24:19,0.6920000000000001,0.625,0.0,1.0,0.0,1.0,23.0,12.0,925
198,65.0,39:32,0.375,0.267,8.0,12.0,0.0,0.0,24.0,13.0,936
198,66.0,37:48,0.375,0.25,4.0,10.0,0.0,0.0,21.0,14.0,951
198,67.0,29:58,0.273,0.0,1.0,4.0,0.0,0.0,7.0,-25.0,965
198,68.0,34:12,0.278,0.444,2.0,6.0,0.0,0.0,16.0,4.0,990
198,69.0,29:12,0.375,0.5,4.0,4.0,1.0,0.0,16.0,-2.0,1004
198,70.0,32:53,0.381,0.14300000000000002,3.0,7.0,0.0,0.0,22.0,-4.0,1019
198,71.0,38:38,0.5,0.5,1.0,5.0,2.0,1.0,28.0,12.0,1033
198,72.0,38:16,0.556,0.444,4.0,8.0,0.0,1.0,31.0,31.0,1047
198,73.0,32:38,0.526,0.4,3.0,5.0,0.0,0.0,26.0,-10.0,1063
198,74.0,35:28,0.28,0.3,4.0,2.0,0.0,0.0,19.0,-9.0,1074
198,75.0,40:57,0.391,0.4,3.0,8.0,1.0,0.0,31.0,7.0,1087
198,76.0,33:54,0.5,0.5,3.0,4.0,4.0,0.0,29.0,9.0,1103
198,77.0,36:31,0.52,0.429,5.0,4.0,2.0,1.0,37.0,4.0,1116
198,78.0,34:11,0.353,0.375,2.0,5.0,0.0,0.0,18.0,-14.0,1126
198,79.0,35:44,0.368,0.2,1.0,8.0,1.0,0.0,23.0,-6.0,1150
198,no play,,,,,,,,,,1168
