Player_ID,G,MP,FG%,3P%,TRB,AST,STL,BLK,PTS,+/-,Game_ID
255,1.0,28:16,0.33299999999999996,0.0,14.0,1.0,2.0,2.0,9.0,2.0,6
255,2.0,30:23,0.5,,9.0,2.0,2.0,2.0,7.0,-5.0,29
255,3.0,15:09,0.33299999999999996,,5.0,0.0,0.0,1.0,6.0,2.0,38
255,4.0,19:07,1.0,,5.0,1.0,1.0,1.0,8.0,-9.0,63
255,5.0,15:39,0.125,,6.0,1.0,0.0,0.0,4.0,-10.0,78
255,6.0,23:46,0.5,,11.0,1.0,1.0,1.0,12.0,6.0,87
255,7.0,27:58,0.5,0.0,11.0,1.0,0.0,1.0,5.0,1.0,98
255,8.0,30:20,0.444,,11.0,1.0,2.0,0.0,8.0,-10.0,115
255,9.0,20:58,0.444,0.0,8.0,1.0,0.0,2.0,8.0,-14.0,134
255,10.0,27:40,0.5,,14.0,1.0,1.0,3.0,18.0,-5.0,140
255,11.0,25:49,0.667,,15.0,0.0,4.0,1.0,20.0,18.0,162
255,12.0,24:11,0.75,,11.0,2.0,2.0,2.0,7.0,-3.0,177
255,13.0,25:00,0.28600000000000003,,8.0,0.0,1.0,0.0,5.0,7.0,193
255,14.0,14:52,0.5,,4.0,1.0,2.0,0.0,5.0,-10.0,206
255,15.0,21:41,0.429,,10.0,0.0,1.0,0.0,8.0,-21.0,217
255,16.0,24:01,0.75,,8.0,1.0,1.0,2.0,12.0,-8.0,246
255,17.0,27:52,0.5,,9.0,1.0,1.0,0.0,14.0,11.0,257
255,18.0,27:24,0.5,,8.0,3.0,1.0,3.0,10.0,-16.0,283
255,19.0,22:43,0.4,,11.0,1.0,0.0,0.0,14.0,-13.0,300
255,20.0,28:41,0.5,,6.0,0.0,0.0,1.0,10.0,6.0,307
255,21.0,12:58,0.0,,2.0,0.0,0.0,1.0,2.0,-7.0,314
255,22.0,11:46,0.5,,5.0,0.0,0.0,0.0,4.0,-5.0,1194
255,no play,,,,,,,,,,332
255,23.0,23:41,0.9,,10.0,1.0,0.0,0.0,19.0,2.0,347
255,24.0,7:36,0.5,,0.0,0.0,0.0,0.0,2.0,-2.0,365
255,25.0,25:36,0.6,,9.0,0.0,1.0,2.0,11.0,-1.0,386
255,26.0,28:53,0.909,,7.0,2.0,0.0,3.0,25.0,16.0,404
255,27.0,9:58,0.0,,3.0,0.0,0.0,0.0,0.0,-10.0,417
255,28.0,27:17,0.556,0.0,11.0,1.0,1.0,0.0,15.0,4.0,426
255,29.0,20:34,0.4,,4.0,1.0,0.0,1.0,4.0,-3.0,451
255,30.0,18:31,0.429,,10.0,1.0,1.0,1.0,8.0,-17.0,475
255,31.0,15:46,0.75,,5.0,2.0,0.0,0.0,6.0,1.0,488
255,32.0,11:59,0.33299999999999996,,6.0,0.0,1.0,0.0,6.0,-6.0,505
255,no play,,,,,,,,,,525
255,no play,,,,,,,,,,531
255,no play,,,,,,,,,,547
255,33.0,18:49,0.4,,10.0,1.0,0.0,0.0,4.0,-3.0,560
255,34.0,16:22,0.75,,9.0,0.0,1.0,1.0,15.0,0.0,591
255,35.0,33:05,0.833,0.0,5.0,2.0,1.0,1.0,20.0,22.0,622
255,36.0,30:04,0.9,,7.0,2.0,1.0,0.0,20.0,11.0,631
255,37.0,24:50,0.28600000000000003,,9.0,1.0,0.0,0.0,5.0,-18.0,644
255,38.0,24:15,0.7140000000000001,,7.0,2.0,0.0,0.0,13.0,10.0,663
255,39.0,13:38,,,2.0,0.0,0.0,0.0,0.0,2.0,669
255,40.0,27:52,0.5,,7.0,1.0,0.0,0.0,11.0,3.0,683
255,41.0,21:20,0.625,,6.0,0.0,1.0,0.0,15.0,1.0,697
255,42.0,36:39,0.667,,14.0,2.0,2.0,2.0,21.0,21.0,714
255,43.0,28:24,0.41700000000000004,,17.0,1.0,2.0,0.0,14.0,-11.0,735
255,44.0,27:32,0.833,,11.0,1.0,1.0,0.0,11.0,-8.0,743
255,45.0,25:16,0.75,,11.0,1.0,0.0,1.0,19.0,4.0,758
255,46.0,14:23,0.667,,4.0,0.0,0.0,0.0,4.0,-6.0,768
255,no play,,,,,,,,,,782
255,47.0,9:52,0.0,,2.0,1.0,0.0,0.0,1.0,-3.0,791
255,no play,,,,,,,,,,806
255,no play,,,,,,,,,,817
255,no play,,,,,,,,,,833
255,no play,,,,,,,,,,848
255,48.0,13:57,0.14300000000000002,,4.0,1.0,0.0,1.0,2.0,4.0,1231
255,49.0,15:41,0.75,,6.0,0.0,0.0,0.0,9.0,3.0,1240
255,no play,,,,,,,,,,1252
255,no play,,,,,,,,,,1267
255,no play,,,,,,,,,,860
255,no play,,,,,,,,,,884
255,no play,,,,,,,,,,903
255,no play,,,,,,,,,,918
255,no play,,,,,,,,,,930
255,no play,,,,,,,,,,944
255,no play,,,,,,,,,,958
255,50.0,17:58,0.556,,6.0,1.0,0.0,0.0,12.0,23.0,978
255,51.0,23:07,0.7140000000000001,,8.0,2.0,1.0,0.0,11.0,-4.0,994
255,52.0,10:00,0.33299999999999996,,3.0,0.0,0.0,0.0,5.0,-7.0,1008
255,53.0,18:51,0.5329999999999999,,9.0,1.0,2.0,0.0,17.0,15.0,1024
255,54.0,15:38,0.5,0.0,3.0,0.0,0.0,0.0,9.0,2.0,1035
255,55.0,19:35,0.4,,6.0,0.0,0.0,0.0,6.0,-23.0,1055
255,56.0,17:54,0.5,,14.0,0.0,1.0,1.0,8.0,3.0,1069
255,57.0,31:49,0.529,,13.0,2.0,1.0,1.0,18.0,1.0,1087
255,58.0,23:01,0.444,,3.0,2.0,2.0,1.0,8.0,-8.0,1110
255,59.0,9:59,0.0,,2.0,2.0,0.0,1.0,0.0,-2.0,1119
255,60.0,13:18,0.5710000000000001,,2.0,1.0,0.0,0.0,10.0,3.0,1129
255,61.0,16:46,0.6,,6.0,1.0,1.0,0.0,7.0,1.0,1145
255,no play,,,,,,,,,,1159
255,no play,,,,,,,,,,1175
255,no play,,,,,,,,,,1186
