Player_ID,G,MP,FG%,3P%,TRB,AST,STL,BLK,PTS,+/-,Game_ID
167,1.0,26:08,0.14300000000000002,0.25,3.0,1.0,1.0,0.0,7.0,-2.0,10
167,2.0,23:32,0.364,0.0,4.0,2.0,1.0,0.0,8.0,5.0,22
167,3.0,28:09,0.33299999999999996,0.2,2.0,1.0,3.0,1.0,11.0,-3.0,40
167,4.0,31:01,0.385,0.16699999999999998,0.0,6.0,3.0,0.0,11.0,-7.0,55
167,5.0,27:07,0.0,0.0,3.0,5.0,1.0,2.0,0.0,-5.0,66
167,6.0,31:30,0.583,0.75,4.0,4.0,3.0,0.0,20.0,20.0,80
167,7.0,32:36,0.615,0.667,6.0,3.0,0.0,0.0,25.0,-6.0,96
167,8.0,22:03,0.25,0.0,1.0,7.0,1.0,1.0,3.0,-8.0,107
167,9.0,28:24,0.615,0.33299999999999996,5.0,1.0,3.0,2.0,17.0,5.0,128
167,10.0,30:41,0.33299999999999996,0.5,3.0,1.0,2.0,2.0,12.0,1.0,150
167,11.0,30:11,0.4,0.6,5.0,3.0,0.0,0.0,12.0,-6.0,159
167,12.0,29:54,0.5329999999999999,0.2,2.0,2.0,3.0,2.0,19.0,-7.0,170
167,13.0,30:07,0.364,0.0,3.0,5.0,1.0,0.0,12.0,-4.0,189
167,14.0,17:45,0.0,0.0,1.0,1.0,1.0,0.0,1.0,-20.0,205
167,15.0,26:29,0.231,0.0,4.0,1.0,4.0,1.0,8.0,0.0,212
167,16.0,20:18,0.125,0.0,5.0,0.0,1.0,0.0,3.0,-13.0,242
167,17.0,27:17,0.5,0.625,1.0,4.0,1.0,0.0,21.0,-2.0,263
167,18.0,28:23,0.267,0.0,7.0,1.0,2.0,1.0,8.0,3.0,270
167,19.0,40:28,0.47100000000000003,0.5,5.0,3.0,3.0,1.0,22.0,6.0,284
167,20.0,18:08,0.273,0.33299999999999996,2.0,1.0,1.0,0.0,7.0,-25.0,298
167,21.0,25:40,0.25,0.0,2.0,2.0,0.0,0.0,8.0,-17.0,303
167,22.0,17:52,0.0,0.0,5.0,3.0,0.0,0.0,0.0,-4.0,317
167,no play,,,,,,,,,,1195
167,no play,,,,,,,,,,340
167,23.0,14:38,0.25,0.0,3.0,0.0,0.0,0.0,5.0,-10.0,369
167,24.0,22:13,0.5,0.5,5.0,1.0,0.0,1.0,7.0,14.0,392
167,25.0,30:00,0.5379999999999999,0.25,4.0,5.0,0.0,1.0,17.0,-10.0,401
167,26.0,40:10,0.444,0.0,5.0,6.0,2.0,1.0,12.0,4.0,415
167,27.0,32:49,0.33299999999999996,0.5,4.0,1.0,0.0,4.0,9.0,-6.0,430
167,28.0,31:03,0.222,0.0,2.0,4.0,2.0,0.0,5.0,-15.0,451
167,29.0,23:52,0.33299999999999996,0.0,2.0,2.0,1.0,1.0,2.0,-11.0,473
167,30.0,39:36,0.33299999999999996,0.25,1.0,4.0,0.0,0.0,11.0,8.0,483
167,31.0,29:01,0.5,0.0,2.0,4.0,2.0,1.0,10.0,-1.0,503
167,32.0,19:06,0.3,0.5,2.0,0.0,2.0,0.0,8.0,-16.0,513
167,33.0,26:55,0.667,1.0,0.0,4.0,2.0,0.0,17.0,24.0,535
167,34.0,21:11,0.25,,3.0,1.0,0.0,0.0,2.0,0.0,544
167,35.0,28:02,0.33299999999999996,0.5,4.0,4.0,0.0,1.0,6.0,23.0,562
167,36.0,22:07,0.14300000000000002,0.0,3.0,0.0,2.0,0.0,6.0,9.0,578
167,37.0,29:25,0.364,0.33299999999999996,3.0,3.0,0.0,1.0,12.0,2.0,602
167,38.0,27:43,0.615,0.5710000000000001,3.0,1.0,2.0,0.0,24.0,-1.0,613
167,39.0,32:03,0.385,0.25,6.0,5.0,1.0,0.0,16.0,2.0,618
167,40.0,20:44,0.4,0.33299999999999996,2.0,1.0,0.0,1.0,10.0,-12.0,638
167,41.0,18:50,0.5,0.0,2.0,3.0,1.0,0.0,2.0,9.0,652
167,42.0,24:12,0.583,0.5,2.0,2.0,1.0,0.0,16.0,4.0,658
167,43.0,32:59,0.429,0.33299999999999996,3.0,2.0,2.0,0.0,25.0,3.0,672
167,44.0,32:55,0.5,0.5,6.0,7.0,1.0,3.0,16.0,6.0,688
167,45.0,20:43,0.429,0.5,0.0,1.0,1.0,1.0,15.0,-22.0,706
167,46.0,49:40,0.6,0.8,10.0,0.0,0.0,0.0,24.0,4.0,716
167,47.0,23:12,0.545,0.33299999999999996,0.0,1.0,2.0,1.0,14.0,-11.0,740
167,48.0,31:08,0.429,0.33299999999999996,3.0,6.0,2.0,0.0,7.0,9.0,749
167,49.0,27:04,0.667,0.0,3.0,3.0,2.0,0.0,8.0,20.0,762
167,50.0,28:40,0.25,0.33299999999999996,1.0,1.0,3.0,0.0,8.0,-3.0,778
167,51.0,21:17,0.5,0.75,2.0,2.0,2.0,1.0,14.0,9.0,791
167,52.0,32:41,0.455,0.25,6.0,2.0,1.0,3.0,12.0,1.0,812
167,53.0,37:01,0.28600000000000003,0.0,6.0,6.0,1.0,3.0,8.0,14.0,836
167,54.0,16:55,0.0,0.0,1.0,1.0,1.0,1.0,2.0,-17.0,852
167,55.0,22:59,0.444,0.667,3.0,2.0,0.0,2.0,10.0,-20.0,1239
167,56.0,23:58,0.444,0.5,4.0,0.0,0.0,0.0,9.0,-21.0,1243
167,57.0,26:25,0.5379999999999999,0.33299999999999996,4.0,0.0,1.0,1.0,15.0,15.0,1261
167,58.0,29:56,0.545,0.6,1.0,2.0,1.0,0.0,15.0,9.0,858
167,59.0,35:29,0.41700000000000004,0.4,4.0,7.0,1.0,2.0,14.0,-10.0,873
167,60.0,19:22,0.14300000000000002,0.0,3.0,1.0,1.0,0.0,2.0,-17.0,888
167,61.0,28:30,0.4,0.4,1.0,0.0,0.0,1.0,18.0,-15.0,898
167,62.0,23:07,0.231,0.5,5.0,2.0,0.0,2.0,7.0,1.0,910
167,63.0,28:26,0.375,0.25,7.0,1.0,2.0,2.0,7.0,-2.0,929
167,64.0,25:32,0.6,0.429,2.0,0.0,0.0,0.0,15.0,6.0,941
167,65.0,30:34,0.833,0.5,2.0,1.0,1.0,0.0,15.0,-8.0,954
167,66.0,30:52,0.5,0.0,0.0,1.0,1.0,1.0,16.0,-13.0,977
167,67.0,32:05,0.41700000000000004,0.0,0.0,2.0,0.0,1.0,12.0,-10.0,989
167,no play,,,,,,,,,,1004
167,no play,,,,,,,,,,1023
167,no play,,,,,,,,,,1038
167,no play,,,,,,,,,,1048
167,no play,,,,,,,,,,1066
167,68.0,19:56,0.6,0.8,4.0,4.0,2.0,1.0,19.0,9.0,1071
167,69.0,21:19,0.25,0.4,5.0,2.0,0.0,0.0,6.0,4.0,1098
167,70.0,15:40,0.16699999999999998,0.0,6.0,3.0,3.0,0.0,3.0,-5.0,1109
167,71.0,19:21,0.5,0.5,3.0,2.0,3.0,0.0,12.0,6.0,1138
167,no play,,,,,,,,,,1140
167,72.0,29:38,0.5,0.25,2.0,4.0,4.0,0.0,13.0,14.0,1158
167,73.0,17:50,0.5,0.5,3.0,3.0,0.0,1.0,8.0,6.0,1173
167,no play,,,,,,,,,,1187
