Player_ID,G,MP,FG%,3P%,TRB,AST,STL,BLK,PTS,+/-,Game_ID
108,1.0,24:58,0.4,0.33299999999999996,12.0,2.0,3.0,0.0,23.0,24.0,
108,2.0,35:39,0.4,0.4,10.0,2.0,1.0,1.0,18.0,5.0,14
108,3.0,32:48,0.353,0.0,5.0,0.0,0.0,1.0,19.0,-4.0,25
108,4.0,30:32,0.563,0.5,5.0,0.0,2.0,1.0,24.0,2.0,42
108,5.0,33:03,0.33299999999999996,0.5,8.0,0.0,0.0,0.0,26.0,-8.0,64
108,6.0,37:39,0.5,0.4,11.0,1.0,0.0,1.0,20.0,-4.0,76
108,7.0,38:10,0.41200000000000003,0.0,12.0,3.0,3.0,0.0,24.0,-9.0,96
108,8.0,33:36,0.33299999999999996,0.0,16.0,1.0,1.0,0.0,14.0,15.0,118
108,9.0,26:03,0.6,0.667,11.0,4.0,1.0,0.0,17.0,2.0,136
108,10.0,34:35,0.313,0.14300000000000002,13.0,1.0,0.0,3.0,19.0,18.0,149
108,11.0,33:25,0.478,0.4,16.0,1.0,0.0,0.0,27.0,-10.0,156
108,12.0,27:00,0.5,0.0,13.0,1.0,0.0,0.0,12.0,31.0,172
108,13.0,31:51,0.6,0.667,8.0,3.0,1.0,1.0,40.0,20.0,211
108,14.0,28:29,0.5710000000000001,0.778,10.0,4.0,3.0,0.0,27.0,38.0,238
108,15.0,27:54,0.462,0.5,11.0,1.0,0.0,0.0,25.0,10.0,256
108,16.0,30:58,0.3,0.28600000000000003,13.0,2.0,1.0,0.0,13.0,-9.0,273
108,17.0,24:30,0.636,0.4,4.0,0.0,0.0,0.0,16.0,-6.0,289
108,18.0,41:48,0.35700000000000004,0.429,9.0,3.0,1.0,1.0,15.0,-9.0,296
108,19.0,37:32,0.444,0.545,14.0,0.0,0.0,0.0,28.0,2.0,315
108,20.0,27:03,0.375,0.33299999999999996,3.0,2.0,2.0,0.0,21.0,27.0,1198
108,21.0,30:54,0.611,0.375,15.0,3.0,1.0,1.0,28.0,20.0,338
108,22.0,35:34,0.583,0.0,6.0,1.0,3.0,0.0,22.0,13.0,349
108,23.0,34:39,0.529,0.5,13.0,3.0,2.0,0.0,29.0,23.0,368
108,no play,,,,,,,,,,379
108,24.0,33:09,0.55,0.429,17.0,4.0,1.0,0.0,27.0,7.0,402
108,no play,,,,,,,,,,423
108,no play,,,,,,,,,,429
108,25.0,25:02,0.28600000000000003,0.28600000000000003,15.0,0.0,0.0,1.0,14.0,28.0,444
108,26.0,31:52,0.385,0.429,6.0,3.0,1.0,0.0,20.0,12.0,462
108,27.0,25:53,0.429,0.5,14.0,1.0,2.0,1.0,17.0,-1.0,469
108,28.0,34:28,0.455,0.375,15.0,2.0,2.0,0.0,30.0,18.0,493
108,29.0,39:03,0.4,0.5,10.0,0.0,0.0,0.0,28.0,10.0,509
108,30.0,24:08,0.263,0.0,11.0,3.0,1.0,0.0,12.0,2.0,519
108,no play,,,,,,,,,,537
108,31.0,36:18,0.313,0.444,13.0,2.0,0.0,0.0,17.0,5.0,552
108,32.0,35:51,0.47100000000000003,0.3,10.0,1.0,0.0,1.0,25.0,1.0,569
108,33.0,37:09,0.28600000000000003,0.33299999999999996,9.0,3.0,0.0,0.0,12.0,-2.0,581
108,34.0,28:21,0.33299999999999996,0.33299999999999996,8.0,1.0,0.0,0.0,17.0,-10.0,590
108,35.0,31:03,0.375,0.16699999999999998,17.0,1.0,0.0,0.0,15.0,14.0,604
108,36.0,16:10,0.16699999999999998,0.0,3.0,1.0,0.0,0.0,3.0,-23.0,624
108,no play,,,,,,,,,,641
108,37.0,35:51,0.267,0.273,11.0,3.0,0.0,0.0,13.0,26.0,662
108,38.0,37:33,0.467,0.2,16.0,6.0,0.0,0.0,22.0,7.0,676
108,39.0,39:24,0.43799999999999994,0.444,16.0,5.0,1.0,0.0,21.0,9.0,685
108,40.0,27:52,0.385,0.5,14.0,2.0,1.0,1.0,13.0,13.0,700
108,41.0,12:19,0.0,0.0,8.0,1.0,0.0,0.0,1.0,-3.0,717
108,no play,,,,,,,,,,728
108,no play,,,,,,,,,,737
108,42.0,35:29,0.43799999999999994,0.5710000000000001,16.0,1.0,1.0,0.0,23.0,7.0,765
108,43.0,41:43,0.647,0.6,12.0,3.0,3.0,0.0,39.0,6.0,775
108,44.0,34:42,0.273,0.14300000000000002,10.0,2.0,1.0,1.0,14.0,19.0,789
108,45.0,30:39,0.41700000000000004,0.0,12.0,0.0,3.0,0.0,15.0,-9.0,802
108,46.0,33:48,0.455,0.6,9.0,5.0,0.0,0.0,16.0,10.0,817
108,no play,,,,,,,,,,838
108,no play,,,,,,,,,,841
108,no play,,,,,,,,,,1229
108,no play,,,,,,,,,,1247
108,no play,,,,,,,,,,1260
108,no play,,,,,,,,,,862
108,no play,,,,,,,,,,873
108,no play,,,,,,,,,,882
108,no play,,,,,,,,,,897
108,no play,,,,,,,,,,920
108,no play,,,,,,,,,,937
108,no play,,,,,,,,,,949
108,no play,,,,,,,,,,959
108,47.0,19:45,0.556,0.0,9.0,0.0,0.0,0.0,10.0,-5.0,974
108,no play,,,,,,,,,,991
108,48.0,25:54,0.4,0.429,15.0,0.0,0.0,0.0,21.0,3.0,1003
108,49.0,22:07,0.33299999999999996,0.429,7.0,1.0,2.0,1.0,9.0,-6.0,1024
108,50.0,28:58,0.5,0.0,12.0,4.0,0.0,0.0,15.0,-8.0,1033
108,51.0,32:47,0.455,0.5,7.0,0.0,1.0,1.0,17.0,-10.0,1043
108,52.0,27:05,0.33299999999999996,0.16699999999999998,7.0,4.0,2.0,0.0,9.0,-19.0,1059
108,53.0,20:33,0.3,0.0,10.0,4.0,0.0,2.0,8.0,-12.0,1082
108,54.0,29:44,0.429,0.4,10.0,3.0,3.0,0.0,18.0,15.0,1088
108,55.0,37:28,0.667,0.5,12.0,1.0,0.0,0.0,20.0,4.0,1111
108,56.0,28:26,0.5,0.556,11.0,2.0,2.0,1.0,28.0,25.0,1117
108,57.0,32:11,0.33299999999999996,0.2,16.0,1.0,0.0,0.0,15.0,18.0,1130
108,58.0,34:40,0.353,0.3,15.0,3.0,0.0,0.0,15.0,-12.0,1140
108,59.0,42:27,0.28600000000000003,0.2,15.0,5.0,0.0,1.0,11.0,11.0,1158
108,60.0,36:08,0.444,0.16699999999999998,10.0,0.0,1.0,0.0,25.0,-6.0,1166
108,no play,,,,,,,,,,1179
