Player_ID,G,MP,FG%,3P%,TRB,AST,STL,BLK,PTS,+/-,Game_ID
158,no play,,,,,,,,,,4
158,no play,,,,,,,,,,27
158,no play,,,,,,,,,,34
158,no play,,,,,,,,,,47
158,no play,,,,,,,,,,62
158,no play,,,,,,,,,,81
158,no play,,,,,,,,,,86
158,no play,,,,,,,,,,113
158,no play,,,,,,,,,,133
158,no play,,,,,,,,,,159
158,no play,,,,,,,,,,166
158,no play,,,,,,,,,,187
158,no play,,,,,,,,,,200
158,no play,,,,,,,,,,243
158,no play,,,,,,,,,,259
158,no play,,,,,,,,,,273
158,no play,,,,,,,,,,287
158,no play,,,,,,,,,,301
158,no play,,,,,,,,,,319
158,no play,,,,,,,,,,1196
158,no play,,,,,,,,,,340
158,no play,,,,,,,,,,346
158,no play,,,,,,,,,,362
158,no play,,,,,,,,,,384
158,no play,,,,,,,,,,393
158,no play,,,,,,,,,,423
158,no play,,,,,,,,,,429
158,no play,,,,,,,,,,447
158,no play,,,,,,,,,,466
158,no play,,,,,,,,,,484
158,no play,,,,,,,,,,502
158,no play,,,,,,,,,,508
158,no play,,,,,,,,,,518
158,no play,,,,,,,,,,536
158,no play,,,,,,,,,,553
158,no play,,,,,,,,,,565
158,no play,,,,,,,,,,580
158,no play,,,,,,,,,,599
158,no play,,,,,,,,,,613
158,no play,,,,,,,,,,620
158,no play,,,,,,,,,,637
158,no play,,,,,,,,,,648
158,no play,,,,,,,,,,660
158,no play,,,,,,,,,,675
158,no play,,,,,,,,,,689
158,no play,,,,,,,,,,702
158,no play,,,,,,,,,,711
158,no play,,,,,,,,,,744
158,no play,,,,,,,,,,758
158,no play,,,,,,,,,,767
158,1.0,14:53,0.4,0.0,2.0,2.0,0.0,1.0,5.0,-11.0,793
158,2.0,20:43,0.28600000000000003,0.5,1.0,6.0,3.0,0.0,6.0,-3.0,808
158,no play,,,,,,,,,,815
158,3.0,17:57,0.5710000000000001,,2.0,3.0,0.0,0.0,11.0,11.0,830
158,4.0,25:39,0.5379999999999999,1.0,3.0,7.0,3.0,0.0,20.0,1.0,844
158,5.0,24:15,0.222,0.5,3.0,0.0,0.0,0.0,9.0,-19.0,1236
158,6.0,28:07,0.375,0.33299999999999996,7.0,2.0,0.0,0.0,8.0,-14.0,1251
158,no play,,,,,,,,,,1260
158,7.0,30:32,0.583,1.0,5.0,5.0,2.0,0.0,21.0,8.0,860
158,8.0,33:08,0.462,0.25,4.0,9.0,4.0,0.0,19.0,17.0,874
158,9.0,30:18,0.643,0.25,3.0,0.0,1.0,0.0,24.0,3.0,881
158,10.0,31:36,0.5,0.4,5.0,8.0,0.0,1.0,13.0,24.0,895
158,11.0,27:46,0.778,0.667,3.0,4.0,1.0,1.0,18.0,9.0,912
158,12.0,37:28,0.5,0.6,3.0,2.0,2.0,0.0,21.0,6.0,927
158,13.0,33:02,0.33299999999999996,0.0,9.0,4.0,1.0,0.0,11.0,10.0,938
158,14.0,34:37,0.25,0.33299999999999996,3.0,3.0,0.0,1.0,11.0,-11.0,953
158,15.0,31:52,0.5,0.5,7.0,2.0,2.0,0.0,16.0,9.0,973
158,16.0,32:46,0.611,0.0,2.0,0.0,1.0,0.0,30.0,8.0,987
158,17.0,29:11,0.5,1.0,2.0,5.0,0.0,0.0,11.0,-6.0,995
158,18.0,32:35,0.5,1.0,3.0,3.0,2.0,1.0,26.0,-8.0,1017
158,19.0,31:11,0.455,0.5,2.0,4.0,2.0,1.0,13.0,14.0,1025
158,20.0,31:43,0.077,0.0,3.0,3.0,3.0,0.0,6.0,-9.0,1038
158,21.0,34:54,0.353,0.33299999999999996,6.0,2.0,4.0,0.0,14.0,-11.0,1050
158,22.0,34:36,0.33299999999999996,0.0,5.0,1.0,0.0,0.0,14.0,29.0,1063
158,23.0,34:24,0.5710000000000001,1.0,6.0,5.0,2.0,1.0,19.0,9.0,1073
158,24.0,42:39,0.563,0.5710000000000001,9.0,1.0,1.0,0.0,25.0,13.0,1090
158,25.0,37:06,0.33299999999999996,0.125,5.0,4.0,1.0,0.0,13.0,4.0,1105
158,26.0,23:46,0.364,0.33299999999999996,2.0,2.0,1.0,0.0,9.0,-16.0,1120
158,27.0,33:43,0.4,0.5,3.0,4.0,2.0,0.0,10.0,-9.0,1136
158,28.0,33:19,0.273,0.0,8.0,2.0,3.0,0.0,8.0,14.0,1152
158,29.0,35:38,0.556,0.8,7.0,6.0,0.0,0.0,15.0,17.0,1168
158,no play,,,,,,,,,,1180
