Player_ID,G,MP,FG%,3P%,TRB,AST,STL,BLK,PTS,+/-,Game_ID
48,1.0,32:48,0.385,0.6,7.0,0.0,1.0,2.0,16.0,-21.0,
48,2.0,36:22,0.636,0.25,5.0,2.0,0.0,1.0,21.0,14.0,24
48,3.0,29:47,0.389,0.28600000000000003,6.0,1.0,0.0,1.0,18.0,-14.0,46
48,4.0,27:55,0.0,,8.0,0.0,1.0,2.0,3.0,-6.0,54
48,5.0,32:59,0.667,0.5710000000000001,5.0,1.0,0.0,0.0,27.0,14.0,69
48,6.0,33:21,0.556,0.429,8.0,1.0,0.0,2.0,28.0,-1.0,83
48,7.0,30:49,0.467,0.5,8.0,1.0,2.0,2.0,21.0,4.0,102
48,8.0,23:16,0.33299999999999996,0.0,6.0,1.0,1.0,2.0,14.0,-24.0,121
48,9.0,29:49,0.563,0.25,4.0,2.0,0.0,0.0,21.0,-12.0,127
48,10.0,36:23,0.5,0.4,11.0,1.0,0.0,1.0,24.0,16.0,142
48,11.0,40:01,0.591,0.429,7.0,3.0,1.0,1.0,35.0,15.0,158
48,12.0,37:16,0.43799999999999994,0.4,7.0,2.0,4.0,0.0,16.0,-11.0,165
48,13.0,30:38,0.5329999999999999,0.2,11.0,0.0,0.0,0.0,19.0,6.0,189
48,14.0,39:38,0.565,0.375,9.0,1.0,0.0,1.0,31.0,5.0,204
48,15.0,33:40,0.375,0.5,8.0,2.0,1.0,3.0,16.0,-12.0,239
48,16.0,37:20,0.43799999999999994,0.4,6.0,0.0,0.0,2.0,25.0,0.0,252
48,17.0,39:07,0.45,0.5,5.0,2.0,2.0,5.0,21.0,-7.0,266
48,18.0,38:56,0.55,0.429,8.0,4.0,0.0,2.0,29.0,9.0,281
48,19.0,40:08,0.16699999999999998,0.33299999999999996,5.0,3.0,0.0,3.0,11.0,7.0,295
48,20.0,35:09,0.33299999999999996,0.16699999999999998,14.0,2.0,0.0,5.0,15.0,11.0,312
48,21.0,30:26,0.375,0.0,12.0,0.0,0.0,1.0,14.0,7.0,326
48,22.0,29:47,0.33299999999999996,0.4,3.0,0.0,0.0,2.0,12.0,-19.0,1198
48,23.0,35:11,0.316,0.2,11.0,2.0,0.0,0.0,17.0,9.0,345
48,24.0,39:20,0.5329999999999999,0.75,13.0,2.0,1.0,7.0,26.0,13.0,360
48,25.0,41:57,0.522,1.0,8.0,0.0,3.0,3.0,34.0,4.0,372
48,26.0,35:24,0.308,0.0,5.0,0.0,0.0,0.0,8.0,-21.0,388
48,27.0,37:34,0.368,0.16699999999999998,8.0,3.0,2.0,0.0,22.0,-5.0,404
48,28.0,33:27,0.467,0.5710000000000001,8.0,1.0,0.0,3.0,21.0,11.0,421
48,29.0,26:43,0.455,1.0,4.0,1.0,1.0,2.0,12.0,10.0,439
48,30.0,37:11,0.563,0.5,12.0,1.0,2.0,3.0,22.0,-3.0,461
48,31.0,41:51,0.41200000000000003,0.5,8.0,1.0,1.0,3.0,24.0,-3.0,483
48,32.0,37:49,0.4,0.0,12.0,3.0,2.0,2.0,21.0,-8.0,500
48,no play,,,,,,,,,,510
48,no play,,,,,,,,,,521
48,no play,,,,,,,,,,536
48,33.0,29:53,0.643,0.75,6.0,0.0,0.0,3.0,24.0,-5.0,553
48,34.0,34:02,0.455,0.667,4.0,3.0,1.0,4.0,16.0,-9.0,557
48,35.0,23:55,0.231,0.0,4.0,1.0,0.0,2.0,9.0,-6.0,573
48,36.0,27:37,0.3,0.16699999999999998,2.0,2.0,1.0,2.0,7.0,-4.0,585
48,no play,,,,,,,,,,593
48,no play,,,,,,,,,,612
48,no play,,,,,,,,,,618
48,no play,,,,,,,,,,635
48,37.0,28:59,0.545,0.0,5.0,2.0,1.0,0.0,15.0,-1.0,643
48,38.0,33:01,0.5379999999999999,0.0,1.0,2.0,1.0,1.0,14.0,-6.0,659
48,39.0,24:36,0.273,0.33299999999999996,4.0,0.0,1.0,1.0,8.0,-7.0,677
48,40.0,22:59,0.364,0.0,8.0,1.0,0.0,1.0,13.0,-11.0,693
48,41.0,35:00,0.727,0.5,4.0,0.0,0.0,3.0,18.0,-6.0,703
48,42.0,30:09,0.429,0.0,5.0,1.0,0.0,3.0,15.0,-1.0,716
48,no play,,,,,,,,,,730
48,43.0,25:30,0.467,0.25,12.0,1.0,0.0,2.0,19.0,15.0,739
48,44.0,29:20,0.3,0.33299999999999996,8.0,2.0,1.0,3.0,9.0,12.0,765
48,45.0,32:49,0.35700000000000004,0.2,9.0,0.0,0.0,2.0,16.0,-17.0,774
48,46.0,27:21,0.526,0.5710000000000001,6.0,2.0,2.0,0.0,27.0,-1.0,797
48,47.0,33:01,0.5,0.5,4.0,2.0,1.0,1.0,17.0,-3.0,806
48,48.0,36:51,0.4,0.6,7.0,2.0,1.0,4.0,16.0,20.0,823
48,49.0,32:40,0.308,0.25,7.0,1.0,1.0,2.0,11.0,-1.0,851
48,50.0,15:35,0.4,0.0,5.0,0.0,0.0,2.0,8.0,-6.0,1229
48,no play,,,,,,,,,,1244
48,no play,,,,,,,,,,1258
48,51.0,32:54,0.4,0.28600000000000003,9.0,2.0,1.0,0.0,20.0,6.0,856
48,52.0,31:03,0.5,0.0,8.0,1.0,1.0,0.0,18.0,16.0,870
48,53.0,40:18,0.429,0.33299999999999996,15.0,2.0,0.0,2.0,24.0,-1.0,889
48,54.0,30:07,0.5,,7.0,1.0,0.0,1.0,14.0,-9.0,896
48,55.0,36:50,0.33299999999999996,0.4,8.0,2.0,0.0,3.0,13.0,-6.0,912
48,56.0,36:25,0.43799999999999994,0.429,6.0,4.0,0.0,6.0,18.0,-8.0,935
48,57.0,33:36,0.43799999999999994,0.33299999999999996,10.0,4.0,0.0,5.0,19.0,-3.0,946
48,58.0,24:33,0.294,0.16699999999999998,3.0,3.0,1.0,3.0,11.0,-2.0,961
48,no play,,,,,,,,,,976
48,59.0,31:53,0.563,0.0,11.0,2.0,2.0,0.0,18.0,-7.0,1010
48,60.0,31:22,0.47100000000000003,0.429,7.0,0.0,1.0,1.0,24.0,-5.0,1026
48,61.0,37:36,0.381,0.0,9.0,1.0,1.0,3.0,18.0,-16.0,1031
48,62.0,26:01,0.375,0.0,5.0,2.0,1.0,1.0,12.0,-4.0,1045
48,63.0,37:10,0.625,0.25,8.0,3.0,2.0,3.0,25.0,11.0,1058
48,64.0,35:47,0.462,0.33299999999999996,8.0,2.0,0.0,3.0,20.0,-14.0,1075
48,65.0,35:54,0.556,0.4,7.0,3.0,0.0,1.0,22.0,10.0,1093
48,66.0,27:35,0.6,,1.0,0.0,1.0,0.0,14.0,-18.0,1102
48,no play,,,,,,,,,,1121
48,no play,,,,,,,,,,1137
48,no play,,,,,,,,,,1142
48,no play,,,,,,,,,,1157
48,no play,,,,,,,,,,1181
