Player_ID,G,MP,FG%,3P%,TRB,AST,STL,BLK,PTS,+/-,Game_ID
107,1.0,21:41,0.5,0.33299999999999996,3.0,4.0,1.0,0.0,5.0,-4.0,10
107,2.0,24:23,0.75,0.75,2.0,3.0,2.0,0.0,15.0,14.0,22
107,3.0,32:14,0.545,0.625,0.0,0.0,1.0,0.0,17.0,0.0,40
107,4.0,27:13,0.16699999999999998,0.16699999999999998,4.0,2.0,0.0,0.0,3.0,-12.0,55
107,5.0,20:31,0.111,0.16699999999999998,3.0,2.0,1.0,0.0,3.0,0.0,66
107,6.0,29:32,0.667,0.667,2.0,2.0,2.0,1.0,10.0,23.0,80
107,no play,,,,,,,,,,96
107,7.0,26:27,0.8,1.0,2.0,2.0,0.0,0.0,11.0,6.0,107
107,8.0,28:19,0.455,0.375,2.0,2.0,2.0,2.0,14.0,4.0,128
107,9.0,28:50,0.5,0.0,2.0,0.0,0.0,1.0,4.0,5.0,150
107,10.0,26:51,0.33299999999999996,0.28600000000000003,6.0,5.0,1.0,2.0,11.0,2.0,159
107,11.0,29:18,0.33299999999999996,0.33299999999999996,0.0,2.0,0.0,0.0,5.0,-3.0,170
107,12.0,37:29,0.583,0.5,4.0,1.0,2.0,0.0,17.0,-17.0,189
107,13.0,29:15,0.833,0.8,2.0,4.0,0.0,0.0,14.0,-24.0,205
107,no play,,,,,,,,,,212
107,14.0,26:19,0.25,0.5,4.0,1.0,2.0,0.0,3.0,-8.0,242
107,15.0,31:33,0.3,0.25,4.0,2.0,0.0,0.0,10.0,-10.0,263
107,16.0,30:29,0.16699999999999998,0.25,1.0,3.0,1.0,0.0,3.0,0.0,270
107,17.0,16:24,0.5,1.0,1.0,1.0,0.0,1.0,3.0,-1.0,284
107,18.0,33:38,0.25,0.0,2.0,0.0,1.0,0.0,7.0,-28.0,298
107,19.0,24:50,0.429,0.0,0.0,1.0,2.0,0.0,6.0,-21.0,303
107,20.0,31:44,0.5,0.5,2.0,1.0,2.0,0.0,15.0,6.0,317
107,21.0,33:48,0.33299999999999996,0.33299999999999996,3.0,5.0,0.0,0.0,9.0,8.0,1195
107,22.0,33:17,0.33299999999999996,0.2,3.0,5.0,1.0,0.0,7.0,0.0,340
107,23.0,26:55,0.667,0.8,1.0,0.0,0.0,0.0,12.0,-24.0,369
107,24.0,22:32,0.6,0.6,3.0,1.0,0.0,0.0,19.0,4.0,392
107,25.0,19:37,0.375,0.2,4.0,2.0,0.0,0.0,7.0,-14.0,401
107,26.0,34:59,0.5,0.5,2.0,6.0,0.0,0.0,8.0,5.0,415
107,27.0,32:47,0.4,0.33299999999999996,5.0,3.0,0.0,4.0,10.0,-13.0,430
107,no play,,,,,,,,,,451
107,28.0,23:24,0.28600000000000003,0.33299999999999996,3.0,1.0,0.0,0.0,6.0,-24.0,473
107,29.0,25:26,0.4,0.6,5.0,1.0,0.0,0.0,13.0,0.0,483
107,30.0,28:42,0.5379999999999999,0.375,3.0,2.0,0.0,0.0,22.0,4.0,503
107,31.0,39:25,0.41700000000000004,0.444,8.0,4.0,1.0,1.0,14.0,13.0,513
107,32.0,16:35,0.2,0.0,3.0,7.0,1.0,1.0,2.0,-5.0,535
107,no play,,,,,,,,,,544
107,no play,,,,,,,,,,569
107,33.0,17:47,0.2,0.0,3.0,0.0,0.0,0.0,2.0,-11.0,581
107,34.0,25:19,0.2,0.0,2.0,1.0,0.0,0.0,2.0,-13.0,590
107,35.0,25:20,0.7,0.667,5.0,2.0,2.0,0.0,18.0,-1.0,604
107,36.0,27:09,0.4,0.375,2.0,0.0,0.0,0.0,11.0,-12.0,624
107,37.0,24:53,0.3,0.33299999999999996,5.0,0.0,2.0,0.0,9.0,17.0,641
107,38.0,21:52,0.667,0.667,2.0,0.0,0.0,0.0,6.0,-20.0,662
107,39.0,26:16,0.5,0.5,4.0,0.0,0.0,0.0,5.0,7.0,676
107,40.0,33:44,0.444,0.5710000000000001,1.0,3.0,0.0,1.0,12.0,-17.0,685
107,41.0,22:01,0.455,0.5,2.0,0.0,0.0,0.0,14.0,-1.0,700
107,42.0,16:27,0.14300000000000002,0.16699999999999998,1.0,0.0,0.0,0.0,3.0,-2.0,717
107,43.0,25:37,0.5,0.5,3.0,1.0,0.0,0.0,4.0,-2.0,728
107,44.0,24:28,0.727,0.5710000000000001,1.0,2.0,0.0,1.0,20.0,14.0,737
107,45.0,30:59,0.33299999999999996,0.4,4.0,1.0,0.0,0.0,11.0,2.0,765
107,46.0,30:19,0.444,0.5,3.0,2.0,0.0,0.0,13.0,-3.0,775
107,47.0,26:01,0.833,0.889,5.0,0.0,0.0,0.0,29.0,14.0,789
107,48.0,25:42,1.0,1.0,1.0,0.0,1.0,1.0,8.0,-7.0,802
107,49.0,26:58,0.667,0.667,5.0,1.0,1.0,0.0,14.0,2.0,817
107,50.0,27:05,0.4,0.4,5.0,1.0,1.0,1.0,6.0,8.0,838
107,51.0,24:55,0.667,0.75,5.0,2.0,2.0,1.0,22.0,13.0,841
107,52.0,31:21,0.583,0.6,3.0,3.0,1.0,0.0,20.0,27.0,1229
107,53.0,26:47,0.625,0.5710000000000001,2.0,2.0,0.0,0.0,14.0,-6.0,1247
107,54.0,29:05,0.455,0.33299999999999996,3.0,0.0,0.0,0.0,13.0,-1.0,1260
107,55.0,26:15,0.14300000000000002,0.25,2.0,2.0,0.0,0.0,4.0,-1.0,862
107,56.0,30:21,0.375,0.429,2.0,3.0,1.0,1.0,9.0,-5.0,873
107,57.0,26:37,0.41700000000000004,0.556,1.0,2.0,0.0,0.0,15.0,-21.0,882
107,58.0,20:12,0.28600000000000003,0.0,3.0,0.0,0.0,0.0,4.0,-18.0,897
107,no play,,,,,,,,,,920
107,no play,,,,,,,,,,937
107,no play,,,,,,,,,,949
107,no play,,,,,,,,,,959
107,no play,,,,,,,,,,974
107,no play,,,,,,,,,,991
107,no play,,,,,,,,,,1003
107,59.0,19:26,0.33299999999999996,0.375,1.0,1.0,0.0,0.0,9.0,-16.0,1024
107,60.0,20:08,0.6,0.5,1.0,1.0,0.0,1.0,8.0,7.0,1033
107,61.0,20:43,0.5,0.5,2.0,0.0,0.0,0.0,10.0,-3.0,1043
107,no play,,,,,,,,,,1059
107,no play,,,,,,,,,,1082
107,no play,,,,,,,,,,1088
107,no play,,,,,,,,,,1111
107,62.0,11:53,0.667,0.6,1.0,1.0,0.0,0.0,11.0,-2.0,1117
107,63.0,19:17,1.0,1.0,2.0,0.0,0.0,0.0,6.0,19.0,1130
107,64.0,24:32,0.33299999999999996,0.33299999999999996,2.0,2.0,0.0,0.0,9.0,-16.0,1140
107,65.0,28:25,0.444,0.429,3.0,1.0,0.0,0.0,11.0,-7.0,1158
107,66.0,30:28,0.5,0.5,8.0,1.0,0.0,1.0,18.0,3.0,1166
107,67.0,10:10,0.33299999999999996,0.5,2.0,0.0,0.0,0.0,3.0,-5.0,1179
