Player_ID,G,MP,FG%,3P%,TRB,AST,STL,BLK,PTS,+/-,Game_ID
71,1.0,37:46,0.231,0.2,5.0,8.0,1.0,0.0,10.0,2.0,3
71,2.0,39:25,0.313,0.2,2.0,4.0,0.0,0.0,17.0,-9.0,14
71,3.0,35:37,0.5,0.2,5.0,7.0,3.0,0.0,29.0,7.0,38
71,4.0,35:37,0.5379999999999999,0.5,1.0,2.0,4.0,0.0,18.0,4.0,51
71,5.0,41:16,0.267,0.25,8.0,5.0,3.0,3.0,13.0,11.0,67
71,6.0,39:22,0.313,0.3,4.0,10.0,2.0,1.0,15.0,8.0,85
71,7.0,42:46,0.3,0.455,9.0,13.0,0.0,1.0,19.0,4.0,108
71,8.0,35:34,0.43799999999999994,0.25,8.0,6.0,2.0,1.0,19.0,12.0,119
71,9.0,40:48,0.467,0.0,6.0,6.0,0.0,0.0,16.0,18.0,127
71,10.0,39:43,0.478,0.5,5.0,9.0,4.0,0.0,28.0,8.0,149
71,11.0,37:34,0.353,0.5,5.0,5.0,3.0,0.0,24.0,-7.0,161
71,12.0,38:26,0.4,0.429,6.0,13.0,0.0,0.0,18.0,9.0,177
71,13.0,35:55,0.41200000000000003,0.28600000000000003,8.0,6.0,2.0,0.0,25.0,12.0,192
71,14.0,41:42,0.444,0.429,6.0,7.0,0.0,0.0,27.0,-6.0,203
71,15.0,35:43,0.4,0.28600000000000003,1.0,9.0,1.0,0.0,17.0,4.0,215
71,16.0,37:05,0.467,0.5,5.0,6.0,2.0,0.0,19.0,5.0,243
71,17.0,31:32,0.778,1.0,4.0,8.0,1.0,0.0,24.0,15.0,265
71,18.0,37:08,0.615,0.5710000000000001,3.0,8.0,2.0,0.0,29.0,1.0,278
71,19.0,30:34,0.667,0.667,4.0,7.0,1.0,0.0,24.0,18.0,294
71,20.0,31:10,0.667,0.6,8.0,8.0,0.0,1.0,17.0,34.0,303
71,21.0,40:16,0.5,0.444,3.0,9.0,1.0,0.0,24.0,-5.0,315
71,22.0,38:18,0.5710000000000001,0.7140000000000001,2.0,11.0,1.0,0.0,25.0,27.0,331
71,23.0,35:54,0.5,0.5,7.0,2.0,3.0,0.0,34.0,11.0,339
71,24.0,34:11,0.556,0.5710000000000001,3.0,7.0,1.0,0.0,18.0,29.0,362
71,25.0,36:52,0.5,0.5,4.0,7.0,0.0,0.0,20.0,5.0,374
71,26.0,36:56,0.563,0.75,2.0,6.0,0.0,0.0,27.0,17.0,392
71,27.0,34:57,0.33299999999999996,0.28600000000000003,3.0,10.0,1.0,0.0,16.0,24.0,410
71,28.0,33:44,0.667,0.6,4.0,8.0,3.0,1.0,23.0,9.0,420
71,29.0,33:17,0.75,0.5,4.0,5.0,2.0,0.0,36.0,21.0,452
71,30.0,40:16,0.444,0.385,6.0,4.0,2.0,0.0,27.0,-8.0,474
71,31.0,40:18,0.409,0.41700000000000004,6.0,11.0,2.0,0.0,27.0,4.0,490
71,32.0,38:00,0.467,0.33299999999999996,5.0,5.0,2.0,1.0,24.0,-9.0,495
71,33.0,39:02,0.75,0.857,9.0,7.0,0.0,0.0,41.0,12.0,517
71,34.0,29:10,0.222,0.0,4.0,2.0,0.0,0.0,6.0,-30.0,530
71,35.0,41:08,0.588,0.5,6.0,5.0,3.0,0.0,33.0,9.0,542
71,36.0,44:17,0.41200000000000003,0.222,9.0,12.0,3.0,1.0,27.0,-3.0,559
71,37.0,39:47,0.28600000000000003,0.33299999999999996,5.0,6.0,4.0,0.0,12.0,-4.0,567
71,38.0,42:14,0.583,0.833,4.0,9.0,2.0,1.0,24.0,7.0,577
71,39.0,35:30,0.5710000000000001,0.429,6.0,6.0,2.0,2.0,20.0,20.0,598
71,40.0,28:27,0.6,0.4,4.0,9.0,1.0,1.0,16.0,35.0,612
71,no play,,,,,,,,,,627
71,41.0,39:49,0.385,0.375,4.0,4.0,5.0,0.0,24.0,-3.0,632
71,42.0,34:23,0.389,0.3,1.0,3.0,1.0,0.0,24.0,-22.0,647
71,43.0,37:17,0.294,0.111,4.0,6.0,1.0,0.0,15.0,-6.0,668
71,44.0,41:45,0.391,0.14300000000000002,3.0,2.0,0.0,1.0,30.0,-8.0,679
71,45.0,39:49,0.524,0.4,4.0,8.0,1.0,1.0,29.0,2.0,690
71,46.0,38:45,0.5,0.5,3.0,6.0,1.0,0.0,32.0,20.0,702
71,47.0,38:23,0.5,0.667,5.0,8.0,1.0,0.0,33.0,10.0,720
71,48.0,44:51,0.524,0.429,4.0,10.0,0.0,0.0,33.0,9.0,731
71,49.0,37:54,0.6,0.364,2.0,5.0,2.0,0.0,32.0,-2.0,738
71,50.0,42:12,0.25,0.182,5.0,7.0,0.0,1.0,18.0,-8.0,752
71,51.0,39:21,0.385,0.0,10.0,11.0,1.0,0.0,15.0,5.0,771
71,52.0,38:25,0.429,0.625,4.0,8.0,0.0,0.0,24.0,4.0,777
71,53.0,36:37,0.316,0.308,2.0,5.0,1.0,0.0,20.0,-8.0,796
71,54.0,36:06,0.5,0.667,6.0,5.0,1.0,1.0,15.0,2.0,824
71,55.0,37:44,0.47100000000000003,0.364,3.0,4.0,1.0,0.0,22.0,-4.0,837
71,56.0,40:38,0.4,0.364,6.0,6.0,1.0,0.0,21.0,10.0,843
71,no play,,,,,,,,,,1234
71,no play,,,,,,,,,,1254
71,no play,,,,,,,,,,1258
71,no play,,,,,,,,,,857
71,no play,,,,,,,,,,871
71,no play,,,,,,,,,,881
71,no play,,,,,,,,,,913
71,no play,,,,,,,,,,929
71,no play,,,,,,,,,,939
71,no play,,,,,,,,,,952
71,no play,,,,,,,,,,975
71,no play,,,,,,,,,,983
71,no play,,,,,,,,,,1000
71,no play,,,,,,,,,,1011
71,no play,,,,,,,,,,1028
71,no play,,,,,,,,,,1044
71,no play,,,,,,,,,,1057
71,no play,,,,,,,,,,1074
71,no play,,,,,,,,,,1086
71,no play,,,,,,,,,,1108
71,no play,,,,,,,,,,1118
71,57.0,41:49,0.563,0.4,5.0,10.0,2.0,0.0,27.0,5.0,1127
71,58.0,35:56,0.35700000000000004,0.2,7.0,6.0,2.0,0.0,12.0,0.0,1141
71,59.0,37:52,0.5,0.444,7.0,11.0,3.0,1.0,17.0,18.0,1157
71,60.0,17:09,0.5,0.2,2.0,4.0,0.0,0.0,13.0,11.0,1179
