Player_ID,G,MP,FG%,3P%,TRB,AST,STL,BLK,PTS,+/-,Game_ID
75,no play,,,,,,,,,,3
75,no play,,,,,,,,,,14
75,no play,,,,,,,,,,38
75,no play,,,,,,,,,,51
75,no play,,,,,,,,,,67
75,1.0,21:29,1.0,,5.0,0.0,1.0,1.0,7.0,-7.0,85
75,2.0,28:58,1.0,,7.0,1.0,2.0,2.0,10.0,31.0,108
75,3.0,27:02,0.667,,7.0,1.0,1.0,2.0,10.0,12.0,119
75,4.0,25:37,1.0,,10.0,1.0,3.0,5.0,6.0,8.0,127
75,5.0,9:49,,,4.0,0.0,0.0,1.0,0.0,4.0,149
75,6.0,12:50,,,5.0,2.0,0.0,0.0,0.0,11.0,161
75,no play,,,,,,,,,,177
75,7.0,10:50,0.0,,0.0,0.0,1.0,2.0,0.0,9.0,192
75,8.0,13:18,0.0,,0.0,0.0,0.0,1.0,1.0,-9.0,203
75,9.0,17:23,0.0,,2.0,2.0,1.0,1.0,1.0,-4.0,215
75,10.0,15:35,0.0,,1.0,0.0,0.0,4.0,0.0,1.0,243
75,11.0,22:21,0.5,,4.0,0.0,1.0,1.0,6.0,12.0,265
75,12.0,17:48,0.667,,2.0,2.0,3.0,1.0,4.0,10.0,278
75,13.0,18:09,1.0,,3.0,0.0,2.0,2.0,13.0,13.0,294
75,14.0,22:56,1.0,,8.0,1.0,2.0,3.0,11.0,25.0,303
75,15.0,14:41,1.0,,3.0,0.0,1.0,1.0,6.0,8.0,315
75,16.0,19:19,0.8,,9.0,1.0,0.0,3.0,8.0,9.0,331
75,17.0,21:39,,,8.0,1.0,0.0,1.0,0.0,7.0,339
75,18.0,20:03,0.667,,5.0,1.0,1.0,1.0,5.0,18.0,362
75,no play,,,,,,,,,,374
75,19.0,13:40,0.25,,5.0,1.0,0.0,1.0,3.0,-13.0,392
75,20.0,16:38,0.75,,5.0,1.0,0.0,1.0,6.0,20.0,410
75,21.0,21:39,0.667,,6.0,1.0,1.0,4.0,6.0,4.0,420
75,22.0,31:42,0.8,1.0,6.0,1.0,2.0,1.0,9.0,-2.0,452
75,23.0,20:58,0.0,,8.0,2.0,0.0,2.0,4.0,5.0,474
75,24.0,16:41,0.0,0.0,5.0,1.0,2.0,1.0,0.0,2.0,490
75,25.0,21:30,,,1.0,0.0,1.0,2.0,0.0,-3.0,495
75,26.0,19:50,0.667,,3.0,1.0,0.0,2.0,4.0,12.0,517
75,27.0,22:13,0.0,0.0,3.0,0.0,1.0,3.0,0.0,-11.0,530
75,28.0,25:42,0.4,,6.0,3.0,1.0,2.0,4.0,4.0,542
75,29.0,42:21,0.4,0.0,8.0,1.0,2.0,1.0,9.0,-7.0,559
75,30.0,12:32,1.0,,4.0,0.0,1.0,1.0,4.0,-8.0,567
75,31.0,21:28,0.75,0.0,3.0,2.0,1.0,2.0,7.0,-1.0,577
75,32.0,29:57,1.0,,9.0,2.0,0.0,4.0,10.0,13.0,598
75,33.0,35:27,0.667,,4.0,1.0,3.0,1.0,4.0,32.0,612
75,34.0,7:26,0.5,1.0,2.0,0.0,0.0,0.0,3.0,3.0,627
75,no play,,,,,,,,,,632
75,no play,,,,,,,,,,647
75,35.0,35:22,1.0,1.0,5.0,1.0,1.0,2.0,13.0,-9.0,668
75,36.0,25:53,0.5,,11.0,1.0,1.0,2.0,6.0,2.0,679
75,37.0,24:10,1.0,,8.0,0.0,1.0,1.0,8.0,-4.0,690
75,38.0,23:46,0.5710000000000001,,5.0,0.0,1.0,4.0,9.0,-3.0,702
75,39.0,11:37,1.0,,2.0,0.0,1.0,1.0,4.0,9.0,720
75,40.0,21:32,0.75,,8.0,0.0,1.0,2.0,7.0,-4.0,731
75,41.0,28:29,0.75,0.0,5.0,0.0,1.0,4.0,10.0,7.0,738
75,42.0,25:07,0.667,,7.0,1.0,0.0,1.0,4.0,-5.0,752
75,43.0,21:53,0.667,0.0,5.0,0.0,3.0,1.0,8.0,-5.0,771
75,44.0,26:05,0.5,,6.0,2.0,3.0,0.0,8.0,2.0,777
75,45.0,21:06,1.0,,1.0,1.0,1.0,0.0,2.0,5.0,796
75,46.0,31:32,1.0,,2.0,3.0,1.0,3.0,6.0,-4.0,824
75,47.0,25:10,0.75,,3.0,0.0,1.0,0.0,7.0,4.0,837
75,48.0,15:39,,,4.0,0.0,0.0,3.0,0.0,-12.0,843
75,49.0,11:05,,,1.0,0.0,0.0,1.0,0.0,-16.0,1234
75,50.0,9:41,,,2.0,1.0,1.0,1.0,0.0,-7.0,1254
75,51.0,0:02,,,0.0,0.0,0.0,0.0,0.0,0.0,1258
75,no play,,,,,,,,,,857
75,no play,,,,,,,,,,871
75,no play,,,,,,,,,,881
75,no play,,,,,,,,,,913
75,no play,,,,,,,,,,929
75,no play,,,,,,,,,,939
75,52.0,3:37,,,2.0,0.0,0.0,1.0,0.0,1.0,952
75,53.0,6:04,,,0.0,0.0,1.0,1.0,0.0,10.0,975
75,no play,,,,,,,,,,983
75,54.0,4:47,0.0,0.0,2.0,0.0,0.0,1.0,0.0,2.0,1000
75,no play,,,,,,,,,,1011
75,no play,,,,,,,,,,1028
75,no play,,,,,,,,,,1044
75,55.0,3:19,,,1.0,0.0,0.0,0.0,0.0,3.0,1057
75,no play,,,,,,,,,,1074
75,no play,,,,,,,,,,1086
75,no play,,,,,,,,,,1108
75,56.0,0:03,,,0.0,0.0,0.0,0.0,0.0,0.0,1118
75,no play,,,,,,,,,,1127
75,no play,,,,,,,,,,1141
75,no play,,,,,,,,,,1157
75,57.0,12:33,0.0,0.0,3.0,2.0,0.0,0.0,0.0,-5.0,1179
