Player_ID,G,MP,FG%,3P%,TRB,AST,STL,BLK,PTS,+/-,Game_ID
202,1.0,18:48,0.3,0.33299999999999996,1.0,2.0,0.0,0.0,8.0,12.0,0
202,2.0,19:48,0.4,0.5,3.0,0.0,0.0,0.0,6.0,7.0,18
202,3.0,25:13,0.33299999999999996,0.4,5.0,4.0,0.0,0.0,6.0,0.0,33
202,4.0,24:02,0.33299999999999996,0.33299999999999996,2.0,0.0,1.0,0.0,10.0,5.0,45
202,5.0,26:41,0.2,0.2,5.0,0.0,0.0,0.0,3.0,-3.0,67
202,6.0,23:22,0.5,0.25,4.0,0.0,1.0,0.0,11.0,-26.0,93
202,7.0,15:33,0.33299999999999996,0.5,0.0,0.0,0.0,0.0,3.0,-5.0,114
202,8.0,5:15,0.0,0.0,1.0,0.0,0.0,0.0,0.0,-2.0,132
202,9.0,7:32,,,0.0,0.0,0.0,0.0,0.0,0.0,146
202,10.0,5:33,0.0,0.0,2.0,0.0,0.0,0.0,0.0,1.0,150
202,11.0,2:53,,,1.0,0.0,0.0,0.0,0.0,1.0,166
202,12.0,8:13,0.5,1.0,0.0,0.0,1.0,0.0,3.0,4.0,182
202,13.0,10:44,1.0,1.0,2.0,1.0,0.0,0.0,3.0,-7.0,195
202,14.0,18:05,0.4,0.5,2.0,0.0,0.0,0.0,5.0,12.0,214
202,15.0,20:12,0.5,0.33299999999999996,1.0,1.0,0.0,1.0,5.0,-10.0,244
202,16.0,16:09,0.0,0.0,2.0,0.0,0.0,0.0,1.0,0.0,254
202,17.0,23:14,0.28600000000000003,0.0,2.0,1.0,1.0,0.0,4.0,-13.0,267
202,18.0,23:01,0.444,0.5,1.0,0.0,1.0,0.0,11.0,10.0,283
202,19.0,7:52,,,0.0,0.0,1.0,0.0,1.0,-2.0,290
202,no play,,,,,,,,,,308
202,no play,,,,,,,,,,326
202,no play,,,,,,,,,,1195
202,no play,,,,,,,,,,338
202,no play,,,,,,,,,,350
202,no play,,,,,,,,,,363
202,no play,,,,,,,,,,377
202,20.0,7:39,0.0,0.0,2.0,0.0,0.0,0.0,0.0,-5.0,397
202,21.0,4:37,0.0,0.0,0.0,0.0,1.0,0.0,0.0,-5.0,411
202,22.0,15:06,0.5,0.667,2.0,0.0,0.0,1.0,8.0,1.0,422
202,23.0,5:56,0.0,0.0,1.0,0.0,0.0,0.0,0.0,-4.0,440
202,24.0,12:33,0.5,1.0,1.0,0.0,1.0,0.0,5.0,5.0,449
202,no play,,,,,,,,,,478
202,25.0,20:59,0.6,0.33299999999999996,3.0,1.0,0.0,2.0,7.0,-16.0,491
202,26.0,16:00,0.5,0.33299999999999996,2.0,1.0,0.0,0.0,5.0,3.0,499
202,27.0,17:29,0.6,1.0,3.0,1.0,0.0,0.0,7.0,2.0,514
202,28.0,22:43,0.273,0.25,5.0,0.0,0.0,0.0,7.0,-16.0,532
202,29.0,16:56,0.75,1.0,4.0,0.0,0.0,0.0,9.0,13.0,540
202,30.0,7:57,0.0,0.0,0.0,0.0,0.0,0.0,0.0,-16.0,554
202,no play,,,,,,,,,,566
202,31.0,18:10,0.16699999999999998,0.0,1.0,0.0,0.0,0.0,2.0,5.0,583
202,32.0,31:43,0.667,0.5710000000000001,4.0,2.0,0.0,2.0,16.0,-4.0,599
202,33.0,16:53,0.0,0.0,4.0,0.0,0.0,0.0,0.0,11.0,628
202,34.0,16:54,0.33299999999999996,0.33299999999999996,3.0,0.0,0.0,0.0,3.0,13.0,642
202,35.0,18:26,0.5,0.5,4.0,0.0,2.0,0.0,5.0,0.0,660
202,36.0,26:01,0.5,0.75,6.0,1.0,1.0,0.0,11.0,5.0,673
202,37.0,13:53,0.0,0.0,3.0,1.0,0.0,0.0,0.0,-4.0,687
202,38.0,16:09,0.33299999999999996,0.33299999999999996,1.0,1.0,1.0,0.0,3.0,8.0,704
202,39.0,13:29,1.0,1.0,3.0,0.0,0.0,0.0,9.0,-8.0,710
202,40.0,7:12,0.5,0.5,2.0,0.0,0.0,0.0,3.0,-2.0,725
202,41.0,19:07,0.6,0.5,1.0,1.0,2.0,1.0,8.0,8.0,740
202,42.0,24:45,0.4,0.5,1.0,1.0,0.0,0.0,8.0,17.0,764
202,43.0,13:05,0.2,0.25,0.0,0.0,0.0,0.0,3.0,-6.0,781
202,44.0,19:30,0.0,0.0,2.0,1.0,0.0,0.0,0.0,7.0,793
202,45.0,9:50,1.0,1.0,1.0,1.0,0.0,0.0,3.0,-9.0,805
202,46.0,7:02,,,3.0,1.0,0.0,0.0,0.0,-11.0,816
202,47.0,12:10,1.0,1.0,1.0,0.0,0.0,0.0,3.0,-10.0,829
202,48.0,17:29,0.75,0.75,0.0,1.0,0.0,1.0,9.0,9.0,847
202,49.0,13:54,0.5,0.667,6.0,0.0,0.0,0.0,12.0,12.0,1239
202,50.0,14:46,0.6,0.6,3.0,1.0,1.0,0.0,9.0,-1.0,1245
202,51.0,16:01,0.0,0.0,5.0,0.0,0.0,0.0,0.0,3.0,1262
202,52.0,22:48,0.6,0.6,4.0,1.0,0.0,2.0,9.0,8.0,859
202,53.0,14:21,0.667,0.667,0.0,0.0,0.0,0.0,6.0,-9.0,872
202,54.0,13:34,0.75,0.75,0.0,1.0,0.0,0.0,9.0,5.0,882
202,55.0,8:54,0.25,0.5,2.0,0.0,0.0,1.0,3.0,0.0,897
202,56.0,18:29,0.5,0.5,4.0,0.0,0.0,0.0,12.0,-6.0,911
202,57.0,20:29,0.5,0.5,1.0,3.0,2.0,0.0,6.0,10.0,939
202,58.0,10:46,0.0,0.0,0.0,0.0,0.0,0.0,0.0,0.0,947
202,59.0,15:32,0.0,0.0,3.0,1.0,0.0,0.0,0.0,-5.0,967
202,60.0,18:17,0.6,0.667,2.0,0.0,0.0,0.0,8.0,-6.0,985
202,61.0,17:14,0.5,0.5,3.0,2.0,0.0,0.0,3.0,1.0,1001
202,62.0,16:17,0.25,0.25,5.0,0.0,1.0,0.0,3.0,1.0,1013
202,63.0,14:56,0.0,0.0,0.0,0.0,0.0,0.0,0.0,8.0,1028
202,64.0,19:14,0.375,0.429,2.0,0.0,0.0,0.0,9.0,-12.0,1053
202,65.0,13:42,0.667,0.5,1.0,3.0,1.0,0.0,5.0,8.0,1067
202,66.0,15:31,0.5,0.5,1.0,0.0,0.0,0.0,3.0,-1.0,1075
202,67.0,15:40,0.33299999999999996,0.2,0.0,0.0,0.0,0.0,5.0,-5.0,1093
202,68.0,12:36,0.75,0.667,2.0,1.0,1.0,0.0,8.0,4.0,1110
202,no play,,,,,,,,,,1126
202,no play,,,,,,,,,,1141
202,no play,,,,,,,,,,1153
202,no play,,,,,,,,,,1166
202,no play,,,,,,,,,,1182
