Player_ID,G,MP,FG%,3P%,TRB,AST,STL,BLK,PTS,+/-,Game_ID
369,1.0,28:29,0.33299999999999996,0.25,5.0,1.0,1.0,0.0,7.0,1.0,9
369,2.0,34:03,0.41700000000000004,0.4,12.0,0.0,2.0,1.0,12.0,-16.0,20
369,3.0,22:07,0.0,0.0,2.0,3.0,1.0,1.0,0.0,7.0,35
369,4.0,20:42,0.5,0.0,6.0,1.0,0.0,0.0,10.0,-2.0,43
369,5.0,26:28,0.364,1.0,10.0,2.0,2.0,1.0,13.0,12.0,55
369,6.0,19:19,0.16699999999999998,0.33299999999999996,4.0,3.0,0.0,0.0,3.0,5.0,74
369,7.0,20:45,0.4,0.5,7.0,0.0,1.0,0.0,7.0,0.0,88
369,8.0,30:17,0.2,0.0,5.0,3.0,0.0,0.0,2.0,-8.0,100
369,9.0,22:45,0.2,0.0,6.0,1.0,1.0,0.0,2.0,-9.0,116
369,10.0,18:08,0.0,0.0,4.0,2.0,0.0,0.0,0.0,3.0,125
369,11.0,24:05,0.4,0.667,3.0,0.0,0.0,0.0,13.0,-17.0,138
369,12.0,21:03,0.33299999999999996,0.0,5.0,0.0,0.0,0.0,8.0,5.0,153
369,13.0,33:49,0.4,0.5,6.0,3.0,1.0,0.0,10.0,0.0,178
369,14.0,22:55,0.4,0.5,4.0,1.0,1.0,0.0,6.0,-9.0,194
369,15.0,18:44,0.444,0.0,3.0,0.0,0.0,0.0,8.0,3.0,207
369,16.0,26:02,0.33299999999999996,0.0,7.0,2.0,0.0,0.0,8.0,-11.0,219
369,17.0,21:53,0.25,0.0,4.0,4.0,0.0,0.0,4.0,-17.0,249
369,18.0,18:44,0.4,0.0,4.0,1.0,1.0,0.0,4.0,-4.0,263
369,19.0,22:15,0.33299999999999996,0.25,2.0,1.0,1.0,0.0,5.0,-18.0,274
369,20.0,24:32,0.33299999999999996,0.5,8.0,0.0,2.0,0.0,10.0,-12.0,279
369,21.0,24:13,0.16699999999999998,0.0,3.0,1.0,3.0,0.0,2.0,-14.0,294
369,22.0,36:19,0.5329999999999999,0.28600000000000003,5.0,0.0,4.0,1.0,18.0,7.0,305
369,23.0,27:22,0.28600000000000003,0.0,2.0,0.0,2.0,0.0,5.0,-22.0,323
369,24.0,21:30,0.2,,2.0,1.0,2.0,0.0,2.0,-10.0,1197
369,25.0,36:35,0.5,0.0,11.0,0.0,1.0,0.0,6.0,-6.0,344
369,26.0,32:12,0.615,0.625,5.0,2.0,2.0,0.0,22.0,-7.0,360
369,27.0,26:03,0.636,0.667,4.0,4.0,2.0,0.0,16.0,-15.0,367
369,28.0,32:17,0.41700000000000004,0.25,8.0,2.0,1.0,1.0,11.0,2.0,378
369,29.0,32:08,0.375,0.2,6.0,3.0,1.0,0.0,7.0,16.0,396
369,30.0,33:30,0.545,0.429,8.0,3.0,1.0,0.0,15.0,-1.0,402
369,31.0,34:03,0.5,0.25,7.0,1.0,0.0,3.0,11.0,-8.0,419
369,32.0,33:54,0.5,0.5,7.0,2.0,2.0,0.0,13.0,-10.0,440
369,33.0,30:52,0.375,0.5,10.0,3.0,0.0,1.0,11.0,-9.0,443
369,34.0,34:26,0.444,0.0,12.0,2.0,2.0,2.0,13.0,-4.0,465
369,35.0,33:05,0.4,0.33299999999999996,9.0,2.0,1.0,1.0,9.0,-1.0,480
369,36.0,33:41,0.25,0.0,2.0,1.0,1.0,0.0,3.0,-1.0,496
369,37.0,30:05,0.16699999999999998,0.0,3.0,2.0,0.0,0.0,2.0,1.0,517
369,38.0,31:20,0.25,0.33299999999999996,6.0,6.0,0.0,0.0,3.0,15.0,533
369,no play,,,,,,,,,,548
369,39.0,30:02,0.667,0.75,14.0,2.0,0.0,0.0,19.0,32.0,554
369,40.0,31:06,0.364,0.33299999999999996,3.0,0.0,0.0,0.0,11.0,8.0,572
369,41.0,29:53,0.5,0.5,6.0,0.0,1.0,0.0,14.0,-21.0,582
369,42.0,19:27,0.2,0.33299999999999996,1.0,2.0,1.0,0.0,3.0,-27.0,594
369,no play,,,,,,,,,,606
369,43.0,36:05,0.16699999999999998,0.0,7.0,1.0,1.0,0.0,2.0,11.0,617
369,no play,,,,,,,,,,631
369,no play,,,,,,,,,,654
369,44.0,19:24,0.5710000000000001,0.33299999999999996,2.0,0.0,0.0,2.0,9.0,-14.0,667
369,45.0,26:29,0.28600000000000003,0.0,5.0,0.0,1.0,1.0,4.0,-5.0,694
369,46.0,21:16,0.5,,4.0,0.0,0.0,0.0,6.0,-1.0,698
369,47.0,30:38,0.33299999999999996,0.33299999999999996,4.0,1.0,1.0,2.0,7.0,19.0,735
369,48.0,31:56,0.545,0.429,6.0,0.0,0.0,1.0,17.0,-11.0,748
369,49.0,20:20,0.2,0.5,6.0,1.0,0.0,0.0,3.0,-6.0,757
369,50.0,23:59,0.16699999999999998,0.0,3.0,1.0,1.0,1.0,7.0,4.0,774
369,51.0,21:02,0.2,0.25,3.0,0.0,0.0,0.0,3.0,-22.0,792
369,52.0,29:08,0.0,0.0,3.0,0.0,1.0,0.0,0.0,-12.0,808
369,53.0,20:54,0.4,0.0,3.0,0.0,1.0,0.0,4.0,2.0,839
369,54.0,23:05,0.5,0.33299999999999996,2.0,0.0,0.0,1.0,9.0,-1.0,850
369,55.0,17:48,0.33299999999999996,0.0,2.0,2.0,0.0,0.0,6.0,7.0,1237
369,56.0,12:43,0.0,0.0,4.0,1.0,1.0,0.0,0.0,-6.0,1250
369,no play,,,,,,,,,,1270
369,no play,,,,,,,,,,879
369,no play,,,,,,,,,,894
369,no play,,,,,,,,,,907
369,no play,,,,,,,,,,924
369,no play,,,,,,,,,,950
369,no play,,,,,,,,,,958
369,no play,,,,,,,,,,970
369,no play,,,,,,,,,,987
369,no play,,,,,,,,,,1003
369,no play,,,,,,,,,,1018
369,no play,,,,,,,,,,1040
369,no play,,,,,,,,,,1056
369,no play,,,,,,,,,,1070
369,no play,,,,,,,,,,1083
369,no play,,,,,,,,,,1097
369,no play,,,,,,,,,,1104
369,no play,,,,,,,,,,1131
369,no play,,,,,,,,,,1148
369,no play,,,,,,,,,,1163
369,no play,,,,,,,,,,1176
369,no play,,,,,,,,,,1190
