Player_ID,G,MP,FG%,3P%,TRB,AST,STL,BLK,PTS,+/-,Game_ID
173,1.0,19:58,0.28600000000000003,0.0,1.0,5.0,1.0,0.0,4.0,13.0,10
173,2.0,20:24,0.5,1.0,2.0,4.0,1.0,0.0,8.0,21.0,22
173,3.0,16:00,0.33299999999999996,0.5,2.0,4.0,0.0,0.0,6.0,0.0,40
173,4.0,17:38,0.0,0.0,3.0,6.0,0.0,0.0,2.0,1.0,55
173,5.0,15:25,0.4,0.667,0.0,3.0,0.0,0.0,8.0,2.0,66
173,6.0,15:36,0.429,0.0,1.0,1.0,0.0,0.0,6.0,11.0,80
173,7.0,13:54,0.667,,4.0,4.0,0.0,0.0,4.0,3.0,96
173,8.0,16:43,0.667,0.0,1.0,2.0,0.0,0.0,10.0,27.0,107
173,9.0,16:55,0.375,0.0,3.0,6.0,0.0,0.0,9.0,10.0,128
173,10.0,15:11,0.0,,2.0,3.0,0.0,0.0,1.0,3.0,150
173,11.0,17:09,0.4,0.0,4.0,2.0,1.0,0.0,4.0,9.0,159
173,12.0,17:04,0.25,0.0,1.0,8.0,1.0,0.0,4.0,6.0,170
173,13.0,20:49,0.25,0.0,4.0,1.0,1.0,0.0,7.0,-3.0,189
173,14.0,18:20,0.455,0.0,2.0,2.0,1.0,0.0,10.0,-1.0,205
173,15.0,22:27,0.5,0.5,1.0,1.0,1.0,1.0,13.0,26.0,212
173,16.0,13:03,0.0,0.0,0.0,0.0,1.0,0.0,0.0,-9.0,242
173,17.0,12:03,0.5,,2.0,3.0,0.0,0.0,4.0,-12.0,263
173,18.0,15:00,0.6,0.5,1.0,4.0,0.0,0.0,9.0,-7.0,270
173,19.0,9:24,0.25,0.0,0.0,1.0,0.0,0.0,2.0,-8.0,284
173,20.0,19:15,0.5,,1.0,3.0,0.0,0.0,8.0,-18.0,298
173,21.0,16:47,0.25,0.0,1.0,2.0,0.0,0.0,3.0,-11.0,303
173,22.0,14:26,0.4,,0.0,2.0,0.0,0.0,6.0,0.0,317
173,23.0,17:01,0.33299999999999996,0.0,2.0,1.0,1.0,0.0,4.0,3.0,1195
173,24.0,17:30,0.28600000000000003,0.0,6.0,3.0,0.0,0.0,4.0,-8.0,340
173,25.0,13:45,0.5,0.0,1.0,3.0,0.0,0.0,8.0,-10.0,369
173,26.0,22:25,0.5710000000000001,0.0,1.0,4.0,0.0,0.0,10.0,18.0,392
173,27.0,13:08,0.4,0.0,0.0,2.0,1.0,0.0,4.0,-1.0,401
173,28.0,11:14,0.33299999999999996,0.0,1.0,0.0,0.0,0.0,2.0,-9.0,415
173,29.0,5:44,0.0,,0.0,0.0,1.0,0.0,0.0,-5.0,430
173,30.0,29:44,0.375,0.33299999999999996,1.0,3.0,0.0,0.0,7.0,2.0,451
173,31.0,21:03,0.16699999999999998,0.0,1.0,1.0,1.0,0.0,2.0,-9.0,473
173,32.0,10:21,0.5,0.0,0.0,0.0,0.0,0.0,4.0,0.0,483
173,33.0,15:53,0.25,0.0,3.0,7.0,2.0,0.0,2.0,1.0,503
173,34.0,19:35,0.4,,4.0,4.0,0.0,0.0,4.0,9.0,513
173,35.0,19:43,0.7140000000000001,1.0,3.0,0.0,1.0,0.0,11.0,5.0,535
173,36.0,19:50,0.33299999999999996,0.0,3.0,8.0,3.0,0.0,7.0,-2.0,544
173,37.0,24:38,0.33299999999999996,,3.0,1.0,0.0,0.0,4.0,-2.0,562
173,38.0,16:10,0.833,0.5,1.0,1.0,0.0,0.0,12.0,5.0,578
173,39.0,27:01,0.5,0.75,4.0,6.0,0.0,0.0,17.0,23.0,602
173,40.0,26:16,0.5710000000000001,0.33299999999999996,0.0,9.0,1.0,0.0,9.0,24.0,613
173,41.0,19:05,0.5,1.0,1.0,5.0,2.0,0.0,5.0,-2.0,618
173,42.0,13:48,0.2,0.5,3.0,1.0,0.0,0.0,4.0,-10.0,638
173,43.0,17:57,0.4,0.5,2.0,1.0,2.0,0.0,8.0,6.0,652
173,44.0,18:34,0.667,0.33299999999999996,0.0,1.0,1.0,0.0,13.0,0.0,658
173,45.0,19:04,0.4,0.5,2.0,2.0,1.0,0.0,5.0,-15.0,672
173,46.0,18:03,0.25,0.0,2.0,4.0,0.0,0.0,2.0,2.0,688
173,47.0,23:03,0.16699999999999998,0.0,1.0,2.0,1.0,0.0,4.0,-1.0,706
173,48.0,22:09,0.16699999999999998,0.0,2.0,2.0,2.0,0.0,4.0,-9.0,716
173,49.0,11:25,0.25,0.0,0.0,1.0,0.0,0.0,4.0,-13.0,740
173,50.0,25:08,0.1,0.0,5.0,4.0,2.0,0.0,2.0,22.0,749
173,51.0,20:49,0.625,0.5,1.0,1.0,0.0,0.0,12.0,3.0,762
173,52.0,17:57,0.7140000000000001,0.667,2.0,0.0,0.0,0.0,13.0,-10.0,778
173,53.0,24:36,0.25,0.0,5.0,4.0,0.0,0.0,4.0,2.0,791
173,54.0,14:39,0.25,0.0,1.0,3.0,0.0,0.0,3.0,-4.0,812
173,55.0,12:56,0.0,0.0,0.0,0.0,0.0,0.0,2.0,-17.0,836
173,56.0,17:02,0.5,,1.0,1.0,1.0,0.0,7.0,-4.0,852
173,57.0,23:18,0.2,0.0,3.0,4.0,1.0,0.0,5.0,-9.0,1239
173,58.0,15:20,0.25,0.0,0.0,4.0,1.0,0.0,2.0,-5.0,1243
173,59.0,18:11,0.5,,1.0,4.0,1.0,0.0,5.0,1.0,1261
173,60.0,15:04,0.0,0.0,1.0,1.0,0.0,0.0,2.0,3.0,858
173,61.0,6:43,0.667,0.0,1.0,2.0,0.0,0.0,4.0,-3.0,873
173,62.0,11:19,0.5,,0.0,1.0,1.0,0.0,2.0,-1.0,888
173,63.0,19:11,0.0,0.0,2.0,2.0,0.0,0.0,0.0,7.0,898
173,no play,,,,,,,,,,910
173,no play,,,,,,,,,,929
173,no play,,,,,,,,,,941
173,no play,,,,,,,,,,954
173,64.0,2:17,0.0,,0.0,0.0,0.0,0.0,0.0,3.0,977
173,65.0,25:53,0.429,0.0,2.0,2.0,0.0,0.0,8.0,4.0,989
173,66.0,16:12,0.0,0.0,2.0,1.0,1.0,0.0,0.0,-24.0,1004
173,67.0,13:41,0.2,,3.0,1.0,1.0,0.0,2.0,-11.0,1023
173,68.0,10:47,0.0,0.0,1.0,1.0,0.0,0.0,0.0,-4.0,1038
173,69.0,5:15,0.5,,1.0,0.0,0.0,0.0,2.0,-2.0,1048
173,no play,,,,,,,,,,1066
173,no play,,,,,,,,,,1071
173,no play,,,,,,,,,,1098
173,no play,,,,,,,,,,1109
173,no play,,,,,,,,,,1138
173,70.0,25:42,0.429,0.667,3.0,8.0,0.0,0.0,10.0,13.0,1140
173,71.0,12:54,0.25,0.0,1.0,2.0,0.0,0.0,4.0,8.0,1158
173,72.0,8:53,0.5,0.0,2.0,3.0,0.0,0.0,4.0,5.0,1173
173,73.0,26:07,0.28600000000000003,0.33299999999999996,2.0,5.0,2.0,0.0,10.0,-13.0,1187
