Player_ID,G,MP,FG%,3P%,TRB,AST,STL,BLK,PTS,+/-,Game_ID
494,1.0,20:52,0.4,0.33299999999999996,5.0,2.0,1.0,0.0,10.0,22.0,
494,2.0,19:22,0.33299999999999996,0.33299999999999996,3.0,5.0,0.0,1.0,8.0,19.0,12
494,no play,,,,,,,,,,28
494,3.0,27:30,0.25,0.0,6.0,2.0,2.0,0.0,4.0,1.0,33
494,4.0,23:07,0.2,0.33299999999999996,1.0,3.0,1.0,0.0,8.0,-23.0,49
494,5.0,14:07,0.5710000000000001,1.0,3.0,0.0,0.0,1.0,9.0,13.0,73
494,6.0,12:53,0.33299999999999996,0.33299999999999996,4.0,1.0,0.0,0.0,7.0,-15.0,82
494,7.0,20:50,0.14300000000000002,0.0,1.0,3.0,2.0,0.0,8.0,-9.0,110
494,8.0,16:01,1.0,1.0,1.0,1.0,1.0,0.0,10.0,6.0,123
494,9.0,15:31,0.7140000000000001,1.0,2.0,3.0,0.0,1.0,12.0,5.0,130
494,10.0,16:59,0.4,1.0,3.0,2.0,0.0,0.0,6.0,0.0,146
494,11.0,15:36,0.2,0.0,1.0,2.0,2.0,0.0,2.0,-12.0,164
494,12.0,21:20,0.667,0.5,0.0,3.0,0.0,1.0,10.0,11.0,178
494,13.0,24:41,0.33299999999999996,0.4,4.0,3.0,3.0,0.0,8.0,3.0,202
494,14.0,16:08,0.16699999999999998,0.33299999999999996,3.0,2.0,2.0,0.0,5.0,-3.0,209
494,15.0,21:44,0.0,0.0,2.0,2.0,0.0,0.0,3.0,5.0,236
494,no play,,,,,,,,,,251
494,16.0,22:31,0.444,0.4,6.0,3.0,2.0,0.0,13.0,0.0,275
494,no play,,,,,,,,,,282
494,17.0,24:10,0.667,0.33299999999999996,1.0,7.0,3.0,0.0,13.0,16.0,299
494,18.0,20:39,0.28600000000000003,0.33299999999999996,2.0,1.0,4.0,0.0,6.0,9.0,319
494,no play,,,,,,,,,,329
494,19.0,18:19,0.0,0.0,2.0,2.0,1.0,1.0,0.0,7.0,336
494,20.0,17:43,0.33299999999999996,0.5,1.0,3.0,2.0,0.0,3.0,29.0,353
494,21.0,21:34,0.556,0.5,2.0,4.0,1.0,0.0,12.0,6.0,383
494,22.0,15:18,0.0,0.0,1.0,3.0,2.0,0.0,2.0,4.0,387
494,23.0,17:32,0.667,0.6,1.0,1.0,1.0,1.0,17.0,0.0,412
494,24.0,19:31,0.444,0.8,4.0,3.0,3.0,0.0,12.0,4.0,425
494,no play,,,,,,,,,,441
494,no play,,,,,,,,,,454
494,25.0,19:51,0.25,0.33299999999999996,2.0,3.0,0.0,1.0,3.0,1.0,463
494,26.0,19:33,0.33299999999999996,0.5,5.0,3.0,2.0,3.0,12.0,3.0,487
494,27.0,17:04,0.5,0.4,7.0,2.0,0.0,0.0,14.0,7.0,504
494,28.0,20:45,0.4,0.33299999999999996,3.0,3.0,3.0,0.0,10.0,5.0,513
494,29.0,17:45,0.33299999999999996,0.5,1.0,2.0,0.0,0.0,4.0,9.0,530
494,30.0,18:18,0.4,0.5,3.0,3.0,1.0,1.0,11.0,-1.0,547
494,31.0,20:19,0.14300000000000002,0.33299999999999996,2.0,4.0,1.0,1.0,3.0,19.0,563
494,32.0,14:49,0.16699999999999998,0.2,1.0,1.0,0.0,0.0,3.0,-12.0,580
494,33.0,9:15,0.0,0.0,0.0,0.0,1.0,0.0,2.0,7.0,594
494,34.0,25:06,0.429,0.5,2.0,3.0,0.0,0.0,16.0,8.0,608
494,35.0,19:33,0.6,0.5,2.0,2.0,1.0,0.0,9.0,13.0,630
494,36.0,20:23,0.545,0.33299999999999996,5.0,4.0,3.0,0.0,14.0,16.0,644
494,37.0,19:54,0.33299999999999996,0.33299999999999996,2.0,3.0,0.0,0.0,8.0,-5.0,662
494,no play,,,,,,,,,,671
494,38.0,22:09,0.273,0.25,0.0,1.0,1.0,0.0,8.0,-6.0,679
494,39.0,15:29,0.429,1.0,0.0,4.0,1.0,0.0,7.0,-6.0,705
494,40.0,23:42,0.429,0.75,5.0,3.0,1.0,0.0,10.0,13.0,722
494,41.0,20:33,0.5,0.33299999999999996,2.0,4.0,1.0,1.0,8.0,10.0,733
494,42.0,9:05,0.0,0.0,4.0,2.0,0.0,0.0,2.0,-4.0,750
494,43.0,10:07,0.833,0.8,1.0,0.0,1.0,0.0,18.0,2.0,768
494,44.0,17:10,0.556,0.4,0.0,3.0,1.0,0.0,12.0,7.0,783
494,45.0,17:59,0.33299999999999996,0.5,0.0,2.0,1.0,0.0,3.0,-4.0,788
494,46.0,17:29,0.25,0.5,2.0,2.0,1.0,1.0,3.0,4.0,807
494,47.0,17:03,0.222,0.0,3.0,4.0,1.0,0.0,4.0,-1.0,823
494,48.0,10:33,0.0,0.0,0.0,0.0,0.0,0.0,2.0,-13.0,827
494,49.0,15:45,0.5,,2.0,2.0,0.0,0.0,2.0,13.0,840
494,50.0,22:18,0.4,0.25,2.0,4.0,3.0,0.0,6.0,23.0,1241
494,51.0,20:13,0.5,0.5,0.0,4.0,2.0,0.0,6.0,15.0,1250
494,52.0,22:59,0.5,0.33299999999999996,1.0,0.0,0.0,0.0,9.0,7.0,863
494,53.0,20:49,0.4,0.0,3.0,2.0,0.0,0.0,5.0,1.0,878
494,no play,,,,,,,,,,886
494,54.0,20:26,0.444,0.25,3.0,2.0,1.0,0.0,9.0,-9.0,902
494,55.0,25:27,0.467,0.429,4.0,5.0,3.0,0.0,19.0,23.0,917
494,no play,,,,,,,,,,922
494,56.0,18:49,0.33299999999999996,0.0,5.0,6.0,3.0,0.0,6.0,9.0,940
494,57.0,22:44,0.25,0.33299999999999996,4.0,6.0,2.0,0.0,3.0,3.0,954
494,58.0,19:46,0.4,0.5,1.0,6.0,2.0,0.0,7.0,-3.0,971
494,59.0,16:04,0.4,0.33299999999999996,0.0,1.0,0.0,1.0,5.0,-13.0,993
494,no play,,,,,,,,,,1002
494,60.0,19:29,0.5710000000000001,0.33299999999999996,3.0,2.0,3.0,0.0,11.0,13.0,1016
494,61.0,18:30,0.14300000000000002,0.2,2.0,3.0,2.0,0.0,6.0,-7.0,1030
494,62.0,18:37,0.28600000000000003,0.0,1.0,4.0,3.0,0.0,4.0,1.0,1045
494,63.0,16:54,0.7140000000000001,0.667,3.0,1.0,1.0,0.0,12.0,12.0,1059
494,64.0,16:57,0.28600000000000003,0.4,1.0,3.0,2.0,0.0,6.0,-13.0,1078
494,65.0,26:49,0.429,0.5,4.0,8.0,0.0,1.0,8.0,26.0,1094
494,no play,,,,,,,,,,1106
494,66.0,6:13,0.0,,1.0,0.0,0.0,0.0,0.0,-7.0,1122
494,no play,,,,,,,,,,1131
494,no play,,,,,,,,,,1144
494,67.0,21:07,0.25,1.0,4.0,2.0,0.0,0.0,3.0,-13.0,1154
494,68.0,15:54,0.5710000000000001,0.75,0.0,1.0,0.0,0.0,11.0,6.0,1170
494,69.0,17:38,0.33299999999999996,0.33299999999999996,2.0,2.0,1.0,0.0,5.0,-1.0,1188
