Player_ID,G,MP,FG%,3P%,TRB,AST,STL,BLK,PTS,+/-,Game_ID
53,1.0,26:26,0.375,0.0,4.0,1.0,0.0,0.0,7.0,5.0,4
53,2.0,28:23,0.444,0.667,1.0,2.0,1.0,0.0,12.0,6.0,18
53,3.0,23:23,0.16699999999999998,0.0,1.0,1.0,1.0,0.0,5.0,5.0,23
53,4.0,21:28,0.444,0.5,3.0,2.0,0.0,0.0,11.0,3.0,52
53,5.0,21:22,0.16699999999999998,0.0,3.0,2.0,3.0,0.0,2.0,5.0,68
53,6.0,27:09,0.375,0.5,3.0,4.0,3.0,0.0,12.0,7.0,91
53,7.0,27:09,0.7140000000000001,0.5,1.0,1.0,0.0,0.0,13.0,14.0,104
53,8.0,26:36,0.222,0.2,4.0,0.0,1.0,1.0,6.0,-10.0,119
53,9.0,20:47,0.429,0.75,1.0,1.0,1.0,0.0,9.0,-11.0,136
53,10.0,27:15,0.625,1.0,1.0,1.0,0.0,0.0,12.0,1.0,151
53,11.0,26:43,0.28600000000000003,0.25,1.0,3.0,1.0,0.0,6.0,-7.0,170
53,12.0,32:45,0.5379999999999999,0.778,10.0,4.0,0.0,0.0,22.0,4.0,181
53,13.0,30:30,0.375,0.5,5.0,4.0,2.0,2.0,14.0,-9.0,197
53,14.0,20:57,0.455,0.2,4.0,1.0,0.0,0.0,12.0,-1.0,209
53,15.0,32:33,0.636,0.833,2.0,3.0,1.0,0.0,19.0,2.0,239
53,16.0,19:30,0.4,0.33299999999999996,2.0,1.0,0.0,0.0,5.0,-11.0,252
53,17.0,21:16,0.222,0.0,3.0,2.0,0.0,0.0,6.0,8.0,268
53,18.0,24:39,0.4,0.25,2.0,2.0,0.0,1.0,11.0,-17.0,271
53,19.0,20:16,0.6,0.0,1.0,2.0,1.0,0.0,8.0,5.0,286
53,20.0,23:26,0.6,0.429,0.0,0.0,0.0,0.0,15.0,0.0,302
53,21.0,29:57,0.556,0.5,6.0,2.0,0.0,0.0,16.0,4.0,322
53,22.0,28:06,0.5,0.25,5.0,1.0,2.0,0.0,13.0,12.0,1192
53,23.0,20:31,0.5,0.0,3.0,1.0,0.0,0.0,7.0,16.0,337
53,24.0,28:55,0.545,0.75,1.0,1.0,0.0,0.0,15.0,-10.0,349
53,25.0,27:36,0.444,0.33299999999999996,3.0,2.0,1.0,0.0,14.0,-22.0,361
53,26.0,21:54,0.6,0.667,1.0,1.0,0.0,0.0,16.0,2.0,375
53,27.0,26:59,0.308,0.16699999999999998,2.0,4.0,0.0,0.0,11.0,-10.0,391
53,28.0,29:33,0.727,0.75,3.0,1.0,0.0,0.0,19.0,15.0,401
53,29.0,33:08,0.4,0.5,2.0,2.0,0.0,1.0,13.0,-7.0,419
53,30.0,6:57,0.0,,0.0,0.0,0.0,0.0,0.0,1.0,442
53,no play,,,,,,,,,,468
53,no play,,,,,,,,,,482
53,no play,,,,,,,,,,491
53,no play,,,,,,,,,,509
53,no play,,,,,,,,,,522
53,31.0,14:42,0.25,0.0,2.0,1.0,0.0,0.0,7.0,8.0,534
53,32.0,20:59,0.0,,2.0,1.0,2.0,0.0,5.0,-2.0,543
53,33.0,26:30,0.2,0.25,4.0,2.0,0.0,0.0,5.0,-16.0,563
53,34.0,28:27,0.462,0.33299999999999996,3.0,6.0,0.0,0.0,15.0,7.0,579
53,35.0,22:01,0.16699999999999998,0.0,4.0,1.0,2.0,0.0,6.0,-12.0,597
53,36.0,17:39,0.429,0.25,1.0,3.0,0.0,0.0,7.0,0.0,623
53,37.0,23:54,0.625,0.5,5.0,3.0,1.0,0.0,13.0,13.0,634
53,38.0,21:46,0.28600000000000003,0.0,1.0,1.0,2.0,1.0,6.0,18.0,647
53,39.0,22:14,0.5,0.33299999999999996,1.0,5.0,0.0,0.0,14.0,4.0,657
53,40.0,28:48,0.41700000000000004,0.25,3.0,2.0,1.0,0.0,18.0,-2.0,670
53,41.0,25:04,0.6,0.33299999999999996,1.0,1.0,1.0,0.0,14.0,-16.0,692
53,42.0,20:30,0.6,0.4,2.0,1.0,1.0,0.0,15.0,-1.0,703
53,43.0,27:59,0.3,0.14300000000000002,1.0,1.0,2.0,0.0,7.0,-5.0,709
53,44.0,23:45,0.5,,1.0,1.0,0.0,0.0,6.0,-16.0,734
53,45.0,30:04,0.545,0.2,2.0,7.0,1.0,0.0,16.0,12.0,747
53,46.0,23:40,0.444,0.5,2.0,0.0,0.0,0.0,13.0,-11.0,766
53,47.0,26:00,0.444,0.33299999999999996,3.0,0.0,0.0,1.0,17.0,9.0,785
53,48.0,21:10,0.385,0.0,4.0,1.0,0.0,0.0,10.0,-7.0,800
53,49.0,26:37,0.5,0.25,4.0,1.0,1.0,0.0,17.0,-1.0,814
53,50.0,27:07,0.3,0.4,4.0,4.0,1.0,1.0,8.0,10.0,826
53,51.0,22:01,0.16699999999999998,0.25,1.0,1.0,0.0,0.0,3.0,0.0,843
53,52.0,22:51,0.28600000000000003,0.0,8.0,1.0,0.0,0.0,4.0,-2.0,1227
53,53.0,28:38,0.5710000000000001,0.5,2.0,6.0,1.0,0.0,13.0,6.0,1242
53,54.0,14:28,0.5,0.33299999999999996,2.0,0.0,0.0,0.0,5.0,6.0,1257
53,55.0,22:07,0.444,0.4,2.0,5.0,0.0,0.0,11.0,20.0,1270
53,56.0,24:28,0.28600000000000003,0.0,0.0,1.0,0.0,0.0,7.0,-24.0,868
53,57.0,27:58,0.125,0.33299999999999996,3.0,3.0,1.0,0.0,3.0,0.0,884
53,58.0,13:48,0.0,,2.0,3.0,1.0,0.0,0.0,13.0,901
53,59.0,26:37,0.25,0.33299999999999996,1.0,2.0,1.0,0.0,8.0,-20.0,911
53,60.0,22:16,0.6,0.0,0.0,3.0,0.0,0.0,18.0,23.0,925
53,61.0,23:00,0.444,0.25,1.0,0.0,0.0,0.0,12.0,3.0,936
53,62.0,21:37,0.28600000000000003,0.0,3.0,3.0,0.0,0.0,7.0,-21.0,951
53,63.0,26:29,0.4,0.33299999999999996,1.0,3.0,2.0,0.0,11.0,-7.0,965
53,64.0,27:32,0.33299999999999996,1.0,1.0,2.0,0.0,0.0,11.0,10.0,990
53,65.0,21:10,0.2,0.25,3.0,2.0,1.0,0.0,6.0,31.0,1004
53,66.0,21:28,0.556,0.6,3.0,1.0,1.0,0.0,20.0,7.0,1019
53,67.0,32:10,0.583,0.429,3.0,2.0,0.0,0.0,22.0,-15.0,1033
53,68.0,21:24,0.429,0.0,2.0,0.0,0.0,0.0,8.0,-11.0,1047
53,69.0,25:23,0.33299999999999996,0.0,4.0,5.0,0.0,0.0,6.0,8.0,1063
53,70.0,27:26,0.636,0.5,0.0,5.0,1.0,1.0,21.0,14.0,1074
53,71.0,19:29,0.429,0.5,0.0,0.0,0.0,0.0,11.0,8.0,1087
53,72.0,17:14,0.4,0.0,4.0,2.0,1.0,0.0,7.0,-1.0,1103
53,73.0,24:44,0.6,0.5,3.0,2.0,1.0,0.0,16.0,3.0,1116
53,74.0,8:13,0.0,0.0,1.0,1.0,0.0,0.0,0.0,-1.0,1126
53,no play,,,,,,,,,,1150
53,no play,,,,,,,,,,1168
53,no play,,,,,,,,,,1173
