Player_ID,G,MP,FG%,3P%,TRB,AST,STL,BLK,PTS,+/-,Game_ID
236,1.0,32:16,0.33299999999999996,,11.0,1.0,1.0,1.0,4.0,-14.0,10
236,2.0,37:47,0.667,,12.0,1.0,0.0,0.0,14.0,-10.0,37
236,3.0,43:01,0.6,,10.0,2.0,1.0,2.0,15.0,-7.0,51
236,4.0,30:46,0.625,,15.0,0.0,1.0,1.0,12.0,-5.0,66
236,5.0,36:55,0.3,,14.0,2.0,1.0,0.0,8.0,14.0,77
236,6.0,36:34,0.556,,12.0,2.0,0.0,2.0,14.0,-5.0,90
236,7.0,32:13,0.667,,9.0,2.0,0.0,2.0,13.0,24.0,103
236,8.0,25:42,0.4,,15.0,1.0,1.0,0.0,4.0,-15.0,118
236,9.0,34:38,0.75,,14.0,2.0,0.0,1.0,18.0,1.0,129
236,10.0,38:59,0.833,,14.0,1.0,0.0,0.0,10.0,2.0,154
236,11.0,30:41,0.583,,8.0,1.0,0.0,1.0,16.0,16.0,165
236,12.0,37:38,0.667,,16.0,4.0,0.0,1.0,10.0,-11.0,182
236,13.0,37:34,0.556,,13.0,1.0,0.0,1.0,10.0,12.0,196
236,14.0,34:12,0.667,0.0,9.0,2.0,0.0,0.0,12.0,9.0,237
236,15.0,32:48,0.7140000000000001,,10.0,1.0,0.0,0.0,10.0,-4.0,251
236,16.0,36:13,0.667,,7.0,0.0,1.0,3.0,10.0,2.0,264
236,17.0,35:41,0.5,,11.0,2.0,0.0,1.0,12.0,0.0,280
236,18.0,42:21,0.5,,18.0,2.0,2.0,2.0,21.0,-5.0,299
236,19.0,32:52,0.556,,12.0,2.0,0.0,2.0,10.0,8.0,316
236,20.0,38:09,0.273,,11.0,1.0,1.0,1.0,6.0,-5.0,325
236,21.0,35:52,0.5,,7.0,1.0,2.0,1.0,4.0,1.0,332
236,22.0,34:44,0.5,,14.0,2.0,0.0,0.0,9.0,6.0,346
236,23.0,32:02,0.6,,11.0,3.0,1.0,0.0,7.0,-10.0,363
236,24.0,36:09,0.727,,14.0,1.0,3.0,1.0,16.0,11.0,375
236,25.0,38:16,0.6,,14.0,4.0,0.0,0.0,12.0,19.0,389
236,26.0,38:38,0.5,,7.0,0.0,1.0,2.0,9.0,7.0,406
236,27.0,42:56,0.667,,13.0,1.0,0.0,0.0,21.0,4.0,413
236,28.0,35:14,0.778,,11.0,2.0,0.0,1.0,14.0,1.0,432
236,29.0,26:04,0.5,,6.0,3.0,0.0,0.0,8.0,-12.0,447
236,30.0,41:31,0.4,,12.0,3.0,0.0,1.0,4.0,7.0,466
236,31.0,41:10,0.5,,16.0,4.0,1.0,0.0,13.0,6.0,481
236,32.0,31:05,0.615,,13.0,1.0,1.0,1.0,19.0,18.0,498
236,33.0,40:12,0.6,,14.0,3.0,1.0,0.0,13.0,-13.0,523
236,34.0,39:57,0.455,,16.0,4.0,0.0,1.0,12.0,5.0,529
236,35.0,32:48,1.0,,10.0,1.0,0.0,3.0,19.0,10.0,549
236,36.0,37:22,0.4,,12.0,0.0,0.0,1.0,7.0,5.0,565
236,37.0,41:32,0.625,,12.0,0.0,1.0,1.0,10.0,16.0,576
236,38.0,31:42,0.625,,9.0,2.0,0.0,0.0,10.0,-3.0,588
236,39.0,22:51,0.667,,10.0,0.0,0.0,1.0,12.0,25.0,609
236,40.0,26:59,0.33299999999999996,,6.0,0.0,0.0,2.0,6.0,1.0,619
236,41.0,36:23,0.6,,11.0,1.0,0.0,0.0,7.0,2.0,633
236,42.0,29:50,0.5,,13.0,2.0,0.0,1.0,12.0,9.0,643
236,43.0,25:24,0.667,,7.0,2.0,2.0,0.0,12.0,-11.0,656
236,44.0,28:41,0.8,,7.0,1.0,1.0,1.0,8.0,2.0,670
236,45.0,32:37,0.778,,9.0,0.0,1.0,0.0,16.0,13.0,681
236,46.0,28:40,0.875,,11.0,2.0,3.0,2.0,15.0,25.0,706
236,47.0,30:43,0.636,,11.0,2.0,1.0,0.0,17.0,21.0,719
236,48.0,30:45,1.0,,10.0,2.0,1.0,1.0,15.0,16.0,730
236,49.0,32:43,0.769,,14.0,3.0,2.0,0.0,21.0,8.0,748
236,50.0,35:35,0.455,,17.0,0.0,0.0,1.0,12.0,5.0,761
236,51.0,37:55,0.462,,8.0,3.0,0.0,3.0,16.0,-7.0,775
236,52.0,40:43,0.5,,14.0,1.0,1.0,1.0,14.0,6.0,790
236,53.0,34:38,0.583,,16.0,1.0,0.0,1.0,14.0,19.0,811
236,54.0,24:35,0.75,,5.0,2.0,0.0,3.0,12.0,32.0,831
236,55.0,34:22,0.6,,7.0,0.0,1.0,0.0,12.0,14.0,854
236,56.0,36:09,0.3,,11.0,1.0,0.0,1.0,11.0,1.0,1232
236,57.0,28:27,0.33299999999999996,,8.0,0.0,2.0,0.0,6.0,-7.0,1253
236,58.0,23:20,0.625,,12.0,1.0,0.0,1.0,12.0,7.0,1265
236,59.0,17:42,0.75,,8.0,1.0,0.0,0.0,12.0,2.0,857
236,60.0,30:35,0.28600000000000003,0.0,6.0,1.0,0.0,0.0,6.0,2.0,871
236,61.0,22:17,0.33299999999999996,,11.0,1.0,1.0,0.0,7.0,-6.0,891
236,62.0,19:07,0.375,,3.0,1.0,0.0,1.0,6.0,-25.0,908
236,63.0,32:36,0.5,,15.0,2.0,0.0,0.0,11.0,6.0,918
236,64.0,21:46,0.33299999999999996,,9.0,1.0,0.0,0.0,2.0,1.0,932
236,65.0,34:08,0.75,,15.0,1.0,0.0,0.0,15.0,26.0,943
236,66.0,22:58,0.6,,4.0,0.0,0.0,1.0,7.0,-21.0,955
236,67.0,24:47,0.4,,10.0,0.0,0.0,0.0,8.0,1.0,964
236,68.0,21:45,0.444,,8.0,1.0,0.0,0.0,8.0,-2.0,981
236,69.0,27:11,0.28600000000000003,,15.0,0.0,0.0,1.0,6.0,-3.0,990
236,70.0,11:36,0.5,,4.0,3.0,0.0,0.0,4.0,-7.0,1007
236,71.0,27:39,0.5,,6.0,1.0,0.0,0.0,4.0,-19.0,1023
236,72.0,18:15,0.5,,9.0,0.0,0.0,0.0,8.0,-6.0,1032
236,73.0,22:47,0.625,,5.0,1.0,1.0,0.0,10.0,4.0,1043
236,74.0,22:12,0.75,,11.0,1.0,1.0,1.0,7.0,-8.0,1070
236,75.0,19:20,0.429,,4.0,3.0,1.0,0.0,6.0,-8.0,1079
236,76.0,26:45,0.5,,11.0,3.0,1.0,0.0,4.0,2.0,1095
236,77.0,15:54,0.6,,3.0,0.0,0.0,1.0,7.0,-14.0,1112
236,78.0,24:52,0.667,,6.0,2.0,0.0,2.0,8.0,10.0,1116
236,79.0,29:52,1.0,,3.0,1.0,0.0,0.0,16.0,9.0,1137
236,80.0,29:12,0.5710000000000001,,11.0,2.0,0.0,1.0,11.0,-6.0,1153
236,81.0,21:21,0.5,,8.0,5.0,0.0,0.0,8.0,4.0,1169
236,82.0,25:21,0.889,,5.0,1.0,0.0,0.0,16.0,-11.0,1182
