Player_ID,G,MP,FG%,3P%,TRB,AST,STL,BLK,PTS,+/-,Game_ID
9,1.0,31:45,0.41200000000000003,0.25,9.0,3.0,1.0,0.0,17.0,-8.0,3
9,2.0,29:04,0.5,0.4,8.0,3.0,0.0,0.0,17.0,13.0,16
9,3.0,35:43,0.25,0.125,5.0,2.0,1.0,0.0,11.0,5.0,34
9,4.0,32:10,0.643,0.667,4.0,1.0,1.0,0.0,22.0,5.0,46
9,5.0,31:51,0.5,0.6,4.0,2.0,3.0,0.0,23.0,-4.0,53
9,6.0,27:30,0.5,0.5,6.0,0.0,1.0,0.0,15.0,23.0,78
9,7.0,25:34,0.556,0.0,2.0,1.0,0.0,1.0,10.0,-33.0,94
9,8.0,39:48,0.385,0.25,3.0,2.0,2.0,0.0,16.0,-9.0,109
9,9.0,30:31,0.182,0.0,2.0,1.0,1.0,2.0,4.0,-13.0,123
9,10.0,34:16,0.5329999999999999,0.16699999999999998,1.0,3.0,2.0,0.0,17.0,6.0,134
9,11.0,29:41,0.25,0.33299999999999996,6.0,5.0,0.0,0.0,7.0,5.0,143
9,12.0,36:49,0.33299999999999996,0.33299999999999996,3.0,2.0,1.0,0.0,7.0,7.0,158
9,13.0,31:19,0.273,0.25,3.0,4.0,1.0,0.0,7.0,-26.0,172
9,14.0,33:03,0.625,0.5710000000000001,5.0,2.0,0.0,0.0,24.0,7.0,184
9,15.0,34:33,0.33299999999999996,0.25,2.0,0.0,0.0,1.0,13.0,10.0,199
9,16.0,26:25,0.25,0.0,1.0,6.0,1.0,1.0,7.0,32.0,214
9,17.0,22:09,0.615,0.5,3.0,0.0,0.0,0.0,17.0,18.0,241
9,18.0,35:01,0.33299999999999996,0.0,5.0,2.0,0.0,0.0,10.0,-18.0,253
9,19.0,36:18,0.444,0.33299999999999996,4.0,0.0,1.0,0.0,18.0,14.0,271
9,20.0,38:10,0.615,0.4,4.0,3.0,1.0,3.0,20.0,3.0,277
9,21.0,28:52,0.41700000000000004,0.667,4.0,2.0,0.0,0.0,12.0,27.0,298
9,22.0,34:53,0.583,0.556,5.0,1.0,2.0,0.0,21.0,-1.0,310
9,23.0,26:29,0.556,0.6,1.0,0.0,0.0,0.0,13.0,3.0,327
9,24.0,34:12,0.3,0.33299999999999996,10.0,2.0,0.0,1.0,7.0,-11.0,1192
9,25.0,34:54,0.5,0.5,7.0,1.0,0.0,0.0,15.0,25.0,342
9,26.0,37:25,0.625,0.5710000000000001,2.0,1.0,0.0,1.0,28.0,-11.0,356
9,27.0,37:25,0.4,0.4,6.0,2.0,2.0,0.0,12.0,6.0,381
9,28.0,23:43,0.125,0.0,3.0,1.0,1.0,0.0,2.0,-14.0,389
9,29.0,34:26,0.5710000000000001,0.33299999999999996,1.0,1.0,1.0,0.0,9.0,-9.0,400
9,30.0,23:55,0.222,0.0,1.0,1.0,0.0,0.0,6.0,-29.0,414
9,31.0,38:45,0.091,0.0,5.0,0.0,0.0,0.0,12.0,4.0,431
9,32.0,20:12,0.14300000000000002,0.0,3.0,3.0,3.0,0.0,2.0,-2.0,446
9,33.0,36:14,0.4,0.5,4.0,2.0,3.0,0.0,15.0,8.0,469
9,34.0,23:02,0.3,0.33299999999999996,2.0,3.0,0.0,0.0,11.0,-22.0,484
9,no play,,,,,,,,,,503
9,35.0,31:20,0.444,0.667,1.0,1.0,0.0,0.0,11.0,-5.0,514
9,36.0,29:07,0.429,0.28600000000000003,1.0,4.0,0.0,1.0,14.0,-5.0,528
9,37.0,36:00,0.33299999999999996,0.5,11.0,3.0,0.0,1.0,20.0,9.0,543
9,38.0,46:17,0.294,0.0,5.0,5.0,1.0,0.0,10.0,11.0,571
9,39.0,31:01,0.364,0.25,3.0,1.0,2.0,0.0,9.0,-10.0,584
9,40.0,34:23,0.529,0.16699999999999998,5.0,3.0,1.0,0.0,21.0,-10.0,596
9,41.0,30:20,0.2,0.25,5.0,1.0,0.0,0.0,11.0,-22.0,605
9,42.0,42:36,0.5,0.5,9.0,1.0,0.0,1.0,23.0,-1.0,617
9,43.0,35:53,0.385,0.16699999999999998,10.0,7.0,0.0,0.0,14.0,30.0,638
9,44.0,37:40,0.41200000000000003,0.5,11.0,3.0,1.0,0.0,25.0,9.0,656
9,45.0,37:36,0.455,0.33299999999999996,3.0,1.0,0.0,0.0,13.0,-3.0,674
9,46.0,35:41,0.636,0.0,2.0,2.0,1.0,0.0,14.0,-7.0,710
9,47.0,35:16,0.375,0.14300000000000002,5.0,0.0,0.0,0.0,13.0,10.0,727
9,48.0,34:09,0.33299999999999996,0.25,4.0,4.0,0.0,0.0,7.0,-3.0,741
9,49.0,38:18,0.632,0.556,5.0,2.0,1.0,0.0,36.0,14.0,754
9,50.0,33:49,0.455,1.0,6.0,4.0,1.0,1.0,19.0,-17.0,763
9,51.0,38:49,0.563,0.0,8.0,3.0,1.0,0.0,19.0,33.0,779
9,52.0,28:25,0.429,0.33299999999999996,6.0,3.0,1.0,0.0,14.0,13.0,792
9,53.0,28:50,0.4,0.33299999999999996,5.0,3.0,1.0,0.0,10.0,-15.0,807
9,54.0,31:32,0.33299999999999996,0.0,3.0,1.0,2.0,1.0,11.0,-1.0,824
9,55.0,39:57,0.588,0.5,5.0,3.0,0.0,0.0,26.0,-7.0,830
9,56.0,35:37,0.273,0.0,13.0,1.0,0.0,1.0,6.0,2.0,845
9,57.0,37:34,0.353,0.75,8.0,0.0,1.0,0.0,16.0,5.0,1227
9,58.0,37:52,0.33299999999999996,0.28600000000000003,10.0,4.0,1.0,0.0,16.0,-11.0,1255
9,59.0,41:43,0.565,0.429,8.0,6.0,0.0,0.0,37.0,4.0,1266
9,60.0,25:25,0.41700000000000004,0.33299999999999996,5.0,1.0,1.0,0.0,11.0,-21.0,861
9,61.0,33:54,0.5329999999999999,0.33299999999999996,3.0,2.0,2.0,3.0,22.0,36.0,880
9,62.0,31:13,0.385,0.2,6.0,3.0,0.0,1.0,13.0,-5.0,899
9,63.0,28:47,0.308,0.2,1.0,2.0,0.0,1.0,10.0,-20.0,916
9,64.0,31:59,0.364,0.28600000000000003,5.0,3.0,2.0,0.0,12.0,11.0,920
9,65.0,33:37,0.3,0.25,5.0,2.0,0.0,1.0,7.0,15.0,935
9,66.0,24:20,0.556,0.5,7.0,0.0,0.0,0.0,13.0,-14.0,959
9,67.0,33:23,0.2,0.0,1.0,2.0,1.0,0.0,8.0,-13.0,968
9,68.0,34:59,0.077,0.25,5.0,0.0,0.0,0.0,3.0,-17.0,983
9,69.0,36:10,0.667,0.667,5.0,3.0,0.0,0.0,16.0,8.0,998
9,70.0,37:47,0.35700000000000004,0.2,4.0,2.0,0.0,1.0,13.0,-13.0,1012
9,71.0,31:31,0.41700000000000004,0.0,3.0,1.0,0.0,0.0,14.0,-21.0,1021
9,72.0,21:34,0.125,0.0,2.0,2.0,1.0,0.0,4.0,-16.0,1034
9,73.0,33:06,0.462,0.8,1.0,2.0,0.0,0.0,20.0,-10.0,1058
9,74.0,27:54,0.3,0.33299999999999996,4.0,2.0,0.0,0.0,7.0,-9.0,1067
9,75.0,36:47,0.667,0.5,13.0,0.0,0.0,2.0,28.0,1.0,1081
9,76.0,36:03,0.385,0.2,4.0,3.0,0.0,0.0,13.0,-16.0,1090
9,77.0,18:52,0.545,0.75,1.0,1.0,0.0,0.0,15.0,-9.0,1127
9,78.0,16:21,0.16699999999999998,0.0,1.0,1.0,0.0,0.0,2.0,-15.0,1143
9,no play,,,,,,,,,,1162
9,79.0,25:33,0.429,0.0,4.0,0.0,1.0,0.0,12.0,-12.0,1169
9,no play,,,,,,,,,,1178
