Player_ID,G,MP,FG%,3P%,TRB,AST,STL,BLK,PTS,+/-,Game_ID
13,no play,,,,,,,,,,2
13,no play,,,,,,,,,,11
13,no play,,,,,,,,,,23
13,1.0,33:34,0.25,0.16699999999999998,5.0,5.0,1.0,1.0,7.0,4.0,57
13,2.0,28:15,0.556,0.5,2.0,2.0,0.0,1.0,14.0,-20.0,64
13,3.0,27:11,0.462,0.25,5.0,2.0,0.0,0.0,13.0,-9.0,87
13,4.0,36:29,0.389,0.444,3.0,1.0,1.0,0.0,20.0,-5.0,103
13,5.0,33:39,0.385,0.28600000000000003,6.0,10.0,3.0,0.0,12.0,23.0,121
13,6.0,33:32,0.364,0.0,2.0,2.0,1.0,0.0,9.0,5.0,126
13,7.0,37:12,0.5,0.5,6.0,3.0,4.0,0.0,15.0,-4.0,144
13,8.0,35:50,0.16699999999999998,0.0,7.0,4.0,2.0,1.0,4.0,9.0,157
13,9.0,24:55,0.4,0.5,0.0,1.0,2.0,0.0,10.0,-21.0,175
13,10.0,30:36,0.111,0.0,7.0,3.0,0.0,2.0,2.0,0.0,184
13,11.0,30:52,0.33299999999999996,0.5,6.0,5.0,1.0,0.0,9.0,12.0,201
13,12.0,30:39,0.2,0.0,8.0,8.0,2.0,1.0,4.0,13.0,213
13,13.0,26:40,0.33299999999999996,0.0,4.0,10.0,1.0,0.0,9.0,-6.0,236
13,14.0,32:51,0.375,0.33299999999999996,2.0,4.0,1.0,0.0,12.0,2.0,267
13,15.0,23:46,0.28600000000000003,0.25,2.0,3.0,1.0,0.0,12.0,1.0,277
13,16.0,22:43,0.25,0.33299999999999996,1.0,3.0,0.0,1.0,3.0,-16.0,293
13,17.0,32:25,0.33299999999999996,0.0,3.0,3.0,1.0,0.0,7.0,10.0,304
13,18.0,27:26,0.444,0.25,5.0,2.0,0.0,1.0,13.0,1.0,321
13,19.0,23:01,0.7140000000000001,0.5,3.0,3.0,2.0,0.0,13.0,19.0,1193
13,20.0,35:52,0.273,0.429,4.0,5.0,0.0,0.0,12.0,11.0,339
13,21.0,35:43,0.455,0.25,6.0,8.0,1.0,0.0,11.0,11.0,357
13,22.0,36:43,0.41700000000000004,0.0,2.0,6.0,3.0,0.0,11.0,-17.0,383
13,23.0,24:20,0.5,0.0,7.0,5.0,0.0,0.0,5.0,1.0,391
13,24.0,27:28,0.25,0.0,6.0,4.0,2.0,0.0,6.0,2.0,411
13,25.0,22:14,0.0,0.0,2.0,4.0,1.0,0.0,0.0,1.0,424
13,26.0,25:21,0.25,0.25,4.0,3.0,2.0,1.0,12.0,7.0,437
13,27.0,24:02,0.3,0.5,3.0,4.0,1.0,1.0,7.0,-11.0,445
13,28.0,28:26,0.556,0.5,2.0,7.0,1.0,0.0,15.0,17.0,461
13,29.0,28:37,0.33299999999999996,0.5,4.0,6.0,2.0,1.0,13.0,16.0,477
13,30.0,31:18,0.429,0.2,1.0,5.0,2.0,0.0,9.0,1.0,493
13,31.0,33:35,0.14300000000000002,0.0,4.0,2.0,2.0,0.0,6.0,11.0,499
13,32.0,27:56,0.6,1.0,1.0,3.0,1.0,0.0,9.0,-3.0,527
13,33.0,29:39,0.33299999999999996,0.4,2.0,8.0,1.0,2.0,14.0,-2.0,551
13,34.0,32:08,0.7,0.7140000000000001,5.0,6.0,2.0,1.0,22.0,14.0,558
13,35.0,37:36,0.545,0.5,4.0,5.0,4.0,1.0,16.0,-6.0,577
13,36.0,36:16,0.273,0.0,4.0,4.0,0.0,0.0,9.0,-2.0,588
13,37.0,36:33,0.154,0.25,2.0,4.0,4.0,0.0,9.0,1.0,602
13,38.0,27:20,0.2,0.0,5.0,4.0,2.0,1.0,2.0,1.0,623
13,39.0,31:31,0.16699999999999998,0.0,3.0,5.0,2.0,2.0,4.0,0.0,635
13,40.0,41:20,0.33299999999999996,0.14300000000000002,5.0,6.0,2.0,0.0,17.0,3.0,655
13,41.0,32:34,0.308,0.33299999999999996,5.0,1.0,4.0,0.0,13.0,-3.0,681
13,42.0,30:57,0.4,1.0,4.0,6.0,3.0,0.0,7.0,12.0,686
13,43.0,23:10,0.429,0.667,2.0,11.0,1.0,1.0,8.0,36.0,701
13,44.0,34:34,0.33299999999999996,0.0,4.0,5.0,0.0,1.0,9.0,9.0,711
13,45.0,30:06,0.231,0.667,5.0,8.0,0.0,0.0,13.0,11.0,727
13,46.0,34:48,0.364,0.2,5.0,5.0,2.0,0.0,10.0,8.0,738
13,47.0,31:39,0.3,0.4,3.0,7.0,5.0,0.0,9.0,11.0,757
13,48.0,30:06,0.556,0.6,3.0,3.0,0.0,0.0,13.0,-1.0,772
13,49.0,27:40,0.429,0.33299999999999996,2.0,2.0,1.0,0.0,10.0,-15.0,799
13,50.0,37:30,0.615,0.0,6.0,5.0,5.0,0.0,18.0,10.0,804
13,51.0,36:39,0.364,0.0,5.0,5.0,3.0,0.0,10.0,-8.0,821
13,52.0,35:22,0.545,0.429,3.0,3.0,2.0,1.0,19.0,11.0,832
13,53.0,34:18,0.636,0.429,5.0,5.0,8.0,1.0,21.0,22.0,842
13,54.0,32:35,0.2,0.0,4.0,3.0,1.0,0.0,5.0,0.0,855
13,55.0,32:26,0.4,0.14300000000000002,5.0,4.0,0.0,0.0,19.0,-13.0,1234
13,56.0,31:00,0.5,0.0,5.0,2.0,1.0,0.0,14.0,-7.0,1255
13,57.0,28:27,0.385,0.28600000000000003,4.0,1.0,1.0,1.0,16.0,-26.0,1261
13,58.0,32:46,0.444,0.5,2.0,8.0,0.0,1.0,9.0,4.0,862
13,59.0,27:34,0.14300000000000002,0.0,5.0,4.0,4.0,0.0,7.0,2.0,879
13,60.0,27:39,0.2,0.0,3.0,3.0,1.0,0.0,11.0,-4.0,890
13,61.0,32:09,0.5,0.2,3.0,3.0,1.0,0.0,21.0,-12.0,905
13,62.0,24:37,0.125,0.0,3.0,3.0,1.0,0.0,5.0,9.0,919
13,63.0,25:10,0.267,0.5,7.0,2.0,1.0,0.0,13.0,-17.0,930
13,64.0,26:47,0.4,0.28600000000000003,6.0,3.0,2.0,0.0,12.0,5.0,945
13,65.0,26:05,0.5,0.0,2.0,6.0,0.0,0.0,10.0,3.0,966
13,66.0,29:14,0.214,0.2,3.0,5.0,3.0,0.0,12.0,-8.0,982
13,67.0,35:15,0.25,0.0,6.0,8.0,2.0,0.0,8.0,2.0,997
13,68.0,20:29,0.33299999999999996,0.0,2.0,2.0,0.0,1.0,10.0,-10.0,1007
13,69.0,22:36,0.429,0.5,2.0,1.0,1.0,0.0,9.0,-4.0,1020
13,70.0,31:12,0.077,0.111,3.0,6.0,2.0,0.0,9.0,-18.0,1036
13,71.0,30:09,0.2,0.33299999999999996,3.0,9.0,1.0,0.0,7.0,-3.0,1053
13,72.0,29:55,0.267,0.14300000000000002,11.0,5.0,1.0,1.0,11.0,0.0,1073
13,73.0,30:43,0.16699999999999998,0.25,2.0,6.0,0.0,2.0,7.0,5.0,1089
13,74.0,27:26,0.545,0.2,2.0,5.0,1.0,0.0,14.0,23.0,1102
13,75.0,25:16,0.125,0.25,2.0,4.0,0.0,0.0,4.0,-20.0,1130
13,76.0,32:35,0.545,0.556,4.0,7.0,6.0,2.0,18.0,0.0,1138
13,77.0,33:43,0.25,0.2,4.0,6.0,0.0,2.0,9.0,12.0,1150
13,78.0,30:49,0.33299999999999996,0.33299999999999996,2.0,6.0,1.0,1.0,13.0,3.0,1165
13,79.0,27:37,0.33299999999999996,0.5,5.0,8.0,2.0,1.0,5.0,21.0,1180
