Player_ID,G,MP,FG%,3P%,TRB,AST,STL,BLK,PTS,+/-,Game_ID
232,1.0,15:37,0.5,0.667,2.0,0.0,0.0,0.0,15.0,20.0,13
232,2.0,17:00,0.125,0.16699999999999998,4.0,0.0,1.0,1.0,4.0,4.0,31
232,3.0,13:06,0.33299999999999996,0.0,5.0,0.0,1.0,0.0,8.0,4.0,41
232,4.0,16:19,0.667,0.5,4.0,2.0,0.0,0.0,14.0,6.0,60
232,5.0,12:11,0.5,0.5,2.0,1.0,0.0,0.0,9.0,-4.0,70
232,6.0,18:01,0.5,0.33299999999999996,8.0,1.0,0.0,0.0,15.0,2.0,82
232,7.0,18:34,0.16699999999999998,0.0,4.0,1.0,0.0,0.0,7.0,6.0,94
232,8.0,14:51,0.444,0.5,8.0,1.0,1.0,2.0,12.0,4.0,111
232,9.0,13:59,0.28600000000000003,0.0,2.0,1.0,0.0,0.0,4.0,-9.0,122
232,10.0,13:54,0.429,0.33299999999999996,3.0,0.0,0.0,0.0,8.0,-9.0,131
232,11.0,18:18,0.375,0.5,6.0,1.0,2.0,3.0,9.0,-2.0,148
232,12.0,13:32,0.4,0.0,2.0,0.0,0.0,0.0,5.0,-6.0,163
232,13.0,10:51,0.4,0.0,3.0,0.0,0.0,1.0,4.0,0.0,179
232,14.0,18:48,0.7140000000000001,0.75,4.0,1.0,0.0,1.0,16.0,3.0,188
232,15.0,13:45,0.4,0.0,6.0,1.0,0.0,0.0,6.0,4.0,203
232,16.0,21:58,0.625,0.5,12.0,1.0,1.0,1.0,16.0,8.0,216
232,17.0,14:22,0.14300000000000002,0.0,2.0,0.0,0.0,1.0,3.0,-3.0,241
232,18.0,17:02,0.16699999999999998,0.0,7.0,0.0,1.0,0.0,2.0,-8.0,260
232,19.0,14:53,0.25,0.0,5.0,0.0,1.0,0.0,6.0,-5.0,272
232,20.0,16:26,0.5710000000000001,0.0,4.0,0.0,0.0,1.0,8.0,1.0,289
232,21.0,14:27,0.6,,5.0,1.0,1.0,0.0,7.0,-9.0,297
232,22.0,12:13,0.28600000000000003,0.4,3.0,0.0,0.0,0.0,6.0,-15.0,313
232,23.0,16:15,0.545,0.33299999999999996,9.0,0.0,0.0,0.0,15.0,-1.0,1201
232,24.0,24:41,0.583,0.5,12.0,4.0,0.0,0.0,17.0,12.0,355
232,25.0,14:39,0.429,0.33299999999999996,4.0,1.0,0.0,0.0,9.0,2.0,366
232,26.0,13:22,0.429,1.0,6.0,1.0,0.0,1.0,8.0,3.0,376
232,27.0,12:52,0.33299999999999996,0.0,6.0,0.0,0.0,0.0,8.0,7.0,397
232,28.0,12:24,0.5710000000000001,0.4,4.0,0.0,0.0,0.0,14.0,0.0,406
232,29.0,16:56,0.8,0.667,2.0,0.0,0.0,0.0,10.0,-13.0,426
232,30.0,28:56,0.5,0.2,6.0,5.0,1.0,1.0,14.0,9.0,441
232,31.0,14:15,0.5710000000000001,0.667,4.0,0.0,1.0,0.0,10.0,1.0,455
232,32.0,20:45,0.429,0.6,4.0,1.0,1.0,0.0,15.0,7.0,465
232,33.0,14:53,0.429,0.5,2.0,1.0,0.0,1.0,9.0,5.0,475
232,34.0,18:19,0.364,0.28600000000000003,4.0,1.0,0.0,2.0,11.0,-7.0,486
232,35.0,19:55,0.545,0.667,7.0,0.0,0.0,2.0,15.0,-2.0,501
232,36.0,24:41,0.556,0.667,5.0,0.0,0.0,0.0,18.0,-6.0,512
232,37.0,17:42,0.25,0.5,6.0,0.0,0.0,2.0,9.0,4.0,524
232,38.0,13:14,0.16699999999999998,0.25,6.0,2.0,0.0,0.0,5.0,3.0,538
232,39.0,11:27,0.182,0.2,11.0,1.0,0.0,0.0,7.0,2.0,556
232,40.0,14:26,0.75,0.6,1.0,1.0,0.0,1.0,19.0,12.0,566
232,41.0,15:32,0.7140000000000001,0.75,3.0,1.0,0.0,0.0,13.0,2.0,589
232,42.0,15:21,0.75,0.667,2.0,0.0,0.0,1.0,9.0,2.0,606
232,43.0,27:24,0.5329999999999999,0.429,10.0,3.0,1.0,0.0,23.0,10.0,626
232,44.0,18:24,0.222,0.2,4.0,2.0,1.0,2.0,6.0,4.0,645
232,45.0,27:56,0.7,0.5,3.0,2.0,1.0,0.0,18.0,-7.0,663
232,46.0,9:47,0.5,1.0,1.0,0.0,0.0,0.0,3.0,10.0,672
232,47.0,13:07,0.5,0.6,1.0,0.0,0.0,0.0,9.0,-4.0,680
232,48.0,19:21,0.33299999999999996,0.33299999999999996,3.0,2.0,0.0,1.0,5.0,-16.0,712
232,49.0,21:18,0.28600000000000003,0.5,7.0,0.0,0.0,1.0,9.0,-7.0,745
232,50.0,16:38,0.28600000000000003,0.33299999999999996,6.0,3.0,0.0,0.0,8.0,-3.0,751
232,51.0,17:06,0.4,0.5,5.0,0.0,0.0,0.0,11.0,15.0,772
232,52.0,19:33,0.5,0.429,2.0,2.0,2.0,0.0,15.0,-12.0,777
232,53.0,9:58,0.4,0.25,3.0,0.0,1.0,0.0,5.0,-2.0,797
232,54.0,14:54,0.429,0.5,4.0,2.0,1.0,1.0,8.0,14.0,814
232,55.0,15:09,0.28600000000000003,0.25,7.0,0.0,0.0,1.0,7.0,-9.0,834
232,56.0,12:27,0.5,0.0,0.0,1.0,0.0,0.0,8.0,2.0,852
232,57.0,13:47,0.429,0.33299999999999996,5.0,0.0,0.0,0.0,8.0,0.0,1230
232,58.0,15:02,0.16699999999999998,0.33299999999999996,4.0,2.0,0.0,1.0,3.0,-7.0,1241
232,59.0,8:08,0.33299999999999996,0.33299999999999996,0.0,0.0,0.0,0.0,5.0,-14.0,1257
232,60.0,7:52,0.0,0.0,1.0,0.0,0.0,0.0,0.0,-15.0,865
232,61.0,9:39,0.25,0.0,1.0,0.0,0.0,0.0,2.0,-16.0,874
232,62.0,17:08,0.25,0.0,6.0,0.0,1.0,2.0,4.0,2.0,883
232,63.0,14:42,0.5,0.25,8.0,0.0,0.0,0.0,8.0,6.0,905
232,64.0,15:14,0.5,0.5,7.0,0.0,0.0,0.0,12.0,-6.0,915
232,65.0,18:58,0.5,0.4,3.0,0.0,0.0,1.0,8.0,4.0,921
232,66.0,11:58,0.833,0.5,2.0,1.0,0.0,0.0,11.0,2.0,934
232,67.0,10:44,0.33299999999999996,0.5,0.0,0.0,0.0,0.0,3.0,-4.0,956
232,68.0,11:22,0.4,0.0,6.0,0.0,0.0,1.0,5.0,-10.0,973
232,69.0,15:03,0.5,0.5,6.0,1.0,0.0,0.0,8.0,-2.0,978
232,70.0,14:38,0.75,1.0,8.0,2.0,0.0,1.0,7.0,5.0,991
232,71.0,16:05,0.33299999999999996,0.0,4.0,0.0,1.0,0.0,4.0,2.0,1010
232,72.0,18:37,0.5,0.5,7.0,1.0,0.0,0.0,10.0,6.0,1018
232,73.0,12:52,0.6,0.5,1.0,1.0,0.0,0.0,9.0,-7.0,1029
232,74.0,22:19,0.5710000000000001,0.33299999999999996,10.0,2.0,0.0,3.0,11.0,4.0,1042
232,75.0,12:52,0.5,0.33299999999999996,4.0,0.0,1.0,0.0,7.0,-7.0,1049
232,76.0,9:42,0.4,0.33299999999999996,2.0,0.0,0.0,2.0,5.0,-7.0,1079
232,77.0,13:00,1.0,1.0,4.0,1.0,0.0,1.0,5.0,-6.0,1084
232,78.0,8:51,0.0,0.0,2.0,0.0,0.0,0.0,0.0,-12.0,1097
232,79.0,14:41,0.33299999999999996,0.25,9.0,0.0,0.0,0.0,7.0,-8.0,1133
232,80.0,14:24,0.4,0.25,2.0,2.0,1.0,1.0,5.0,6.0,1154
232,81.0,17:04,0.2,0.33299999999999996,6.0,3.0,0.0,0.0,3.0,4.0,1171
232,82.0,17:24,0.375,0.2,4.0,1.0,0.0,0.0,7.0,7.0,1189
