Player_ID,G,MP,FG%,3P%,TRB,AST,STL,BLK,PTS,+/-,Game_ID
199,1.0,28:54,0.41700000000000004,0.75,10.0,2.0,0.0,1.0,13.0,19.0,4
199,2.0,33:32,0.5,0.5,11.0,1.0,2.0,1.0,7.0,2.0,18
199,3.0,30:10,0.3,0.222,3.0,1.0,0.0,1.0,9.0,-11.0,23
199,4.0,30:13,0.33299999999999996,0.28600000000000003,8.0,1.0,2.0,0.0,11.0,12.0,52
199,5.0,29:42,0.154,0.25,4.0,4.0,0.0,0.0,6.0,-6.0,68
199,6.0,18:38,0.4,0.4,4.0,0.0,0.0,0.0,12.0,20.0,91
199,7.0,30:02,0.636,0.7140000000000001,8.0,1.0,0.0,0.0,19.0,-2.0,104
199,8.0,35:28,0.2,0.3,13.0,1.0,0.0,1.0,10.0,-16.0,119
199,9.0,25:34,0.429,0.33299999999999996,6.0,2.0,0.0,0.0,16.0,6.0,136
199,10.0,22:52,0.111,0.0,1.0,1.0,0.0,1.0,6.0,-2.0,151
199,11.0,27:57,0.33299999999999996,0.4,11.0,3.0,0.0,0.0,8.0,13.0,170
199,12.0,30:18,0.214,0.16699999999999998,2.0,0.0,0.0,0.0,13.0,-15.0,181
199,13.0,24:39,0.0,0.0,3.0,1.0,0.0,0.0,0.0,-12.0,197
199,14.0,28:37,0.667,0.667,5.0,1.0,1.0,1.0,10.0,-7.0,209
199,15.0,16:43,0.6,0.5,2.0,0.0,0.0,1.0,8.0,2.0,239
199,no play,,,,,,,,,,252
199,no play,,,,,,,,,,268
199,no play,,,,,,,,,,271
199,no play,,,,,,,,,,286
199,no play,,,,,,,,,,302
199,no play,,,,,,,,,,322
199,16.0,25:57,0.5,0.4,5.0,0.0,1.0,0.0,12.0,2.0,1192
199,17.0,20:34,0.2,0.25,6.0,0.0,1.0,0.0,5.0,11.0,337
199,18.0,30:11,0.385,0.2,5.0,1.0,0.0,0.0,11.0,4.0,349
199,19.0,28:14,0.5710000000000001,0.5,2.0,2.0,2.0,0.0,13.0,-6.0,361
199,20.0,26:05,0.33299999999999996,0.0,3.0,1.0,0.0,0.0,4.0,1.0,375
199,21.0,30:43,0.5,0.5,6.0,3.0,0.0,0.0,12.0,6.0,391
199,22.0,30:00,0.7,0.667,6.0,2.0,1.0,0.0,19.0,-1.0,401
199,23.0,29:32,0.6,0.33299999999999996,5.0,2.0,0.0,0.0,15.0,17.0,419
199,24.0,23:48,0.429,0.33299999999999996,2.0,1.0,2.0,1.0,9.0,11.0,442
199,25.0,28:29,0.375,0.33299999999999996,4.0,1.0,3.0,0.0,9.0,5.0,468
199,26.0,21:39,0.429,0.5,6.0,1.0,1.0,1.0,8.0,14.0,482
199,27.0,25:16,0.5,0.25,1.0,2.0,1.0,0.0,13.0,0.0,491
199,28.0,27:44,0.33299999999999996,0.4,4.0,1.0,1.0,2.0,10.0,-3.0,509
199,29.0,27:54,0.33299999999999996,0.33299999999999996,2.0,1.0,0.0,0.0,9.0,-13.0,522
199,30.0,26:46,0.33299999999999996,0.33299999999999996,8.0,1.0,0.0,3.0,8.0,0.0,534
199,31.0,29:04,0.545,0.667,7.0,2.0,0.0,1.0,19.0,16.0,543
199,32.0,27:11,0.3,0.16699999999999998,5.0,2.0,0.0,1.0,11.0,-3.0,563
199,33.0,25:22,0.6,0.6,8.0,0.0,1.0,0.0,16.0,1.0,579
199,34.0,28:00,0.33299999999999996,0.5,3.0,0.0,1.0,0.0,8.0,-2.0,597
199,35.0,28:44,0.5710000000000001,0.5,5.0,0.0,0.0,0.0,21.0,0.0,623
199,36.0,23:45,0.33299999999999996,0.5,9.0,2.0,2.0,0.0,8.0,6.0,634
199,37.0,21:14,0.5,0.5,8.0,2.0,1.0,0.0,10.0,7.0,647
199,38.0,25:48,0.33299999999999996,0.33299999999999996,6.0,1.0,0.0,1.0,8.0,-4.0,657
199,39.0,28:57,0.41700000000000004,0.16699999999999998,8.0,4.0,2.0,1.0,13.0,0.0,670
199,40.0,29:53,0.5,0.33299999999999996,6.0,2.0,2.0,1.0,14.0,-1.0,692
199,41.0,31:14,0.429,0.556,3.0,0.0,1.0,0.0,17.0,-4.0,703
199,42.0,31:13,0.41700000000000004,0.25,2.0,1.0,0.0,0.0,14.0,-2.0,709
199,43.0,33:23,0.33299999999999996,0.14300000000000002,6.0,0.0,0.0,3.0,10.0,-9.0,734
199,44.0,30:49,0.462,0.33299999999999996,6.0,1.0,0.0,0.0,14.0,-26.0,747
199,45.0,38:02,0.5,0.5,12.0,1.0,3.0,1.0,16.0,0.0,766
199,46.0,32:56,0.545,0.0,9.0,0.0,0.0,2.0,14.0,-1.0,785
199,47.0,34:51,0.375,0.25,7.0,0.0,2.0,0.0,12.0,-10.0,800
199,48.0,33:28,0.667,0.33299999999999996,5.0,1.0,0.0,0.0,9.0,9.0,814
199,49.0,33:08,0.14300000000000002,0.0,0.0,2.0,1.0,0.0,4.0,-13.0,826
199,50.0,38:36,0.222,0.14300000000000002,9.0,1.0,2.0,2.0,5.0,-13.0,843
199,51.0,39:56,0.5,0.0,7.0,2.0,0.0,2.0,13.0,-16.0,1227
199,52.0,35:59,0.5,0.375,6.0,0.0,2.0,1.0,16.0,10.0,1242
199,53.0,39:06,0.33299999999999996,0.33299999999999996,6.0,1.0,0.0,0.0,8.0,-3.0,1257
199,54.0,33:45,0.545,0.5710000000000001,7.0,2.0,0.0,2.0,16.0,12.0,1270
199,55.0,28:42,0.556,1.0,4.0,0.0,1.0,1.0,19.0,-16.0,868
199,56.0,38:21,0.7140000000000001,1.0,12.0,3.0,0.0,2.0,14.0,19.0,884
199,57.0,39:51,0.14300000000000002,0.0,5.0,0.0,1.0,1.0,6.0,-4.0,901
199,58.0,36:38,0.625,0.33299999999999996,12.0,3.0,0.0,3.0,14.0,1.0,911
199,59.0,32:42,0.667,0.0,18.0,7.0,1.0,0.0,12.0,35.0,925
199,60.0,39:32,0.6,0.25,10.0,3.0,1.0,0.0,27.0,13.0,936
199,61.0,38:09,0.41700000000000004,0.2,18.0,5.0,0.0,1.0,13.0,-20.0,951
199,62.0,34:18,0.25,0.0,6.0,1.0,1.0,1.0,4.0,-12.0,965
199,63.0,33:16,0.7140000000000001,0.667,8.0,3.0,2.0,0.0,16.0,-1.0,990
199,64.0,35:31,0.5,0.0,8.0,3.0,1.0,0.0,13.0,19.0,1004
199,65.0,33:21,0.429,0.33299999999999996,10.0,2.0,0.0,0.0,7.0,3.0,1019
199,66.0,38:19,0.273,0.0,11.0,2.0,1.0,1.0,11.0,-7.0,1033
199,67.0,34:50,0.75,0.833,7.0,2.0,1.0,0.0,21.0,3.0,1047
199,68.0,32:27,0.2,0.0,7.0,1.0,1.0,0.0,6.0,-18.0,1063
199,69.0,34:31,0.545,0.667,12.0,1.0,1.0,0.0,18.0,1.0,1074
199,70.0,29:34,0.429,0.6,8.0,1.0,4.0,3.0,9.0,9.0,1087
199,71.0,31:15,0.16699999999999998,0.0,6.0,1.0,1.0,3.0,4.0,1.0,1103
199,72.0,29:13,0.0,0.0,3.0,2.0,0.0,1.0,2.0,-13.0,1116
199,73.0,36:02,0.6,0.5,12.0,0.0,0.0,1.0,15.0,-14.0,1126
199,74.0,28:02,0.16699999999999998,0.25,7.0,0.0,1.0,2.0,5.0,-13.0,1150
199,75.0,26:39,0.5,0.5,4.0,1.0,0.0,1.0,5.0,-18.0,1168
199,76.0,12:53,0.222,0.25,6.0,0.0,2.0,0.0,7.0,-5.0,1173
