Player_ID,G,MP,FG%,3P%,TRB,AST,STL,BLK,PTS,+/-,Game_ID
266,1.0,14:34,0.25,,1.0,1.0,0.0,0.0,2.0,-7.0,
266,2.0,30:30,0.778,,8.0,4.0,0.0,3.0,17.0,4.0,13
266,3.0,32:23,0.625,,2.0,5.0,1.0,0.0,13.0,-6.0,29
266,4.0,21:53,0.6,,5.0,6.0,2.0,0.0,6.0,-11.0,50
266,5.0,21:14,0.182,,12.0,4.0,0.0,2.0,4.0,0.0,59
266,6.0,34:05,0.778,,4.0,4.0,4.0,1.0,19.0,24.0,72
266,7.0,24:15,0.667,,6.0,3.0,2.0,0.0,7.0,11.0,84
266,8.0,31:22,0.833,,5.0,5.0,0.0,1.0,10.0,13.0,99
266,9.0,20:16,0.083,0.0,4.0,4.0,0.0,0.0,4.0,-26.0,111
266,10.0,34:32,0.6,,7.0,7.0,2.0,2.0,8.0,5.0,124
266,11.0,23:42,0.7140000000000001,,9.0,3.0,0.0,1.0,11.0,17.0,140
266,12.0,21:38,0.429,,6.0,4.0,1.0,1.0,9.0,-17.0,152
266,13.0,30:01,0.4,,8.0,7.0,0.0,1.0,4.0,-17.0,167
266,14.0,34:20,0.6,,12.0,7.0,0.0,0.0,13.0,-11.0,173
266,15.0,24:05,0.5,,8.0,4.0,1.0,2.0,7.0,18.0,190
266,16.0,28:24,0.8,,9.0,4.0,0.0,1.0,9.0,6.0,204
266,17.0,23:21,0.9,,4.0,3.0,0.0,1.0,19.0,-9.0,211
266,18.0,33:24,0.41700000000000004,,14.0,8.0,1.0,0.0,12.0,16.0,248
266,19.0,32:30,0.7140000000000001,,8.0,7.0,0.0,1.0,11.0,-8.0,262
266,20.0,27:17,0.5710000000000001,0.0,9.0,6.0,0.0,1.0,16.0,11.0,285
266,21.0,33:02,0.625,,9.0,1.0,1.0,1.0,11.0,9.0,308
266,22.0,23:07,0.444,,5.0,2.0,2.0,2.0,10.0,-10.0,318
266,23.0,33:08,0.4,,10.0,4.0,2.0,3.0,10.0,6.0,1196
266,24.0,30:36,0.111,,6.0,4.0,2.0,1.0,4.0,-15.0,333
266,25.0,25:45,0.75,,8.0,2.0,0.0,0.0,8.0,1.0,348
266,26.0,33:56,0.5329999999999999,,7.0,6.0,1.0,5.0,18.0,10.0,366
266,27.0,28:48,0.778,,7.0,2.0,1.0,2.0,18.0,12.0,373
266,28.0,27:41,0.8,,7.0,4.0,2.0,0.0,19.0,-16.0,386
266,29.0,17:47,0.16699999999999998,,2.0,5.0,1.0,0.0,4.0,-18.0,405
266,30.0,36:28,0.769,0.0,13.0,5.0,1.0,2.0,27.0,-1.0,428
266,31.0,28:54,1.0,,7.0,4.0,1.0,1.0,10.0,-13.0,436
266,32.0,14:54,0.667,,5.0,1.0,1.0,0.0,9.0,-4.0,454
266,33.0,29:45,0.5,,15.0,4.0,0.0,0.0,13.0,2.0,474
266,34.0,23:27,0.667,,14.0,2.0,0.0,0.0,12.0,8.0,489
266,35.0,26:37,0.25,,5.0,6.0,0.0,1.0,8.0,-12.0,504
266,36.0,29:00,0.667,,8.0,3.0,1.0,0.0,18.0,11.0,516
266,37.0,32:35,0.5,0.0,10.0,4.0,3.0,1.0,16.0,4.0,539
266,38.0,31:25,0.857,,7.0,5.0,1.0,1.0,15.0,16.0,548
266,39.0,39:45,0.33299999999999996,0.0,10.0,12.0,1.0,3.0,8.0,1.0,571
266,40.0,24:18,0.7140000000000001,,7.0,1.0,1.0,2.0,11.0,8.0,582
266,41.0,23:45,0.33299999999999996,,5.0,4.0,1.0,2.0,4.0,0.0,590
266,42.0,28:10,0.28600000000000003,,7.0,5.0,2.0,3.0,7.0,-15.0,603
266,43.0,20:50,0.28600000000000003,,5.0,3.0,1.0,2.0,7.0,-8.0,619
266,44.0,30:01,0.5,,10.0,1.0,0.0,3.0,8.0,-15.0,634
266,45.0,32:51,0.28600000000000003,,11.0,2.0,1.0,3.0,14.0,-5.0,646
266,46.0,27:30,0.5,,11.0,8.0,1.0,0.0,10.0,13.0,655
266,47.0,34:11,0.5329999999999999,,13.0,3.0,2.0,1.0,19.0,24.0,694
266,48.0,33:56,0.455,,10.0,3.0,1.0,0.0,13.0,8.0,708
266,49.0,29:56,0.5,,11.0,1.0,1.0,2.0,15.0,0.0,723
266,50.0,23:12,0.667,,11.0,2.0,2.0,0.0,7.0,6.0,734
266,51.0,31:13,0.5710000000000001,,9.0,0.0,1.0,1.0,9.0,-2.0,760
266,52.0,28:42,0.4,,4.0,3.0,0.0,1.0,13.0,-14.0,773
266,53.0,26:33,0.75,,15.0,2.0,1.0,0.0,12.0,23.0,787
266,54.0,30:10,0.6,,7.0,4.0,0.0,2.0,9.0,-8.0,804
266,no play,,,,,,,,,,833
266,55.0,33:50,0.5,0.0,9.0,3.0,0.0,1.0,11.0,-19.0,848
266,56.0,22:27,1.0,,3.0,1.0,2.0,0.0,10.0,-21.0,1231
266,57.0,22:35,0.625,,12.0,8.0,0.0,0.0,12.0,17.0,1240
266,58.0,17:23,0.33299999999999996,,3.0,1.0,1.0,0.0,2.0,-12.0,1252
266,59.0,22:36,0.6,,6.0,5.0,0.0,0.0,6.0,15.0,1267
266,60.0,18:19,0.5,,4.0,0.0,2.0,0.0,6.0,-5.0,860
266,61.0,15:05,0.5,,6.0,1.0,0.0,1.0,5.0,-9.0,884
266,62.0,31:08,0.33299999999999996,,11.0,5.0,1.0,1.0,10.0,11.0,903
266,63.0,31:00,0.5379999999999999,,10.0,5.0,1.0,0.0,19.0,-14.0,918
266,64.0,19:36,1.0,,5.0,4.0,0.0,1.0,8.0,10.0,930
266,65.0,20:52,1.0,,7.0,8.0,1.0,3.0,8.0,10.0,944
266,66.0,36:19,0.667,,10.0,2.0,1.0,2.0,15.0,12.0,958
266,67.0,30:21,0.556,,9.0,6.0,0.0,2.0,10.0,10.0,978
266,68.0,31:29,0.6,,9.0,3.0,2.0,2.0,9.0,-7.0,994
266,69.0,23:31,0.4,,7.0,1.0,1.0,1.0,4.0,1.0,1008
266,70.0,26:28,0.4,,7.0,4.0,1.0,0.0,12.0,1.0,1024
266,71.0,16:01,0.5,,2.0,1.0,2.0,0.0,9.0,-2.0,1035
266,72.0,19:12,0.8,,5.0,1.0,0.0,1.0,16.0,-13.0,1055
266,73.0,16:23,0.0,,1.0,3.0,0.0,1.0,0.0,-11.0,1069
266,74.0,12:21,0.5,,4.0,0.0,0.0,0.0,4.0,-12.0,1087
266,75.0,12:39,0.5,,2.0,1.0,0.0,2.0,6.0,-12.0,1110
266,76.0,26:48,0.5,,11.0,3.0,0.0,1.0,13.0,11.0,1119
266,77.0,14:08,0.5,,6.0,0.0,1.0,3.0,4.0,-14.0,1129
266,78.0,26:38,0.5,,7.0,3.0,0.0,3.0,8.0,14.0,1145
266,79.0,18:25,0.33299999999999996,,3.0,1.0,2.0,2.0,6.0,4.0,1159
266,80.0,33:31,0.5710000000000001,,9.0,0.0,1.0,1.0,16.0,11.0,1175
266,81.0,32:33,0.6,,5.0,0.0,0.0,1.0,16.0,8.0,1186
