Player_ID,G,MP,FG%,3P%,TRB,AST,STL,BLK,PTS,+/-,Game_ID
305,1.0,22:21,0.0,0.0,1.0,1.0,2.0,0.0,0.0,-13.0,
305,2.0,32:18,0.667,0.33299999999999996,8.0,2.0,0.0,0.0,23.0,9.0,13
305,3.0,32:12,0.33299999999999996,0.667,3.0,0.0,0.0,0.0,7.0,8.0,29
305,4.0,26:07,0.273,0.0,2.0,0.0,0.0,2.0,6.0,-6.0,50
305,5.0,34:37,0.5,0.5,5.0,2.0,1.0,1.0,13.0,-8.0,59
305,6.0,32:20,0.5,0.33299999999999996,1.0,3.0,1.0,0.0,9.0,20.0,72
305,7.0,34:22,0.5329999999999999,0.4,7.0,0.0,1.0,2.0,18.0,18.0,84
305,8.0,33:29,0.727,0.4,6.0,1.0,1.0,1.0,20.0,14.0,99
305,9.0,21:38,0.6,0.5,4.0,1.0,0.0,1.0,8.0,-28.0,111
305,10.0,35:54,0.33299999999999996,0.5,8.0,1.0,0.0,1.0,8.0,4.0,124
305,11.0,32:30,0.545,0.5,6.0,0.0,0.0,2.0,17.0,17.0,140
305,12.0,28:34,0.222,0.25,8.0,1.0,3.0,1.0,5.0,-26.0,152
305,13.0,31:20,0.667,0.75,6.0,0.0,0.0,0.0,19.0,-23.0,167
305,14.0,35:11,0.308,0.28600000000000003,6.0,1.0,0.0,0.0,10.0,-12.0,173
305,15.0,21:54,0.7140000000000001,0.0,4.0,0.0,0.0,0.0,10.0,9.0,190
305,16.0,34:19,0.462,0.33299999999999996,8.0,0.0,1.0,1.0,15.0,7.0,204
305,17.0,33:46,0.4,0.2,7.0,2.0,3.0,1.0,11.0,-18.0,211
305,18.0,29:12,0.615,0.33299999999999996,11.0,1.0,1.0,0.0,19.0,14.0,248
305,19.0,38:14,0.583,0.5,3.0,0.0,2.0,1.0,18.0,-9.0,262
305,20.0,29:09,0.643,0.5,2.0,0.0,2.0,0.0,23.0,14.0,285
305,21.0,32:53,0.5,0.33299999999999996,7.0,1.0,1.0,1.0,17.0,-7.0,308
305,22.0,31:21,0.364,0.25,9.0,2.0,1.0,1.0,11.0,0.0,318
305,23.0,31:41,0.385,0.2,4.0,4.0,4.0,0.0,11.0,3.0,1196
305,no play,,,,,,,,,,333
305,24.0,30:32,0.429,0.25,1.0,0.0,1.0,0.0,7.0,-4.0,348
305,25.0,32:24,0.429,0.0,6.0,0.0,1.0,0.0,6.0,5.0,366
305,26.0,24:55,0.5,0.33299999999999996,4.0,0.0,5.0,1.0,15.0,11.0,373
305,27.0,36:11,0.429,0.33299999999999996,3.0,1.0,1.0,1.0,9.0,-8.0,386
305,28.0,30:07,0.467,0.429,2.0,0.0,2.0,2.0,17.0,-29.0,405
305,29.0,24:13,0.556,0.0,10.0,0.0,1.0,1.0,11.0,-1.0,428
305,30.0,29:46,0.33299999999999996,0.0,8.0,1.0,1.0,1.0,8.0,-6.0,436
305,31.0,34:17,0.5,0.0,2.0,1.0,1.0,1.0,8.0,-16.0,454
305,32.0,33:04,0.556,0.0,5.0,1.0,2.0,2.0,10.0,-2.0,474
305,33.0,33:04,0.7140000000000001,0.667,4.0,1.0,1.0,0.0,12.0,10.0,489
305,34.0,27:59,0.625,0.667,1.0,0.0,3.0,1.0,12.0,1.0,504
305,35.0,32:37,0.429,0.0,5.0,1.0,2.0,2.0,8.0,10.0,516
305,36.0,30:05,0.444,0.667,7.0,1.0,1.0,1.0,10.0,-11.0,539
305,37.0,29:21,0.667,0.5,6.0,2.0,1.0,3.0,9.0,12.0,548
305,38.0,25:39,0.25,0.33299999999999996,2.0,1.0,0.0,1.0,5.0,-4.0,571
305,39.0,32:02,0.833,0.5,5.0,1.0,1.0,3.0,14.0,25.0,582
305,40.0,31:29,0.5,0.5,5.0,3.0,0.0,0.0,13.0,24.0,590
305,no play,,,,,,,,,,603
305,41.0,18:36,0.0,0.0,1.0,1.0,1.0,1.0,0.0,-31.0,619
305,42.0,27:07,0.4,0.25,1.0,3.0,1.0,1.0,9.0,-6.0,634
305,43.0,19:04,0.2,0.0,4.0,0.0,1.0,2.0,3.0,11.0,646
305,44.0,12:49,0.0,0.0,0.0,1.0,0.0,0.0,0.0,-5.0,655
305,no play,,,,,,,,,,694
305,no play,,,,,,,,,,708
305,45.0,20:57,0.556,0.0,2.0,2.0,2.0,0.0,10.0,-9.0,723
305,46.0,28:24,0.5,0.0,5.0,3.0,0.0,0.0,10.0,12.0,734
305,47.0,19:54,0.2,0.0,2.0,0.0,0.0,1.0,2.0,-6.0,760
305,48.0,22:27,0.5,0.0,3.0,1.0,2.0,0.0,6.0,6.0,773
305,49.0,21:47,0.222,0.5,7.0,0.0,0.0,1.0,8.0,2.0,787
305,50.0,23:21,0.4,0.0,4.0,1.0,3.0,2.0,4.0,-6.0,804
305,51.0,31:47,0.467,0.75,9.0,2.0,1.0,2.0,17.0,-14.0,836
305,52.0,25:08,0.6,1.0,4.0,2.0,2.0,0.0,8.0,-18.0,849
305,53.0,38:10,0.5,1.0,6.0,1.0,1.0,3.0,12.0,21.0,
305,54.0,35:56,0.778,0.667,5.0,0.0,2.0,1.0,18.0,-6.0,1254
305,55.0,37:02,0.5,0.0,10.0,2.0,0.0,1.0,8.0,3.0,1266
305,56.0,34:22,0.28600000000000003,0.33299999999999996,9.0,0.0,1.0,0.0,10.0,10.0,869
305,57.0,30:26,0.857,1.0,2.0,3.0,2.0,4.0,18.0,10.0,887
305,58.0,28:57,0.6,0.0,4.0,2.0,2.0,2.0,6.0,-10.0,906
305,59.0,39:17,0.556,,9.0,2.0,1.0,1.0,10.0,5.0,923
305,60.0,33:23,0.583,0.33299999999999996,5.0,2.0,0.0,0.0,15.0,-17.0,943
305,61.0,21:37,0.5,,1.0,2.0,0.0,0.0,2.0,-10.0,948
305,62.0,19:38,0.33299999999999996,0.0,0.0,1.0,1.0,0.0,4.0,-17.0,962
305,63.0,19:12,0.33299999999999996,1.0,1.0,3.0,1.0,0.0,3.0,-6.0,971
305,64.0,29:36,0.7140000000000001,1.0,4.0,4.0,2.0,1.0,12.0,22.0,989
305,65.0,29:28,0.25,0.0,5.0,1.0,0.0,2.0,2.0,17.0,1001
305,66.0,30:12,0.33299999999999996,0.0,5.0,0.0,0.0,2.0,6.0,11.0,1017
305,67.0,17:51,0.667,,2.0,2.0,0.0,0.0,6.0,12.0,1031
305,68.0,26:32,0.667,0.0,1.0,2.0,0.0,0.0,4.0,20.0,1046
305,69.0,25:02,0.5,0.0,2.0,3.0,2.0,0.0,8.0,13.0,1056
305,70.0,14:27,0.4,0.0,0.0,0.0,0.0,1.0,4.0,-1.0,1069
305,71.0,31:36,0.615,0.5,6.0,0.0,2.0,3.0,17.0,7.0,1085
305,72.0,26:09,0.625,0.0,4.0,2.0,0.0,1.0,13.0,21.0,1101
305,73.0,36:10,0.7,0.6,7.0,1.0,1.0,1.0,17.0,0.0,1114
305,74.0,25:56,0.25,0.0,3.0,0.0,1.0,1.0,2.0,-15.0,1123
305,75.0,28:45,0.4,,1.0,0.0,1.0,0.0,4.0,8.0,1139
305,76.0,36:48,0.857,,3.0,0.0,3.0,0.0,12.0,7.0,1155
305,no play,,,,,,,,,,1170
305,77.0,22:17,0.833,,2.0,2.0,1.0,0.0,11.0,5.0,1191
