Player_ID,G,MP,FG%,3P%,TRB,AST,STL,BLK,PTS,+/-,Game_ID
307,1.0,9:15,0.0,0.0,1.0,1.0,0.0,0.0,0.0,-7.0,
307,no play,,,,,,,,,,13
307,2.0,11:11,0.2,0.25,1.0,0.0,0.0,1.0,3.0,6.0,29
307,3.0,9:30,,,2.0,3.0,0.0,0.0,0.0,6.0,50
307,4.0,27:28,0.5,0.4,5.0,3.0,0.0,0.0,12.0,2.0,59
307,5.0,4:09,0.0,,0.0,0.0,0.0,0.0,0.0,-8.0,72
307,6.0,10:31,0.25,0.5,1.0,1.0,0.0,1.0,3.0,-6.0,84
307,no play,,,,,,,,,,99
307,7.0,21:49,0.375,0.0,10.0,1.0,0.0,1.0,6.0,-6.0,111
307,8.0,28:33,0.444,0.25,4.0,1.0,1.0,0.0,11.0,2.0,124
307,9.0,24:43,0.444,0.16699999999999998,4.0,2.0,0.0,0.0,11.0,12.0,140
307,10.0,15:12,0.0,0.0,2.0,0.0,0.0,1.0,0.0,-21.0,152
307,11.0,5:39,1.0,1.0,1.0,0.0,0.0,0.0,6.0,6.0,167
307,12.0,7:47,0.33299999999999996,0.5,1.0,0.0,0.0,0.0,5.0,-6.0,173
307,13.0,26:32,0.5,0.667,11.0,1.0,0.0,0.0,14.0,18.0,190
307,14.0,19:18,0.222,0.14300000000000002,1.0,1.0,1.0,0.0,7.0,-9.0,204
307,15.0,8:06,0.5,1.0,3.0,0.0,0.0,1.0,5.0,-6.0,211
307,16.0,22:08,0.545,0.5,9.0,2.0,0.0,1.0,15.0,9.0,248
307,17.0,9:45,0.33299999999999996,0.0,1.0,1.0,0.0,0.0,2.0,-2.0,262
307,18.0,22:40,0.33299999999999996,0.28600000000000003,3.0,0.0,0.0,0.0,8.0,9.0,285
307,19.0,19:27,0.33299999999999996,0.5,6.0,1.0,0.0,0.0,5.0,6.0,308
307,20.0,12:28,0.33299999999999996,0.0,2.0,2.0,0.0,0.0,2.0,1.0,318
307,21.0,14:40,0.5,0.6,3.0,1.0,0.0,1.0,9.0,-14.0,1196
307,22.0,16:38,0.0,0.0,6.0,0.0,0.0,0.0,0.0,1.0,333
307,23.0,22:10,0.28600000000000003,0.0,4.0,0.0,0.0,0.0,4.0,-8.0,348
307,24.0,2:35,,,0.0,0.0,0.0,0.0,0.0,-2.0,366
307,25.0,22:18,0.6,0.667,4.0,0.0,0.0,2.0,8.0,13.0,373
307,26.0,9:44,0.33299999999999996,0.33299999999999996,1.0,0.0,0.0,0.0,3.0,-1.0,386
307,27.0,17:13,0.33299999999999996,0.33299999999999996,1.0,0.0,1.0,1.0,7.0,-10.0,405
307,28.0,19:13,0.0,0.0,2.0,2.0,0.0,0.0,0.0,-3.0,428
307,no play,,,,,,,,,,436
307,29.0,27:41,0.545,0.5710000000000001,5.0,0.0,0.0,1.0,16.0,-12.0,454
307,30.0,8:29,0.0,0.0,1.0,0.0,0.0,0.0,0.0,-7.0,474
307,31.0,24:33,0.385,0.5,5.0,1.0,0.0,1.0,16.0,5.0,489
307,32.0,12:45,0.5,1.0,1.0,0.0,0.0,0.0,3.0,-3.0,504
307,33.0,10:26,0.0,0.0,2.0,0.0,0.0,0.0,0.0,-2.0,516
307,34.0,11:29,0.5,,1.0,0.0,1.0,1.0,7.0,-9.0,539
307,no play,,,,,,,,,,548
307,35.0,18:15,0.25,0.5,4.0,2.0,0.0,0.0,6.0,-2.0,571
307,36.0,2:33,,,1.0,0.0,0.0,0.0,0.0,3.0,582
307,no play,,,,,,,,,,590
307,37.0,20:25,0.125,0.25,6.0,2.0,0.0,2.0,5.0,12.0,603
307,38.0,21:37,0.5710000000000001,0.0,4.0,1.0,0.0,0.0,8.0,9.0,619
307,39.0,17:33,0.25,0.33299999999999996,4.0,1.0,0.0,1.0,5.0,-9.0,634
307,no play,,,,,,,,,,646
307,40.0,24:31,0.857,1.0,4.0,0.0,1.0,0.0,17.0,-12.0,655
307,41.0,13:46,0.0,0.0,5.0,1.0,0.0,1.0,0.0,-17.0,694
307,42.0,14:04,0.2,0.25,1.0,1.0,0.0,0.0,3.0,-5.0,708
307,43.0,6:55,0.5,,2.0,0.0,0.0,0.0,2.0,-3.0,723
307,44.0,24:48,0.364,0.33299999999999996,3.0,4.0,0.0,1.0,12.0,11.0,734
307,no play,,,,,,,,,,760
307,45.0,18:41,1.0,1.0,7.0,2.0,0.0,0.0,3.0,6.0,773
307,no play,,,,,,,,,,787
307,46.0,17:51,0.667,0.5,2.0,1.0,0.0,0.0,5.0,-1.0,804
307,47.0,23:44,0.14300000000000002,0.0,6.0,3.0,0.0,0.0,2.0,-5.0,836
307,48.0,23:27,0.5,0.5,1.0,0.0,1.0,2.0,10.0,-30.0,849
307,49.0,11:08,0.5,0.0,5.0,0.0,0.0,0.0,4.0,-10.0,
307,50.0,21:13,0.2,0.0,5.0,2.0,1.0,1.0,5.0,-5.0,1254
307,51.0,17:39,0.5,0.33299999999999996,4.0,3.0,0.0,1.0,7.0,-9.0,1266
307,52.0,10:18,0.667,0.5,1.0,2.0,0.0,1.0,6.0,-5.0,869
307,53.0,18:22,1.0,1.0,3.0,1.0,0.0,0.0,9.0,9.0,887
307,54.0,19:40,0.625,0.5,1.0,1.0,0.0,0.0,12.0,24.0,906
307,55.0,15:12,0.33299999999999996,0.5,4.0,2.0,0.0,1.0,3.0,-3.0,923
307,56.0,24:49,0.75,,6.0,3.0,2.0,0.0,6.0,21.0,943
307,57.0,13:59,0.6,0.0,2.0,0.0,0.0,1.0,6.0,-5.0,948
307,58.0,25:10,0.375,0.6,7.0,3.0,0.0,0.0,9.0,-2.0,962
307,59.0,6:30,0.0,0.0,1.0,0.0,0.0,0.0,0.0,1.0,971
307,60.0,2:49,0.5,0.0,1.0,0.0,0.0,0.0,2.0,5.0,989
307,61.0,6:20,0.0,0.0,0.0,0.0,0.0,0.0,0.0,3.0,1001
307,62.0,7:09,0.0,,2.0,1.0,0.0,0.0,0.0,-8.0,1017
307,63.0,7:44,1.0,1.0,1.0,1.0,0.0,0.0,3.0,6.0,1031
307,64.0,21:02,0.25,0.25,0.0,2.0,0.0,0.0,3.0,-8.0,1046
307,65.0,19:43,0.429,0.667,4.0,2.0,0.0,0.0,8.0,13.0,1056
307,66.0,5:46,0.25,0.0,2.0,0.0,0.0,0.0,2.0,-3.0,1069
307,67.0,10:18,0.33299999999999996,0.5,2.0,1.0,0.0,2.0,3.0,-3.0,1085
307,68.0,21:50,0.2,0.25,4.0,0.0,1.0,0.0,7.0,5.0,1101
307,69.0,11:44,0.0,0.0,2.0,2.0,0.0,0.0,0.0,-10.0,1114
307,70.0,23:43,0.667,0.33299999999999996,3.0,1.0,1.0,0.0,9.0,-3.0,1123
307,71.0,16:19,0.25,0.0,3.0,0.0,1.0,0.0,2.0,8.0,1139
307,72.0,30:16,0.375,0.375,5.0,1.0,0.0,0.0,9.0,20.0,1155
307,73.0,33:42,0.7140000000000001,1.0,6.0,0.0,1.0,0.0,13.0,9.0,1170
307,74.0,35:32,0.273,0.25,9.0,1.0,0.0,1.0,7.0,2.0,1191
