Player_ID,G,MP,FG%,3P%,TRB,AST,STL,BLK,PTS,+/-,Game_ID
179,1.0,25:41,0.5,0.5,4.0,1.0,2.0,3.0,9.0,2.0,10
179,2.0,21:29,0.875,0.0,5.0,2.0,1.0,2.0,14.0,10.0,22
179,3.0,20:16,0.5,0.0,2.0,0.0,0.0,0.0,10.0,3.0,40
179,4.0,15:14,1.0,1.0,5.0,3.0,0.0,0.0,7.0,5.0,55
179,5.0,21:35,0.7140000000000001,0.0,7.0,0.0,1.0,0.0,10.0,19.0,66
179,6.0,20:36,0.667,1.0,3.0,1.0,1.0,1.0,5.0,3.0,80
179,7.0,22:00,0.625,0.0,3.0,2.0,0.0,1.0,10.0,-6.0,96
179,8.0,16:15,0.5,0.33299999999999996,6.0,1.0,0.0,0.0,11.0,-7.0,107
179,9.0,19:08,0.25,0.0,6.0,4.0,1.0,0.0,3.0,7.0,128
179,10.0,22:02,0.857,1.0,5.0,4.0,1.0,0.0,14.0,3.0,150
179,11.0,33:23,0.545,0.33299999999999996,5.0,3.0,0.0,1.0,16.0,10.0,159
179,12.0,25:01,0.5,0.4,5.0,2.0,0.0,1.0,11.0,4.0,170
179,13.0,18:38,0.2,0.0,2.0,0.0,0.0,0.0,4.0,0.0,189
179,14.0,15:17,0.25,0.0,6.0,1.0,0.0,0.0,5.0,-3.0,205
179,15.0,26:07,0.5710000000000001,1.0,4.0,1.0,0.0,0.0,13.0,1.0,212
179,16.0,17:18,0.16699999999999998,0.0,2.0,1.0,1.0,0.0,2.0,2.0,242
179,17.0,25:02,0.5710000000000001,0.667,5.0,0.0,0.0,2.0,10.0,-13.0,263
179,18.0,20:27,0.8,0.5,4.0,1.0,1.0,0.0,9.0,-9.0,270
179,19.0,29:14,0.0,,3.0,1.0,0.0,2.0,0.0,-3.0,284
179,20.0,23:30,0.7140000000000001,1.0,0.0,1.0,2.0,0.0,11.0,-20.0,298
179,21.0,24:20,0.429,0.33299999999999996,4.0,2.0,2.0,1.0,7.0,-24.0,303
179,22.0,21:44,1.0,1.0,5.0,2.0,0.0,1.0,11.0,-6.0,317
179,23.0,23:38,0.5,0.0,3.0,0.0,0.0,2.0,8.0,-10.0,1195
179,24.0,20:27,0.667,1.0,3.0,4.0,0.0,0.0,11.0,-5.0,340
179,25.0,23:56,0.375,0.0,5.0,2.0,0.0,1.0,6.0,-15.0,369
179,26.0,17:32,0.429,0.0,4.0,5.0,0.0,2.0,6.0,4.0,392
179,27.0,12:53,0.25,0.0,1.0,1.0,0.0,0.0,2.0,-19.0,401
179,28.0,11:20,0.0,,1.0,1.0,0.0,0.0,0.0,-13.0,415
179,29.0,30:15,0.667,1.0,4.0,0.0,1.0,0.0,16.0,1.0,430
179,30.0,21:27,0.7140000000000001,0.33299999999999996,3.0,2.0,0.0,1.0,13.0,6.0,451
179,31.0,18:18,0.25,0.25,2.0,4.0,0.0,0.0,3.0,-25.0,473
179,32.0,13:57,0.25,0.0,5.0,0.0,1.0,0.0,2.0,-6.0,483
179,33.0,18:24,0.4,0.33299999999999996,5.0,2.0,2.0,0.0,5.0,16.0,503
179,34.0,18:35,0.25,0.0,1.0,1.0,1.0,1.0,2.0,11.0,513
179,35.0,21:39,1.0,1.0,1.0,1.0,1.0,0.0,8.0,7.0,535
179,36.0,19:48,0.444,1.0,6.0,0.0,1.0,1.0,9.0,1.0,544
179,37.0,21:01,0.5710000000000001,0.33299999999999996,2.0,1.0,1.0,0.0,11.0,-7.0,562
179,38.0,22:30,0.5,0.5,4.0,0.0,1.0,2.0,9.0,6.0,578
179,39.0,18:18,0.0,0.0,6.0,0.0,0.0,0.0,0.0,4.0,602
179,40.0,0:42,0.0,,0.0,0.0,0.0,0.0,0.0,-1.0,613
179,no play,,,,,,,,,,618
179,no play,,,,,,,,,,638
179,no play,,,,,,,,,,652
179,no play,,,,,,,,,,658
179,no play,,,,,,,,,,672
179,no play,,,,,,,,,,688
179,41.0,13:48,0.6,1.0,2.0,2.0,0.0,2.0,8.0,0.0,706
179,42.0,21:42,0.33299999999999996,0.0,8.0,2.0,0.0,0.0,2.0,-1.0,716
179,43.0,14:27,0.6,0.667,1.0,0.0,1.0,0.0,8.0,-18.0,740
179,44.0,20:08,0.5710000000000001,0.0,8.0,0.0,0.0,2.0,9.0,-4.0,749
179,45.0,19:41,0.5,0.5,4.0,2.0,0.0,1.0,5.0,8.0,762
179,46.0,20:51,0.33299999999999996,0.0,1.0,3.0,1.0,1.0,2.0,-19.0,778
179,47.0,20:05,0.429,0.0,6.0,0.0,0.0,1.0,10.0,9.0,791
179,48.0,10:31,,,1.0,1.0,0.0,0.0,0.0,-9.0,812
179,49.0,13:03,0.667,,4.0,0.0,0.0,0.0,4.0,-11.0,836
179,50.0,10:42,0.75,,2.0,0.0,0.0,0.0,7.0,-8.0,852
179,51.0,19:01,0.2,0.0,9.0,2.0,1.0,2.0,6.0,-10.0,1239
179,52.0,2:35,,,0.0,2.0,0.0,0.0,0.0,1.0,1243
179,53.0,5:52,0.0,0.0,1.0,1.0,0.0,2.0,0.0,1.0,1261
179,no play,,,,,,,,,,858
179,no play,,,,,,,,,,873
179,no play,,,,,,,,,,888
179,no play,,,,,,,,,,898
179,no play,,,,,,,,,,910
179,no play,,,,,,,,,,929
179,54.0,15:55,0.0,,2.0,0.0,0.0,1.0,0.0,8.0,941
179,55.0,3:04,,,3.0,0.0,0.0,0.0,0.0,-3.0,954
179,56.0,9:14,0.0,0.0,1.0,2.0,0.0,0.0,1.0,-2.0,977
179,57.0,8:15,0.33299999999999996,,3.0,0.0,0.0,0.0,2.0,-2.0,989
179,58.0,5:37,0.667,0.5,1.0,1.0,0.0,0.0,5.0,8.0,1004
179,59.0,7:44,0.0,0.0,1.0,1.0,0.0,0.0,0.0,-4.0,1023
179,60.0,6:40,0.0,0.0,2.0,0.0,0.0,0.0,0.0,-12.0,1038
179,61.0,7:16,0.0,0.0,4.0,1.0,0.0,0.0,0.0,-20.0,1048
179,62.0,11:07,0.5,,1.0,1.0,1.0,0.0,2.0,6.0,1066
179,63.0,15:29,,,4.0,1.0,2.0,0.0,0.0,-3.0,1071
179,64.0,18:29,0.75,1.0,1.0,2.0,0.0,0.0,9.0,14.0,1098
179,65.0,11:44,0.75,1.0,3.0,0.0,0.0,0.0,7.0,-8.0,1109
179,66.0,18:37,0.16699999999999998,0.0,5.0,0.0,1.0,2.0,2.0,7.0,1138
179,67.0,22:58,0.75,1.0,6.0,5.0,1.0,0.0,13.0,26.0,1140
179,68.0,25:11,0.833,1.0,5.0,4.0,0.0,1.0,12.0,15.0,1158
179,69.0,17:53,1.0,,1.0,3.0,0.0,0.0,8.0,26.0,1173
179,70.0,20:14,0.429,0.5,3.0,2.0,0.0,1.0,10.0,-10.0,1187
