Player_ID,G,MP,FG%,3P%,TRB,AST,STL,BLK,PTS,+/-,Game_ID
354,no play,,,,,,,,,,9
354,1.0,3:44,1.0,,1.0,0.0,0.0,0.0,2.0,-10.0,19
354,no play,,,,,,,,,,36
354,no play,,,,,,,,,,42
354,2.0,26:56,0.727,,10.0,0.0,1.0,3.0,17.0,13.0,54
354,3.0,15:11,1.0,,3.0,2.0,0.0,1.0,4.0,-1.0,80
354,no play,,,,,,,,,,90
354,4.0,4:58,1.0,,1.0,1.0,0.0,0.0,3.0,-2.0,110
354,no play,,,,,,,,,,130
354,5.0,6:15,0.33299999999999996,,1.0,1.0,1.0,0.0,2.0,1.0,145
354,no play,,,,,,,,,,160
354,6.0,21:12,0.308,,9.0,3.0,0.0,0.0,9.0,2.0,167
354,no play,,,,,,,,,,180
354,no play,,,,,,,,,,199
354,7.0,11:54,1.0,,3.0,0.0,0.0,0.0,6.0,-6.0,215
354,8.0,2:58,1.0,,0.0,0.0,0.0,0.0,2.0,-3.0,250
354,no play,,,,,,,,,,262
354,9.0,6:49,0.33299999999999996,,1.0,0.0,0.0,0.0,2.0,0.0,276
354,10.0,24:47,0.6,,10.0,1.0,0.0,1.0,13.0,4.0,291
354,11.0,20:24,0.667,,3.0,0.0,0.0,2.0,8.0,10.0,300
354,12.0,18:39,0.6,,2.0,0.0,0.0,1.0,7.0,13.0,321
354,13.0,8:57,0.667,,1.0,0.0,1.0,0.0,8.0,-3.0,1197
354,14.0,12:35,0.75,,2.0,0.0,1.0,0.0,7.0,6.0,341
354,15.0,18:50,0.833,1.0,2.0,1.0,1.0,0.0,12.0,8.0,352
354,16.0,4:29,,,1.0,0.0,0.0,1.0,0.0,2.0,364
354,17.0,16:23,0.667,,4.0,1.0,1.0,2.0,9.0,21.0,380
354,18.0,16:06,0.75,0.0,8.0,1.0,0.0,0.0,6.0,6.0,395
354,19.0,13:52,0.5,,0.0,0.0,0.0,0.0,4.0,-11.0,403
354,20.0,22:01,0.5710000000000001,,5.0,2.0,1.0,0.0,9.0,-5.0,425
354,21.0,28:03,0.727,,3.0,3.0,0.0,3.0,17.0,11.0,435
354,22.0,27:50,0.636,,8.0,1.0,0.0,0.0,16.0,15.0,448
354,23.0,22:43,0.833,,3.0,1.0,0.0,2.0,14.0,20.0,472
354,24.0,25:47,0.429,,2.0,1.0,0.0,1.0,7.0,-7.0,479
354,25.0,30:13,0.7140000000000001,,2.0,3.0,1.0,1.0,29.0,38.0,501
354,26.0,32:49,0.857,,4.0,4.0,0.0,0.0,13.0,7.0,510
354,27.0,33:02,0.545,,9.0,1.0,0.0,2.0,14.0,5.0,523
354,28.0,29:10,0.5710000000000001,,8.0,3.0,0.0,0.0,8.0,-4.0,545
354,29.0,21:35,0.5,,4.0,1.0,1.0,1.0,9.0,-7.0,550
354,30.0,25:38,0.9229999999999999,,5.0,0.0,0.0,1.0,28.0,9.0,567
354,31.0,29:14,1.0,,3.0,2.0,2.0,3.0,14.0,-7.0,579
354,32.0,19:37,0.5,,5.0,2.0,1.0,0.0,9.0,-13.0,587
354,33.0,23:50,0.556,,5.0,2.0,2.0,0.0,10.0,4.0,600
354,34.0,33:49,0.667,,8.0,1.0,1.0,2.0,16.0,29.0,614
354,35.0,15:41,0.833,,1.0,0.0,0.0,0.0,13.0,-5.0,628
354,36.0,26:45,0.625,,8.0,4.0,0.0,5.0,12.0,19.0,637
354,37.0,27:07,0.5710000000000001,,3.0,1.0,1.0,1.0,8.0,-3.0,651
354,38.0,15:37,0.5,0.0,2.0,2.0,0.0,0.0,6.0,-4.0,661
354,39.0,3:49,0.0,,0.0,0.0,0.0,0.0,0.0,-14.0,675
354,40.0,24:34,0.833,,2.0,3.0,1.0,0.0,11.0,8.0,686
354,no play,,,,,,,,,,707
354,41.0,25:35,0.556,,7.0,1.0,0.0,1.0,10.0,-1.0,718
354,42.0,14:37,1.0,,3.0,3.0,0.0,0.0,7.0,-2.0,732
354,no play,,,,,,,,,,749
354,43.0,21:22,0.429,,5.0,1.0,0.0,0.0,8.0,5.0,755
354,no play,,,,,,,,,,786
354,44.0,22:00,0.7,,4.0,1.0,1.0,0.0,15.0,12.0,800
354,45.0,17:47,0.33299999999999996,,5.0,2.0,0.0,0.0,8.0,5.0,820
354,46.0,2:53,0.0,,1.0,0.0,0.0,0.0,0.0,2.0,847
354,47.0,13:36,0.833,,3.0,2.0,0.0,0.0,10.0,5.0,1228
354,48.0,6:50,0.667,,2.0,0.0,1.0,0.0,4.0,-2.0,1248
354,49.0,4:02,,,0.0,1.0,0.0,0.0,0.0,-8.0,1263
354,no play,,,,,,,,,,865
354,no play,,,,,,,,,,885
354,no play,,,,,,,,,,902
354,50.0,16:16,0.833,,2.0,1.0,0.0,1.0,12.0,-10.0,914
354,51.0,5:40,1.0,,3.0,0.0,0.0,0.0,2.0,-2.0,926
354,no play,,,,,,,,,,949
354,52.0,13:07,0.8,,0.0,0.0,0.0,1.0,10.0,7.0,970
354,53.0,18:49,1.0,,6.0,0.0,0.0,1.0,13.0,-10.0,984
354,no play,,,,,,,,,,994
354,no play,,,,,,,,,,1008
354,no play,,,,,,,,,,1039
354,no play,,,,,,,,,,1051
354,no play,,,,,,,,,,1068
354,no play,,,,,,,,,,1085
354,54.0,21:44,0.556,,4.0,1.0,0.0,2.0,11.0,-12.0,1096
354,55.0,12:14,0.2,0.0,3.0,1.0,1.0,0.0,3.0,5.0,1113
354,no play,,,,,,,,,,1129
354,56.0,26:34,0.833,,2.0,2.0,0.0,2.0,13.0,-16.0,1143
354,57.0,12:12,1.0,,4.0,0.0,0.0,0.0,2.0,-10.0,1161
354,58.0,34:24,0.583,0.0,13.0,0.0,0.0,1.0,15.0,-10.0,1171
354,no play,,,,,,,,,,1185
