Player_ID,G,MP,FG%,3P%,TRB,AST,STL,BLK,PTS,+/-,Game_ID
147,1.0,37:29,0.684,0.5,16.0,1.0,2.0,4.0,30.0,25.0,1
147,2.0,32:54,0.455,0.0,11.0,0.0,0.0,3.0,13.0,-4.0,15
147,3.0,21:42,0.667,,4.0,2.0,0.0,3.0,20.0,-12.0,26
147,4.0,25:17,0.28600000000000003,0.0,6.0,2.0,0.0,2.0,9.0,6.0,43
147,5.0,23:59,0.667,0.5,2.0,1.0,2.0,0.0,15.0,-5.0,62
147,6.0,27:57,0.385,0.0,5.0,1.0,2.0,4.0,16.0,8.0,79
147,7.0,20:48,0.625,0.0,5.0,0.0,0.0,2.0,12.0,-20.0,91
147,8.0,32:25,0.6,1.0,9.0,1.0,0.0,3.0,15.0,-2.0,106
147,9.0,20:54,0.33299999999999996,0.5,5.0,2.0,1.0,2.0,5.0,-3.0,117
147,10.0,29:37,0.75,0.0,8.0,1.0,4.0,3.0,17.0,0.0,126
147,11.0,23:54,0.364,,7.0,0.0,0.0,0.0,9.0,9.0,141
147,12.0,32:44,0.545,,9.0,0.0,1.0,4.0,12.0,12.0,156
147,13.0,31:16,0.6920000000000001,0.0,6.0,1.0,0.0,2.0,22.0,-8.0,171
147,14.0,38:23,0.25,0.0,10.0,0.0,1.0,2.0,15.0,19.0,191
147,no play,,,,,,,,,,198
147,15.0,35:21,0.4,1.0,9.0,1.0,3.0,2.0,7.0,0.0,212
147,16.0,23:23,0.545,0.0,8.0,1.0,1.0,4.0,16.0,19.0,245
147,17.0,24:30,0.5,0.33299999999999996,12.0,3.0,0.0,1.0,17.0,11.0,260
147,18.0,31:22,0.583,,10.0,1.0,0.0,1.0,19.0,-13.0,285
147,19.0,29:38,0.429,0.0,3.0,3.0,1.0,1.0,12.0,8.0,313
147,20.0,23:38,0.375,0.0,5.0,0.0,0.0,2.0,6.0,-28.0,324
147,21.0,28:21,0.636,0.75,4.0,0.0,1.0,2.0,20.0,7.0,1200
147,22.0,31:09,0.444,0.0,6.0,2.0,0.0,1.0,18.0,-11.0,343
147,23.0,32:59,0.625,1.0,8.0,1.0,1.0,3.0,14.0,10.0,348
147,24.0,33:34,0.563,0.5710000000000001,7.0,0.0,1.0,4.0,22.0,18.0,361
147,25.0,37:12,0.385,0.0,7.0,2.0,1.0,5.0,11.0,2.0,377
147,26.0,30:03,0.7859999999999999,,8.0,1.0,0.0,1.0,26.0,-7.0,385
147,27.0,27:52,0.429,1.0,5.0,1.0,0.0,2.0,10.0,6.0,400
147,28.0,32:58,0.615,0.5,9.0,1.0,0.0,4.0,20.0,10.0,413
147,29.0,32:27,0.462,0.667,9.0,1.0,1.0,4.0,21.0,-7.0,421
147,30.0,30:02,0.455,0.0,7.0,0.0,0.0,1.0,10.0,-12.0,437
147,31.0,28:20,0.467,0.33299999999999996,8.0,0.0,0.0,2.0,16.0,-5.0,470
147,32.0,33:59,0.667,0.0,8.0,0.0,0.0,3.0,15.0,-5.0,481
147,33.0,29:13,0.5,,3.0,0.0,0.0,4.0,15.0,9.0,497
147,34.0,31:14,0.5379999999999999,1.0,12.0,3.0,1.0,1.0,23.0,7.0,515
147,35.0,35:31,0.583,1.0,7.0,1.0,2.0,2.0,17.0,-2.0,528
147,36.0,32:17,0.6,1.0,15.0,0.0,1.0,5.0,25.0,33.0,541
147,37.0,31:34,0.462,0.0,10.0,2.0,0.0,0.0,13.0,10.0,557
147,38.0,20:51,0.308,1.0,6.0,0.0,0.0,1.0,9.0,-18.0,591
147,39.0,38:24,0.41200000000000003,0.33299999999999996,12.0,1.0,0.0,4.0,18.0,9.0,621
147,40.0,34:18,0.778,0.5,5.0,0.0,0.0,1.0,16.0,4.0,640
147,41.0,32:30,0.5,0.0,5.0,2.0,3.0,1.0,15.0,-24.0,654
147,42.0,32:51,0.556,0.5,7.0,2.0,1.0,0.0,13.0,-1.0,664
147,43.0,28:18,0.667,0.0,10.0,0.0,0.0,2.0,22.0,2.0,677
147,44.0,35:34,0.7140000000000001,0.5,7.0,0.0,1.0,2.0,23.0,13.0,696
147,45.0,35:27,0.667,0.5,2.0,4.0,3.0,1.0,14.0,14.0,699
147,46.0,35:45,0.462,,10.0,0.0,3.0,4.0,18.0,23.0,718
147,47.0,31:34,0.444,0.33299999999999996,3.0,3.0,1.0,1.0,11.0,3.0,736
147,48.0,26:50,0.5,0.33299999999999996,4.0,1.0,0.0,3.0,11.0,21.0,753
147,49.0,31:40,0.41700000000000004,0.33299999999999996,6.0,1.0,2.0,1.0,13.0,22.0,763
147,50.0,35:59,0.25,0.0,5.0,2.0,2.0,4.0,10.0,1.0,776
147,51.0,39:46,0.4,0.0,7.0,0.0,0.0,0.0,16.0,-9.0,789
147,52.0,30:44,0.444,0.0,7.0,3.0,0.0,1.0,10.0,-19.0,811
147,53.0,31:01,0.33299999999999996,0.0,4.0,6.0,0.0,1.0,18.0,-7.0,815
147,54.0,35:46,0.462,1.0,6.0,1.0,1.0,0.0,22.0,-13.0,827
147,55.0,31:52,0.583,0.0,7.0,1.0,1.0,1.0,15.0,-23.0,841
147,56.0,36:33,0.462,0.0,9.0,1.0,2.0,1.0,17.0,-15.0,854
147,57.0,33:59,0.857,,6.0,2.0,3.0,2.0,12.0,15.0,1233
147,58.0,31:55,0.42100000000000004,0.0,7.0,1.0,3.0,1.0,18.0,-18.0,1245
147,59.0,27:33,0.667,1.0,6.0,1.0,0.0,3.0,12.0,-10.0,1263
147,60.0,31:41,0.636,0.0,6.0,1.0,3.0,0.0,16.0,4.0,863
147,61.0,29:40,0.28600000000000003,0.0,5.0,1.0,0.0,2.0,5.0,-1.0,888
147,62.0,32:10,0.33299999999999996,0.0,7.0,3.0,0.0,3.0,4.0,-6.0,901
147,63.0,24:51,0.5,,5.0,5.0,1.0,2.0,8.0,21.0,916
147,64.0,32:37,0.33299999999999996,0.0,4.0,1.0,3.0,2.0,6.0,-2.0,927
147,65.0,29:41,0.28600000000000003,0.0,8.0,1.0,0.0,1.0,15.0,3.0,947
147,66.0,30:40,0.47100000000000003,,11.0,1.0,1.0,3.0,17.0,-2.0,961
147,67.0,37:14,0.429,,11.0,2.0,2.0,3.0,6.0,29.0,965
147,68.0,28:44,0.25,0.0,5.0,3.0,0.0,0.0,3.0,-14.0,1000
147,69.0,35:10,0.545,,6.0,1.0,0.0,4.0,16.0,9.0,1006
147,70.0,29:03,0.429,1.0,9.0,4.0,2.0,2.0,7.0,0.0,1020
147,71.0,35:48,0.563,0.0,4.0,0.0,2.0,4.0,20.0,-10.0,1035
147,72.0,34:05,0.778,,16.0,1.0,1.0,2.0,17.0,22.0,1052
147,73.0,36:36,0.41700000000000004,1.0,8.0,4.0,0.0,2.0,15.0,3.0,1064
147,74.0,28:18,0.444,0.0,5.0,1.0,0.0,1.0,9.0,-20.0,1076
147,75.0,39:06,0.5710000000000001,1.0,9.0,2.0,1.0,4.0,9.0,1.0,1086
147,76.0,47:17,0.375,0.0,3.0,2.0,1.0,1.0,8.0,0.0,1111
147,77.0,36:07,0.222,0.33299999999999996,6.0,0.0,0.0,0.0,7.0,23.0,1118
147,78.0,25:26,0.375,,6.0,1.0,1.0,1.0,10.0,0.0,1136
147,79.0,30:29,0.769,1.0,10.0,1.0,0.0,2.0,23.0,0.0,1151
147,80.0,28:21,0.75,,13.0,1.0,3.0,3.0,18.0,16.0,1164
147,81.0,32:50,0.5,0.0,8.0,2.0,0.0,6.0,18.0,13.0,1187
