Player_ID,G,MP,FG%,3P%,TRB,AST,STL,BLK,PTS,+/-,Game_ID
268,1.0,15:23,0.25,0.0,1.0,0.0,0.0,1.0,3.0,0.0,5
268,2.0,12:36,0.0,0.0,2.0,1.0,0.0,1.0,1.0,-4.0,30
268,3.0,18:02,0.5,0.5,8.0,2.0,1.0,0.0,5.0,-3.0,48
268,4.0,22:05,0.385,0.4,8.0,1.0,0.0,0.0,14.0,-3.0,63
268,5.0,10:49,0.0,0.0,0.0,0.0,0.0,0.0,0.0,-4.0,75
268,6.0,12:20,0.4,0.33299999999999996,5.0,0.0,1.0,1.0,5.0,1.0,97
268,7.0,7:18,0.0,0.0,2.0,0.0,0.0,0.0,0.0,-6.0,105
268,8.0,18:23,0.5,0.667,1.0,4.0,1.0,0.0,8.0,9.0,131
268,9.0,40:52,0.6,0.625,8.0,3.0,3.0,0.0,24.0,22.0,138
268,10.0,20:44,0.5,0.5,2.0,1.0,0.0,0.0,6.0,-4.0,151
268,11.0,15:25,0.429,0.25,4.0,1.0,1.0,0.0,8.0,13.0,168
268,12.0,13:36,0.0,0.0,4.0,0.0,0.0,1.0,2.0,-17.0,186
268,13.0,9:44,0.6,0.5,1.0,0.0,1.0,0.0,10.0,3.0,201
268,14.0,19:48,0.33299999999999996,0.25,6.0,2.0,2.0,0.0,8.0,6.0,218
268,15.0,12:37,0.25,0.25,2.0,0.0,2.0,1.0,3.0,-3.0,247
268,16.0,13:22,0.4,0.33299999999999996,1.0,0.0,1.0,0.0,5.0,-8.0,255
268,17.0,26:03,0.33299999999999996,0.33299999999999996,6.0,1.0,1.0,0.0,8.0,5.0,269
268,18.0,15:56,0.0,0.0,0.0,2.0,1.0,0.0,0.0,-9.0,281
268,19.0,20:48,0.5379999999999999,0.429,7.0,3.0,0.0,0.0,17.0,18.0,295
268,20.0,18:52,0.7140000000000001,0.667,2.0,3.0,0.0,1.0,12.0,13.0,302
268,21.0,10:44,0.5,0.5,0.0,1.0,0.0,0.0,5.0,-2.0,329
268,22.0,13:21,0.6,0.5,4.0,0.0,1.0,0.0,9.0,-3.0,331
268,no play,,,,,,,,,,342
268,no play,,,,,,,,,,358
268,23.0,9:14,0.0,0.0,2.0,0.0,0.0,0.0,0.0,-7.0,370
268,24.0,15:12,0.667,0.667,4.0,0.0,0.0,0.0,10.0,-2.0,403
268,25.0,13:15,0.0,0.0,1.0,2.0,0.0,0.0,0.0,-4.0,416
268,26.0,18:48,0.16699999999999998,0.2,3.0,3.0,1.0,0.0,3.0,7.0,430
268,27.0,10:34,0.33299999999999996,0.0,1.0,0.0,0.0,0.0,2.0,-2.0,450
268,28.0,11:59,0.5,,1.0,0.0,0.0,0.0,2.0,-9.0,464
268,29.0,25:05,0.33299999999999996,0.0,5.0,3.0,2.0,0.0,8.0,-4.0,473
268,30.0,17:56,0.0,0.0,5.0,2.0,0.0,0.0,0.0,-10.0,488
268,31.0,19:04,0.667,0.667,3.0,1.0,1.0,0.0,10.0,-2.0,502
268,32.0,14:57,0.667,0.5,2.0,1.0,1.0,0.0,5.0,2.0,516
268,33.0,22:58,0.33299999999999996,0.25,3.0,0.0,1.0,0.0,7.0,9.0,526
268,34.0,10:58,0.4,0.25,1.0,0.0,0.0,0.0,5.0,-6.0,549
268,35.0,11:27,1.0,,1.0,1.0,0.0,0.0,4.0,-6.0,561
268,36.0,29:19,0.5,0.5,5.0,2.0,1.0,0.0,3.0,8.0,575
268,37.0,20:35,0.28600000000000003,0.0,7.0,0.0,1.0,0.0,8.0,2.0,587
268,38.0,14:16,0.5,0.5,3.0,1.0,0.0,0.0,8.0,4.0,601
268,39.0,22:13,0.5710000000000001,0.0,4.0,1.0,1.0,0.0,10.0,-19.0,611
268,40.0,24:52,0.25,0.0,4.0,3.0,1.0,1.0,6.0,-14.0,630
268,41.0,18:32,0.33299999999999996,0.0,1.0,0.0,0.0,0.0,2.0,-7.0,645
268,42.0,19:09,0.6,0.0,4.0,1.0,0.0,0.0,8.0,-10.0,669
268,43.0,12:47,0.0,0.0,2.0,0.0,0.0,0.0,0.0,-6.0,684
268,44.0,15:38,0.16699999999999998,0.2,3.0,0.0,1.0,1.0,3.0,-5.0,696
268,45.0,13:57,0.25,0.25,0.0,1.0,0.0,0.0,3.0,-2.0,715
268,46.0,24:02,0.75,,4.0,1.0,0.0,2.0,7.0,11.0,726
268,47.0,19:41,0.5710000000000001,0.0,4.0,0.0,3.0,0.0,8.0,-3.0,737
268,48.0,23:07,0.4,,6.0,5.0,0.0,1.0,4.0,-6.0,754
268,49.0,14:12,0.75,1.0,4.0,2.0,0.0,0.0,7.0,0.0,769
268,50.0,13:53,1.0,,3.0,0.0,2.0,0.0,2.0,0.0,781
268,51.0,15:28,0.33299999999999996,0.33299999999999996,0.0,1.0,0.0,0.0,3.0,-1.0,796
268,52.0,12:07,0.0,0.0,3.0,1.0,0.0,0.0,0.0,0.0,810
268,53.0,18:51,0.5,0.5,6.0,3.0,2.0,1.0,16.0,12.0,822
268,54.0,15:02,0.5,1.0,6.0,0.0,0.0,0.0,5.0,-1.0,838
268,55.0,29:23,0.6,1.0,5.0,1.0,0.0,1.0,7.0,8.0,848
268,56.0,15:12,0.5,0.0,2.0,0.0,0.0,3.0,2.0,-8.0,1238
268,57.0,13:34,0.8,1.0,1.0,0.0,0.0,0.0,10.0,-10.0,1248
268,58.0,35:24,0.267,0.25,12.0,2.0,2.0,0.0,10.0,27.0,1264
268,59.0,32:22,0.4,0.33299999999999996,11.0,5.0,1.0,2.0,13.0,8.0,864
268,60.0,21:10,0.41700000000000004,0.33299999999999996,3.0,3.0,1.0,0.0,12.0,-5.0,886
268,61.0,19:19,0.0,0.0,5.0,0.0,1.0,1.0,0.0,-2.0,915
268,62.0,33:44,0.4,0.25,12.0,2.0,0.0,0.0,10.0,-3.0,928
268,63.0,31:54,0.5,,5.0,3.0,0.0,1.0,8.0,-6.0,938
268,64.0,28:31,0.857,0.5,9.0,2.0,1.0,0.0,16.0,17.0,955
268,65.0,11:19,0.25,0.5,4.0,1.0,0.0,0.0,3.0,11.0,966
268,no play,,,,,,,,,,985
268,no play,,,,,,,,,,999
268,no play,,,,,,,,,,1016
268,no play,,,,,,,,,,1040
268,no play,,,,,,,,,,1046
268,no play,,,,,,,,,,1064
268,no play,,,,,,,,,,1083
268,no play,,,,,,,,,,1100
268,no play,,,,,,,,,,1114
268,no play,,,,,,,,,,1124
268,no play,,,,,,,,,,1139
268,no play,,,,,,,,,,1146
268,no play,,,,,,,,,,1163
268,no play,,,,,,,,,,1174
268,no play,,,,,,,,,,1185
