Player_ID,G,MP,FG%,3P%,TRB,AST,STL,BLK,PTS,+/-,Game_ID
186,1.0,33:36,0.222,0.14300000000000002,6.0,7.0,2.0,0.0,9.0,18.0,4
186,2.0,31:27,0.28600000000000003,0.28600000000000003,6.0,4.0,2.0,0.0,12.0,-1.0,18
186,3.0,32:48,0.3,0.2,4.0,6.0,0.0,2.0,12.0,-7.0,23
186,4.0,33:55,0.43799999999999994,0.444,7.0,4.0,1.0,0.0,20.0,22.0,52
186,5.0,36:15,0.5379999999999999,0.4,9.0,2.0,0.0,0.0,18.0,11.0,68
186,6.0,29:56,0.33299999999999996,0.5,6.0,4.0,3.0,0.0,9.0,13.0,91
186,7.0,34:04,0.3,0.0,2.0,5.0,1.0,0.0,9.0,3.0,104
186,8.0,39:05,0.467,0.5,10.0,6.0,0.0,1.0,18.0,6.0,119
186,9.0,33:07,0.41700000000000004,0.2,9.0,7.0,2.0,1.0,15.0,-2.0,136
186,10.0,35:39,0.556,0.8,5.0,7.0,3.0,1.0,16.0,18.0,151
186,11.0,33:29,0.47100000000000003,0.5,10.0,4.0,2.0,0.0,24.0,4.0,170
186,12.0,35:13,0.3,0.33299999999999996,7.0,4.0,0.0,2.0,13.0,-8.0,181
186,13.0,33:31,0.14300000000000002,0.14300000000000002,4.0,5.0,1.0,0.0,8.0,-22.0,197
186,14.0,39:40,0.556,0.667,7.0,5.0,0.0,0.0,13.0,-5.0,209
186,15.0,45:18,0.41200000000000003,0.14300000000000002,9.0,9.0,0.0,1.0,18.0,3.0,239
186,no play,,,,,,,,,,252
186,16.0,23:00,0.2,0.0,2.0,4.0,0.0,0.0,6.0,14.0,268
186,17.0,30:13,0.273,0.4,11.0,5.0,0.0,0.0,8.0,-12.0,271
186,18.0,36:29,0.33299999999999996,0.2,9.0,6.0,1.0,0.0,12.0,10.0,286
186,19.0,40:35,0.4,0.33299999999999996,8.0,12.0,3.0,1.0,15.0,0.0,302
186,20.0,37:04,0.35700000000000004,0.0,14.0,7.0,0.0,0.0,14.0,2.0,322
186,21.0,35:34,0.4,1.0,15.0,3.0,0.0,0.0,14.0,6.0,1192
186,22.0,28:51,0.545,1.0,9.0,7.0,0.0,0.0,16.0,13.0,337
186,23.0,32:35,0.33299999999999996,0.0,6.0,4.0,1.0,0.0,9.0,-10.0,349
186,24.0,34:30,0.308,0.5710000000000001,10.0,3.0,0.0,0.0,13.0,-10.0,361
186,25.0,36:49,0.5,0.375,5.0,8.0,2.0,1.0,20.0,-8.0,375
186,26.0,35:38,0.316,0.28600000000000003,10.0,5.0,3.0,0.0,22.0,-8.0,391
186,27.0,32:26,0.231,0.0,3.0,4.0,4.0,0.0,7.0,0.0,401
186,28.0,37:10,0.667,0.667,5.0,10.0,1.0,0.0,23.0,18.0,419
186,29.0,39:37,0.467,0.2,11.0,10.0,1.0,1.0,20.0,17.0,442
186,30.0,36:49,0.43799999999999994,0.33299999999999996,5.0,5.0,3.0,0.0,24.0,3.0,468
186,31.0,29:43,0.667,0.75,9.0,8.0,1.0,0.0,20.0,26.0,482
186,32.0,36:21,0.41200000000000003,0.0,13.0,8.0,3.0,1.0,16.0,10.0,491
186,33.0,34:59,0.455,0.5,6.0,8.0,0.0,2.0,13.0,-5.0,509
186,34.0,36:26,0.43799999999999994,0.33299999999999996,6.0,5.0,1.0,0.0,19.0,-9.0,522
186,35.0,36:17,0.389,0.2,3.0,4.0,0.0,0.0,28.0,6.0,534
186,36.0,25:05,0.125,0.0,4.0,5.0,0.0,0.0,9.0,7.0,543
186,no play,,,,,,,,,,563
186,no play,,,,,,,,,,579
186,37.0,32:07,0.5,0.33299999999999996,5.0,2.0,1.0,0.0,19.0,-7.0,597
186,38.0,37:13,0.182,0.0,10.0,10.0,1.0,2.0,8.0,-7.0,623
186,39.0,33:40,0.4,0.2,7.0,7.0,0.0,1.0,17.0,3.0,634
186,40.0,31:03,0.364,0.5,4.0,6.0,1.0,0.0,13.0,19.0,647
186,41.0,34:59,0.375,0.5,9.0,6.0,4.0,0.0,16.0,1.0,657
186,42.0,38:18,0.222,0.0,7.0,6.0,0.0,0.0,4.0,-7.0,670
186,43.0,37:54,0.5,0.5,6.0,8.0,0.0,0.0,16.0,-7.0,692
186,44.0,35:58,0.41700000000000004,0.5,11.0,9.0,1.0,0.0,15.0,-3.0,703
186,45.0,39:41,0.545,0.5,7.0,7.0,0.0,0.0,19.0,-4.0,709
186,46.0,33:52,0.5,0.667,8.0,6.0,0.0,0.0,18.0,-13.0,734
186,47.0,24:07,0.5710000000000001,0.75,5.0,7.0,0.0,0.0,13.0,-30.0,747
186,48.0,33:26,0.444,0.33299999999999996,3.0,6.0,0.0,0.0,11.0,-12.0,766
186,49.0,38:16,0.389,0.33299999999999996,8.0,4.0,4.0,2.0,17.0,0.0,785
186,50.0,34:35,0.5,0.5,8.0,10.0,1.0,0.0,15.0,-6.0,800
186,51.0,36:39,0.5379999999999999,0.5710000000000001,6.0,8.0,0.0,1.0,25.0,4.0,814
186,52.0,37:56,0.41700000000000004,0.5,1.0,4.0,2.0,0.0,16.0,0.0,826
186,53.0,31:15,0.33299999999999996,0.28600000000000003,4.0,5.0,2.0,1.0,10.0,-8.0,843
186,54.0,40:16,0.353,0.14300000000000002,6.0,3.0,0.0,1.0,18.0,-6.0,1227
186,55.0,34:01,0.235,0.16699999999999998,6.0,3.0,1.0,1.0,15.0,3.0,1242
186,56.0,43:05,0.5,0.615,8.0,4.0,0.0,1.0,31.0,-16.0,1257
186,57.0,36:06,0.154,0.111,5.0,4.0,0.0,1.0,5.0,-1.0,1270
186,58.0,35:05,0.2,0.222,3.0,5.0,0.0,0.0,12.0,-8.0,868
186,59.0,35:05,0.636,0.667,2.0,8.0,0.0,0.0,21.0,9.0,884
186,60.0,34:17,0.368,0.33299999999999996,4.0,4.0,3.0,1.0,21.0,6.0,901
186,61.0,30:37,0.35700000000000004,0.0,7.0,2.0,4.0,0.0,16.0,7.0,911
186,62.0,28:10,0.5,0.0,3.0,10.0,1.0,0.0,15.0,18.0,925
186,63.0,40:33,0.429,0.308,6.0,8.0,0.0,0.0,24.0,-3.0,936
186,no play,,,,,,,,,,951
186,no play,,,,,,,,,,965
186,64.0,27:00,0.444,0.0,10.0,5.0,0.0,0.0,8.0,3.0,990
186,65.0,31:15,0.625,0.5,1.0,6.0,1.0,0.0,16.0,-1.0,1004
186,66.0,31:37,0.35700000000000004,0.0,2.0,6.0,2.0,0.0,10.0,-3.0,1019
186,67.0,34:39,0.389,0.222,2.0,2.0,2.0,0.0,19.0,11.0,1033
186,68.0,30:21,0.4,0.375,6.0,11.0,1.0,0.0,18.0,21.0,1047
186,69.0,28:40,0.222,0.0,2.0,4.0,1.0,0.0,5.0,-7.0,1063
186,70.0,27:37,0.5,0.4,4.0,3.0,1.0,0.0,15.0,1.0,1074
186,71.0,34:25,0.308,0.2,5.0,9.0,1.0,1.0,13.0,-4.0,1087
186,72.0,31:21,0.375,0.25,7.0,8.0,3.0,0.0,9.0,11.0,1103
186,73.0,32:24,0.6,0.2,1.0,8.0,1.0,0.0,13.0,8.0,1116
186,74.0,36:06,0.462,0.0,3.0,7.0,1.0,1.0,24.0,-16.0,1126
186,75.0,40:46,0.478,0.5,8.0,3.0,0.0,0.0,31.0,2.0,1150
186,76.0,29:32,0.41700000000000004,0.33299999999999996,5.0,8.0,4.0,1.0,11.0,-5.0,1168
186,77.0,10:04,0.0,0.0,1.0,4.0,1.0,0.0,0.0,-8.0,1173
