Player_ID,G,MP,FG%,3P%,TRB,AST,STL,BLK,PTS,+/-,Game_ID
483,1.0,29:00,0.545,0.16699999999999998,9.0,1.0,0.0,0.0,15.0,-1.0,11
483,2.0,25:56,0.33299999999999996,0.25,3.0,2.0,0.0,1.0,8.0,18.0,26
483,3.0,24:58,0.429,0.4,10.0,3.0,0.0,3.0,16.0,19.0,39
483,4.0,35:05,0.5,0.5,6.0,1.0,0.0,1.0,17.0,6.0,57
483,5.0,21:19,0.4,0.33299999999999996,6.0,0.0,0.0,1.0,14.0,-4.0,69
483,6.0,13:11,0.0,0.0,0.0,1.0,0.0,0.0,0.0,-16.0,79
483,7.0,20:39,0.222,0.16699999999999998,4.0,0.0,0.0,0.0,6.0,15.0,92
483,8.0,11:26,0.0,0.0,1.0,1.0,0.0,0.0,2.0,-13.0,107
483,9.0,22:05,0.429,0.667,5.0,1.0,0.0,0.0,10.0,10.0,114
483,10.0,23:24,0.857,0.75,11.0,1.0,2.0,2.0,17.0,16.0,129
483,11.0,18:49,0.5,0.4,8.0,0.0,0.0,0.0,8.0,2.0,152
483,12.0,20:59,0.5,0.33299999999999996,3.0,1.0,2.0,1.0,7.0,4.0,169
483,13.0,16:10,0.14300000000000002,0.0,1.0,0.0,1.0,1.0,2.0,9.0,188
483,14.0,37:22,0.444,0.375,15.0,2.0,0.0,0.0,15.0,16.0,194
483,15.0,22:16,0.4,0.5,3.0,1.0,1.0,1.0,11.0,-9.0,206
483,16.0,25:13,0.4,0.33299999999999996,3.0,2.0,2.0,0.0,6.0,1.0,240
483,17.0,21:33,0.33299999999999996,0.0,6.0,1.0,2.0,1.0,6.0,-9.0,279
483,18.0,21:37,0.111,0.0,9.0,2.0,2.0,1.0,2.0,-3.0,296
483,19.0,13:05,0.0,0.0,5.0,0.0,0.0,0.0,0.0,-24.0,306
483,20.0,27:01,0.5,0.75,7.0,0.0,2.0,2.0,18.0,-3.0,318
483,21.0,22:43,0.28600000000000003,0.25,6.0,0.0,2.0,1.0,5.0,-8.0,327
483,22.0,22:16,0.5,0.2,6.0,2.0,2.0,0.0,9.0,-4.0,336
483,23.0,22:00,0.667,0.33299999999999996,5.0,1.0,0.0,1.0,9.0,-2.0,350
483,24.0,20:01,0.2,0.0,5.0,0.0,0.0,0.0,5.0,1.0,370
483,no play,,,,,,,,,,384
483,no play,,,,,,,,,,393
483,25.0,21:27,0.5,0.5,4.0,2.0,0.0,2.0,13.0,15.0,414
483,26.0,21:51,0.4,0.5,6.0,0.0,0.0,1.0,11.0,5.0,432
483,27.0,19:27,0.313,0.14300000000000002,10.0,0.0,1.0,1.0,11.0,-9.0,442
483,28.0,32:05,0.4,0.5,5.0,2.0,3.0,1.0,11.0,-3.0,463
483,29.0,29:34,0.5379999999999999,0.33299999999999996,7.0,0.0,0.0,0.0,20.0,-3.0,470
483,30.0,24:44,0.14300000000000002,0.25,4.0,0.0,0.0,3.0,7.0,13.0,485
483,31.0,27:20,0.214,0.182,6.0,0.0,0.0,3.0,8.0,1.0,497
483,32.0,22:00,0.8,1.0,4.0,0.0,0.0,0.0,10.0,-9.0,508
483,33.0,27:41,0.4,0.28600000000000003,2.0,0.0,2.0,2.0,12.0,4.0,522
483,34.0,26:04,0.5,0.429,4.0,1.0,1.0,1.0,16.0,7.0,537
483,35.0,33:04,0.4,0.375,9.0,2.0,1.0,1.0,12.0,18.0,559
483,36.0,16:01,0.25,0.25,1.0,0.0,1.0,0.0,3.0,-13.0,574
483,no play,,,,,,,,,,576
483,no play,,,,,,,,,,593
483,no play,,,,,,,,,,607
483,no play,,,,,,,,,,616
483,37.0,22:04,0.5,0.667,5.0,0.0,1.0,1.0,6.0,3.0,629
483,38.0,16:43,0.16699999999999998,0.0,4.0,2.0,0.0,0.0,5.0,9.0,652
483,39.0,22:18,0.455,0.5,5.0,1.0,1.0,0.0,11.0,2.0,665
483,40.0,19:29,0.2,0.0,3.0,0.0,1.0,1.0,4.0,18.0,682
483,41.0,18:15,0.273,0.2,3.0,1.0,0.0,0.0,9.0,3.0,688
483,42.0,14:43,0.0,0.0,5.0,0.0,0.0,1.0,1.0,5.0,704
483,43.0,25:55,0.6,0.33299999999999996,3.0,2.0,1.0,0.0,13.0,15.0,721
483,44.0,19:36,0.4,0.0,4.0,0.0,0.0,0.0,6.0,4.0,746
483,45.0,16:52,0.5,0.5,7.0,3.0,2.0,0.0,11.0,-8.0,755
483,46.0,25:23,0.273,0.33299999999999996,3.0,0.0,0.0,0.0,9.0,-20.0,784
483,47.0,23:39,0.3,0.25,2.0,1.0,1.0,1.0,10.0,-18.0,798
483,48.0,13:55,0.33299999999999996,0.25,4.0,2.0,1.0,1.0,5.0,-4.0,813
483,no play,,,,,,,,,,822
483,no play,,,,,,,,,,837
483,no play,,,,,,,,,,855
483,49.0,36:49,0.5,0.5710000000000001,8.0,2.0,0.0,0.0,20.0,23.0,1235
483,50.0,29:03,0.625,0.4,10.0,1.0,2.0,0.0,14.0,15.0,1247
483,51.0,20:10,0.5,0.33299999999999996,1.0,2.0,0.0,1.0,6.0,-17.0,1267
483,52.0,15:33,0.28600000000000003,0.25,2.0,1.0,0.0,2.0,5.0,-12.0,867
483,53.0,27:14,0.444,0.0,7.0,2.0,3.0,0.0,8.0,-1.0,883
483,54.0,17:38,0.28600000000000003,0.2,0.0,1.0,0.0,0.0,6.0,-7.0,899
483,no play,,,,,,,,,,909
483,no play,,,,,,,,,,926
483,no play,,,,,,,,,,945
483,55.0,28:41,0.5,0.41700000000000004,11.0,0.0,0.0,0.0,24.0,13.0,951
483,56.0,27:38,0.3,0.375,5.0,2.0,0.0,2.0,14.0,7.0,969
483,57.0,32:05,0.375,0.25,8.0,3.0,1.0,3.0,15.0,6.0,981
483,58.0,17:09,0.28600000000000003,0.2,4.0,0.0,0.0,0.0,5.0,1.0,992
483,59.0,25:43,0.33299999999999996,0.28600000000000003,2.0,2.0,0.0,0.0,8.0,18.0,1011
483,60.0,38:50,0.8,0.667,5.0,2.0,3.0,1.0,28.0,22.0,1021
483,61.0,26:30,0.455,0.667,4.0,2.0,0.0,0.0,15.0,-10.0,1037
483,62.0,34:50,0.7859999999999999,0.667,8.0,1.0,0.0,0.0,28.0,18.0,1050
483,63.0,37:41,0.643,0.545,10.0,1.0,0.0,1.0,28.0,13.0,1082
483,64.0,30:46,0.25,0.667,9.0,5.0,2.0,0.0,8.0,17.0,1098
483,65.0,16:46,0.33299999999999996,0.4,4.0,0.0,0.0,3.0,8.0,-1.0,1107
483,66.0,35:57,0.43799999999999994,0.25,10.0,0.0,0.0,0.0,21.0,-5.0,1121
483,67.0,25:23,0.727,0.75,8.0,2.0,0.0,1.0,22.0,10.0,1134
483,68.0,26:51,0.111,0.0,7.0,0.0,2.0,2.0,4.0,-18.0,1149
483,69.0,26:42,0.5,0.5,5.0,2.0,2.0,1.0,16.0,25.0,1167
483,70.0,22:38,0.25,0.25,9.0,2.0,3.0,1.0,9.0,23.0,1183
