Player_ID,G,MP,FG%,3P%,TRB,AST,STL,BLK,PTS,+/-,Game_ID
260,1.0,21:08,0.4,0.5,7.0,2.0,0.0,0.0,5.0,5.0,6
260,2.0,34:06,0.5,0.2,17.0,2.0,4.0,1.0,23.0,-1.0,29
260,3.0,22:22,0.667,0.0,4.0,1.0,0.0,0.0,12.0,-9.0,38
260,4.0,14:26,1.0,,3.0,5.0,0.0,0.0,8.0,7.0,63
260,5.0,22:42,0.33299999999999996,,6.0,0.0,1.0,1.0,6.0,-14.0,78
260,6.0,22:15,0.8,0.0,5.0,2.0,1.0,1.0,9.0,7.0,87
260,7.0,28:22,0.4,0.33299999999999996,5.0,2.0,2.0,0.0,12.0,4.0,98
260,8.0,18:29,0.2,0.0,3.0,2.0,1.0,0.0,4.0,-19.0,115
260,9.0,20:27,0.28600000000000003,,3.0,1.0,1.0,0.0,6.0,-6.0,134
260,10.0,25:56,0.0,,5.0,3.0,1.0,1.0,0.0,11.0,140
260,11.0,19:19,0.75,,2.0,2.0,0.0,0.0,10.0,-1.0,162
260,12.0,27:17,0.5,0.0,12.0,4.0,0.0,2.0,8.0,3.0,177
260,13.0,20:50,0.625,1.0,6.0,4.0,0.0,1.0,12.0,12.0,193
260,14.0,18:29,0.6,,8.0,3.0,1.0,1.0,8.0,13.0,206
260,15.0,22:39,0.667,,5.0,6.0,0.0,0.0,9.0,-3.0,217
260,16.0,29:21,0.429,0.5,6.0,5.0,0.0,2.0,7.0,-6.0,246
260,17.0,31:00,0.375,0.5,11.0,3.0,0.0,1.0,13.0,11.0,257
260,18.0,24:00,0.636,,14.0,3.0,1.0,0.0,17.0,2.0,283
260,no play,,,,,,,,,,300
260,no play,,,,,,,,,,307
260,no play,,,,,,,,,,314
260,19.0,21:12,0.7140000000000001,,10.0,3.0,0.0,1.0,14.0,18.0,1194
260,20.0,27:31,0.6,,11.0,1.0,0.0,1.0,17.0,-20.0,332
260,21.0,26:20,0.545,0.0,6.0,6.0,1.0,2.0,14.0,21.0,347
260,22.0,26:28,0.833,,11.0,4.0,1.0,1.0,27.0,2.0,365
260,23.0,19:23,0.833,1.0,4.0,5.0,0.0,0.0,13.0,15.0,386
260,24.0,20:13,0.625,,9.0,5.0,0.0,0.0,10.0,6.0,404
260,25.0,38:02,0.765,1.0,17.0,9.0,1.0,0.0,27.0,20.0,417
260,26.0,20:43,0.5710000000000001,0.0,6.0,1.0,0.0,0.0,9.0,-21.0,426
260,27.0,19:07,0.75,1.0,7.0,6.0,0.0,3.0,8.0,5.0,451
260,28.0,32:25,0.688,0.667,10.0,4.0,3.0,0.0,24.0,17.0,475
260,29.0,34:26,0.5,0.0,8.0,11.0,0.0,1.0,16.0,-3.0,488
260,30.0,22:16,0.6920000000000001,,7.0,4.0,0.0,0.0,25.0,-1.0,505
260,31.0,24:48,0.47100000000000003,0.5,13.0,5.0,1.0,0.0,21.0,-5.0,525
260,32.0,28:23,0.636,0.5,6.0,5.0,1.0,1.0,18.0,-20.0,531
260,33.0,27:20,0.8,,11.0,5.0,1.0,0.0,19.0,-9.0,547
260,no play,,,,,,,,,,560
260,34.0,30:12,0.636,0.667,10.0,8.0,1.0,1.0,22.0,29.0,591
260,35.0,35:51,0.684,0.5,11.0,5.0,3.0,1.0,30.0,18.0,622
260,36.0,33:43,0.545,0.2,15.0,1.0,0.0,3.0,29.0,21.0,631
260,37.0,37:35,0.636,0.5,12.0,4.0,0.0,2.0,35.0,-17.0,644
260,38.0,21:19,0.727,0.667,10.0,3.0,0.0,0.0,19.0,20.0,663
260,39.0,27:11,0.5329999999999999,0.0,9.0,4.0,2.0,2.0,18.0,-7.0,669
260,40.0,35:12,0.6,0.0,11.0,6.0,2.0,3.0,23.0,3.0,683
260,41.0,35:46,0.5710000000000001,0.0,14.0,8.0,1.0,2.0,29.0,21.0,697
260,no play,,,,,,,,,,714
260,no play,,,,,,,,,,735
260,no play,,,,,,,,,,743
260,42.0,32:19,0.5329999999999999,0.5,12.0,11.0,1.0,0.0,20.0,8.0,758
260,43.0,15:24,0.556,0.5,1.0,2.0,0.0,0.0,11.0,-13.0,768
260,44.0,24:24,0.556,0.0,4.0,9.0,1.0,0.0,13.0,18.0,782
260,45.0,34:16,0.47100000000000003,0.667,15.0,3.0,0.0,0.0,18.0,-12.0,791
260,46.0,36:41,0.7390000000000001,0.667,9.0,5.0,2.0,0.0,40.0,19.0,806
260,47.0,37:39,0.5,0.5,13.0,4.0,0.0,2.0,27.0,-10.0,817
260,48.0,36:00,0.5379999999999999,,21.0,12.0,2.0,0.0,17.0,33.0,833
260,49.0,33:57,0.316,0.4,14.0,4.0,1.0,3.0,15.0,1.0,848
260,50.0,25:33,0.28600000000000003,0.0,11.0,2.0,0.0,0.0,4.0,5.0,1231
260,51.0,14:47,1.0,,5.0,7.0,1.0,1.0,2.0,5.0,1240
260,52.0,33:20,0.455,0.0,11.0,6.0,1.0,1.0,10.0,4.0,1252
260,53.0,32:44,0.6,1.0,16.0,10.0,0.0,1.0,19.0,19.0,1267
260,54.0,29:41,0.6,,14.0,10.0,1.0,0.0,13.0,17.0,860
260,55.0,32:55,0.867,,14.0,4.0,1.0,0.0,31.0,-1.0,884
260,no play,,,,,,,,,,903
260,no play,,,,,,,,,,918
260,56.0,26:51,0.8,0.5,10.0,7.0,4.0,1.0,21.0,8.0,930
260,57.0,30:12,0.583,0.33299999999999996,14.0,2.0,2.0,0.0,20.0,14.0,944
260,58.0,24:01,0.615,0.0,9.0,4.0,1.0,0.0,18.0,16.0,958
260,59.0,30:25,0.583,0.0,14.0,10.0,0.0,0.0,17.0,7.0,978
260,60.0,21:35,0.5,0.5,5.0,4.0,0.0,1.0,16.0,6.0,994
260,61.0,39:37,0.5,0.0,13.0,8.0,0.0,1.0,22.0,-9.0,1008
260,62.0,28:39,0.8,,10.0,7.0,0.0,0.0,16.0,5.0,1024
260,63.0,34:23,0.667,0.5,16.0,5.0,1.0,0.0,30.0,8.0,1035
260,64.0,18:27,0.28600000000000003,0.0,13.0,2.0,0.0,0.0,8.0,-6.0,1055
260,65.0,35:58,0.5,0.16699999999999998,8.0,8.0,0.0,2.0,17.0,-8.0,1069
260,66.0,36:38,0.688,0.667,13.0,10.0,0.0,0.0,26.0,3.0,1087
260,67.0,35:11,0.563,0.0,10.0,7.0,2.0,0.0,19.0,15.0,1110
260,68.0,33:30,0.556,0.0,12.0,4.0,0.0,0.0,21.0,-8.0,1119
260,69.0,33:52,0.353,0.0,19.0,9.0,5.0,1.0,12.0,8.0,1129
260,70.0,29:04,0.6920000000000001,1.0,12.0,5.0,2.0,0.0,23.0,18.0,1145
260,71.0,31:28,0.5,0.2,6.0,3.0,1.0,1.0,23.0,-3.0,1159
260,72.0,19:35,0.5,0.33299999999999996,8.0,4.0,0.0,0.0,7.0,-7.0,1175
260,73.0,40:13,0.643,,16.0,8.0,1.0,5.0,29.0,9.0,1186
