Player_ID,G,MP,FG%,3P%,TRB,AST,STL,BLK,PTS,+/-,Game_ID
77,1.0,2:10,0.0,0.0,1.0,0.0,0.0,0.0,0.0,1.0,3
77,no play,,,,,,,,,,14
77,2.0,2:27,1.0,,1.0,0.0,0.0,0.0,2.0,-1.0,38
77,3.0,14:35,0.667,0.5,3.0,4.0,1.0,0.0,5.0,18.0,51
77,4.0,14:21,1.0,1.0,2.0,1.0,0.0,0.0,6.0,7.0,67
77,5.0,9:48,0.33299999999999996,0.0,0.0,1.0,0.0,0.0,4.0,-2.0,85
77,6.0,22:40,0.5,0.0,2.0,0.0,1.0,0.0,9.0,-3.0,108
77,7.0,9:43,0.0,,3.0,1.0,0.0,0.0,2.0,10.0,119
77,8.0,29:04,0.4,0.5,5.0,2.0,1.0,0.0,19.0,15.0,127
77,9.0,28:47,0.5710000000000001,0.6,3.0,3.0,0.0,1.0,12.0,-5.0,149
77,10.0,11:20,0.5,1.0,1.0,0.0,0.0,0.0,3.0,-7.0,161
77,11.0,11:30,0.25,,3.0,1.0,1.0,0.0,4.0,-6.0,177
77,no play,,,,,,,,,,192
77,12.0,26:04,0.444,0.4,0.0,1.0,1.0,0.0,11.0,-4.0,203
77,no play,,,,,,,,,,215
77,no play,,,,,,,,,,243
77,13.0,11:15,0.33299999999999996,,0.0,3.0,1.0,1.0,5.0,-1.0,265
77,14.0,3:55,1.0,1.0,1.0,1.0,0.0,0.0,3.0,3.0,278
77,15.0,32:05,0.5,0.33299999999999996,7.0,2.0,0.0,0.0,16.0,21.0,294
77,16.0,6:50,0.667,,1.0,0.0,2.0,0.0,4.0,15.0,303
77,17.0,4:30,,,1.0,0.0,0.0,0.0,0.0,1.0,315
77,18.0,6:53,,,1.0,0.0,0.0,0.0,0.0,4.0,331
77,19.0,35:32,0.7,0.75,3.0,2.0,5.0,0.0,20.0,6.0,339
77,20.0,8:28,0.75,1.0,0.0,0.0,0.0,0.0,7.0,3.0,362
77,21.0,21:12,0.4,0.0,0.0,0.0,2.0,2.0,6.0,11.0,374
77,22.0,11:35,0.0,0.0,0.0,0.0,0.0,0.0,1.0,-9.0,392
77,23.0,8:01,0.667,0.0,1.0,0.0,1.0,0.0,8.0,3.0,410
77,24.0,26:42,0.5379999999999999,0.5,3.0,1.0,5.0,0.0,21.0,-1.0,420
77,25.0,19:01,0.33299999999999996,0.0,1.0,0.0,0.0,1.0,2.0,1.0,452
77,26.0,11:28,0.0,0.0,1.0,1.0,0.0,0.0,1.0,9.0,474
77,27.0,6:51,0.5,0.0,0.0,0.0,0.0,0.0,2.0,6.0,490
77,28.0,22:09,0.28600000000000003,0.5,5.0,1.0,1.0,1.0,7.0,-5.0,495
77,29.0,7:58,0.5,0.0,0.0,0.0,2.0,0.0,2.0,2.0,517
77,30.0,8:03,0.0,0.0,2.0,1.0,0.0,0.0,2.0,4.0,530
77,31.0,8:06,0.0,,2.0,0.0,0.0,0.0,0.0,-3.0,542
77,32.0,11:44,0.0,0.0,0.0,1.0,0.0,0.0,2.0,4.0,559
77,33.0,21:36,0.429,0.4,1.0,3.0,0.0,0.0,10.0,15.0,567
77,34.0,4:06,1.0,,0.0,0.0,0.0,0.0,2.0,-4.0,577
77,35.0,13:04,0.4,0.5,0.0,2.0,1.0,0.0,5.0,2.0,598
77,36.0,24:16,0.583,0.33299999999999996,1.0,0.0,1.0,0.0,21.0,-10.0,612
77,37.0,18:19,0.0,,2.0,2.0,0.0,0.0,0.0,0.0,627
77,38.0,17:39,0.33299999999999996,0.5,3.0,0.0,1.0,1.0,5.0,-2.0,632
77,39.0,26:17,0.222,0.0,4.0,0.0,0.0,0.0,4.0,-26.0,647
77,40.0,6:09,0.5,0.5,0.0,1.0,0.0,0.0,4.0,-6.0,668
77,41.0,39:02,0.5,0.0,4.0,2.0,3.0,1.0,16.0,1.0,679
77,42.0,33:05,0.429,0.5,5.0,2.0,1.0,0.0,21.0,1.0,690
77,43.0,31:29,0.467,0.667,6.0,1.0,0.0,0.0,19.0,22.0,702
77,44.0,12:47,0.33299999999999996,0.0,2.0,0.0,1.0,0.0,4.0,-13.0,720
77,45.0,40:29,0.5329999999999999,0.0,4.0,3.0,2.0,2.0,18.0,13.0,731
77,46.0,32:22,0.667,0.0,5.0,2.0,0.0,0.0,12.0,0.0,738
77,47.0,37:30,0.583,1.0,2.0,1.0,1.0,0.0,18.0,-12.0,752
77,48.0,33:24,0.35700000000000004,0.0,6.0,3.0,0.0,1.0,10.0,7.0,771
77,49.0,12:00,0.5,0.33299999999999996,1.0,0.0,0.0,0.0,5.0,-6.0,777
77,50.0,6:39,,,0.0,0.0,0.0,0.0,0.0,-7.0,796
77,51.0,7:50,0.33299999999999996,0.0,3.0,2.0,0.0,0.0,2.0,1.0,824
77,52.0,18:18,0.5,0.0,2.0,4.0,2.0,0.0,13.0,0.0,837
77,53.0,27:50,0.41700000000000004,0.429,3.0,0.0,3.0,0.0,17.0,-17.0,843
77,54.0,16:30,0.2,0.0,4.0,0.0,0.0,0.0,3.0,1.0,1234
77,55.0,11:38,0.5,0.0,4.0,1.0,0.0,0.0,8.0,-3.0,1254
77,56.0,18:10,0.16699999999999998,0.5,5.0,1.0,1.0,1.0,3.0,-3.0,1258
77,57.0,16:19,0.41700000000000004,0.25,2.0,2.0,0.0,0.0,17.0,-6.0,857
77,58.0,25:04,0.583,0.5,6.0,1.0,1.0,0.0,21.0,19.0,871
77,59.0,25:46,0.5,0.0,2.0,3.0,0.0,0.0,12.0,-8.0,881
77,60.0,20:34,0.6,0.667,3.0,5.0,0.0,0.0,8.0,-3.0,913
77,61.0,18:21,0.4,0.0,4.0,0.0,3.0,0.0,12.0,-5.0,929
77,62.0,35:00,0.35700000000000004,0.0,1.0,0.0,0.0,0.0,14.0,-15.0,939
77,63.0,31:10,0.75,0.5,5.0,3.0,0.0,0.0,19.0,10.0,952
77,64.0,21:45,0.33299999999999996,0.33299999999999996,4.0,0.0,0.0,0.0,13.0,-3.0,975
77,65.0,19:05,0.4,0.0,2.0,0.0,0.0,0.0,11.0,11.0,983
77,66.0,13:54,0.364,0.16699999999999998,3.0,1.0,1.0,0.0,11.0,9.0,1000
77,67.0,16:35,0.33299999999999996,0.0,2.0,1.0,0.0,0.0,9.0,-7.0,1011
77,68.0,26:28,0.5,0.4,3.0,0.0,1.0,1.0,14.0,24.0,1028
77,69.0,13:49,0.4,0.0,0.0,1.0,1.0,0.0,6.0,-1.0,1044
77,70.0,24:13,0.545,0.667,1.0,2.0,0.0,1.0,16.0,16.0,1057
77,71.0,19:21,0.33299999999999996,0.2,3.0,0.0,1.0,0.0,10.0,-16.0,1074
77,72.0,10:04,0.0,0.0,2.0,0.0,1.0,0.0,0.0,-3.0,1086
77,73.0,19:48,0.375,0.0,2.0,4.0,0.0,0.0,10.0,1.0,1108
77,74.0,7:41,0.0,,1.0,0.0,0.0,0.0,0.0,3.0,1118
77,no play,,,,,,,,,,1127
77,no play,,,,,,,,,,1141
77,75.0,3:24,0.5,0.0,1.0,0.0,1.0,0.0,2.0,-4.0,1157
77,76.0,34:04,0.769,0.6,2.0,2.0,1.0,0.0,25.0,6.0,1179
