Player_ID,G,MP,FG%,3P%,TRB,AST,STL,BLK,PTS,+/-,Game_ID
114,no play,,,,,,,,,,628
114,1.0,8:32,0.0,0.0,1.0,0.0,0.0,0.0,0.0,-11.0,642
114,2.0,18:53,0.0,,3.0,0.0,1.0,0.0,0.0,6.0,660
114,3.0,10:56,0.667,0.0,1.0,0.0,0.0,0.0,5.0,3.0,673
114,4.0,27:09,0.75,0.667,7.0,1.0,1.0,4.0,10.0,12.0,687
114,5.0,21:29,0.5,1.0,4.0,0.0,1.0,0.0,3.0,-1.0,704
114,6.0,18:58,0.667,0.5,2.0,0.0,0.0,0.0,7.0,10.0,710
114,7.0,14:28,0.5,0.33299999999999996,2.0,0.0,0.0,0.0,7.0,7.0,725
114,8.0,2:36,,,0.0,0.0,0.0,0.0,0.0,-3.0,740
114,9.0,24:33,0.33299999999999996,0.5,3.0,2.0,0.0,0.0,5.0,-2.0,764
114,10.0,5:39,1.0,,1.0,1.0,0.0,0.0,3.0,1.0,781
114,11.0,16:47,0.667,0.5,5.0,1.0,0.0,0.0,7.0,0.0,793
114,12.0,30:36,0.33299999999999996,0.5,5.0,1.0,0.0,0.0,10.0,16.0,805
114,13.0,18:18,0.5,0.0,0.0,0.0,0.0,0.0,2.0,1.0,816
114,14.0,7:23,0.0,0.0,1.0,0.0,0.0,0.0,0.0,-5.0,829
114,no play,,,,,,,,,,847
114,15.0,17:46,0.33299999999999996,1.0,8.0,2.0,2.0,0.0,4.0,0.0,1239
114,16.0,5:13,,,1.0,2.0,0.0,0.0,0.0,7.0,1245
114,17.0,10:26,1.0,1.0,0.0,0.0,1.0,0.0,3.0,-2.0,1262
114,18.0,25:28,0.33299999999999996,,3.0,2.0,1.0,3.0,4.0,20.0,859
114,19.0,4:53,0.0,0.0,2.0,0.0,0.0,0.0,0.0,-4.0,872
114,20.0,24:38,0.4,,7.0,0.0,0.0,0.0,6.0,7.0,882
114,21.0,22:01,0.16699999999999998,0.0,5.0,3.0,0.0,1.0,2.0,4.0,897
114,no play,,,,,,,,,,911
114,no play,,,,,,,,,,939
114,22.0,5:19,,,1.0,0.0,0.0,0.0,0.0,-5.0,947
114,23.0,9:57,0.0,,2.0,0.0,0.0,0.0,0.0,-4.0,967
114,24.0,1:12,,,0.0,0.0,0.0,0.0,0.0,0.0,985
114,no play,,,,,,,,,,1001
114,25.0,8:50,0.33299999999999996,,4.0,1.0,0.0,0.0,4.0,1.0,1013
114,26.0,2:14,,,1.0,0.0,0.0,0.0,0.0,-6.0,1028
114,no play,,,,,,,,,,1053
114,27.0,4:17,,,0.0,0.0,1.0,0.0,0.0,0.0,1067
114,28.0,20:00,1.0,1.0,5.0,0.0,0.0,0.0,7.0,9.0,1075
114,29.0,5:08,0.5,0.0,2.0,0.0,0.0,0.0,2.0,-2.0,1093
114,30.0,9:01,0.0,0.0,3.0,1.0,0.0,1.0,0.0,6.0,1110
114,31.0,17:28,0.33299999999999996,0.5,1.0,2.0,0.0,0.0,3.0,-9.0,1126
114,32.0,14:34,0.0,0.0,1.0,0.0,1.0,0.0,0.0,2.0,1141
114,33.0,10:42,0.5,,0.0,1.0,0.0,0.0,2.0,-4.0,1153
114,34.0,13:16,0.2,0.0,1.0,1.0,0.0,1.0,2.0,10.0,1166
114,35.0,12:27,0.0,,0.0,0.0,1.0,0.0,0.0,0.0,1182
