Player_ID,G,MP,FG%,3P%,TRB,AST,STL,BLK,PTS,+/-,Game_ID
79,1.0,21:44,1.0,,9.0,0.0,1.0,0.0,4.0,16.0,3
79,2.0,14:55,0.5,,3.0,0.0,1.0,0.0,4.0,-7.0,14
79,3.0,15:09,0.25,,4.0,0.0,0.0,0.0,2.0,-4.0,38
79,4.0,17:46,0.5,,3.0,0.0,1.0,0.0,4.0,-6.0,51
79,5.0,16:15,0.667,,3.0,0.0,0.0,0.0,8.0,0.0,67
79,6.0,23:59,0.5,,6.0,1.0,0.0,1.0,10.0,9.0,85
79,7.0,12:43,0.667,,4.0,0.0,0.0,2.0,4.0,-5.0,108
79,8.0,10:43,0.0,,1.0,0.0,0.0,0.0,0.0,-11.0,119
79,9.0,20:15,0.8,,2.0,0.0,1.0,0.0,9.0,-6.0,127
79,10.0,15:51,0.8,,3.0,2.0,0.0,3.0,8.0,5.0,149
79,11.0,29:45,0.5,,9.0,0.0,1.0,0.0,10.0,6.0,161
79,12.0,23:06,0.667,,3.0,0.0,1.0,0.0,8.0,-2.0,177
79,13.0,21:25,0.4,,6.0,1.0,1.0,2.0,4.0,-11.0,192
79,14.0,13:27,0.5,,1.0,0.0,2.0,0.0,2.0,-2.0,203
79,15.0,21:18,0.33299999999999996,,1.0,1.0,0.0,0.0,2.0,9.0,215
79,16.0,22:56,0.667,,7.0,0.0,0.0,1.0,6.0,2.0,243
79,17.0,23:14,0.667,,2.0,0.0,1.0,1.0,11.0,6.0,265
79,18.0,18:23,1.0,,2.0,2.0,0.0,1.0,4.0,0.0,278
79,19.0,24:11,0.8,0.0,7.0,1.0,1.0,1.0,8.0,14.0,294
79,20.0,27:01,0.583,0.0,3.0,0.0,1.0,2.0,14.0,23.0,303
79,21.0,18:13,0.5,,2.0,1.0,1.0,0.0,6.0,-21.0,315
79,22.0,11:15,1.0,,1.0,0.0,0.0,0.0,6.0,-2.0,331
79,23.0,14:20,0.33299999999999996,,4.0,1.0,0.0,0.0,2.0,0.0,339
79,24.0,16:27,0.0,0.0,3.0,1.0,0.0,1.0,0.0,8.0,362
79,25.0,15:02,0.25,,5.0,1.0,2.0,0.0,4.0,-12.0,374
79,26.0,8:25,0.667,,0.0,0.0,0.0,3.0,4.0,-9.0,392
79,27.0,28:04,0.5,0.0,7.0,0.0,0.0,4.0,6.0,17.0,410
79,28.0,27:31,1.0,,3.0,2.0,0.0,2.0,9.0,9.0,420
79,29.0,5:30,0.0,,2.0,0.0,0.0,0.0,0.0,1.0,452
79,30.0,6:07,0.0,,0.0,0.0,0.0,0.0,0.0,-3.0,474
79,31.0,4:20,0.0,,1.0,0.0,0.0,0.0,0.0,-15.0,490
79,32.0,21:42,0.4,,5.0,0.0,2.0,0.0,4.0,-14.0,495
79,33.0,30:55,0.25,,10.0,0.0,0.0,4.0,3.0,-2.0,517
79,34.0,25:47,0.25,,2.0,0.0,0.0,1.0,2.0,-17.0,530
79,35.0,3:58,0.0,,3.0,0.0,0.0,0.0,0.0,-5.0,542
79,no play,,,,,,,,,,559
79,no play,,,,,,,,,,567
79,no play,,,,,,,,,,577
79,36.0,10:50,0.0,,1.0,0.0,0.0,2.0,0.0,2.0,598
79,37.0,12:42,0.667,,4.0,0.0,1.0,1.0,4.0,-21.0,612
79,38.0,14:43,0.4,,2.0,0.0,1.0,3.0,4.0,14.0,627
79,39.0,10:46,0.5,,1.0,0.0,0.0,1.0,2.0,-8.0,632
79,40.0,18:34,0.5,,4.0,1.0,2.0,1.0,2.0,-13.0,647
79,no play,,,,,,,,,,668
79,no play,,,,,,,,,,679
79,no play,,,,,,,,,,690
79,41.0,9:51,0.5,,3.0,0.0,0.0,1.0,4.0,-3.0,702
79,42.0,10:32,0.667,,0.0,0.0,0.0,1.0,4.0,-13.0,720
79,43.0,7:29,0.5,,5.0,0.0,0.0,1.0,4.0,-6.0,731
79,no play,,,,,,,,,,738
79,44.0,9:31,1.0,,3.0,0.0,0.0,0.0,5.0,-10.0,752
79,45.0,29:19,0.5,,7.0,0.0,1.0,0.0,6.0,15.0,771
79,46.0,15:47,0.25,,4.0,0.0,1.0,0.0,2.0,4.0,777
79,47.0,19:36,0.5,,5.0,0.0,0.0,2.0,3.0,-9.0,796
79,no play,,,,,,,,,,824
79,48.0,4:30,0.5,,0.0,0.0,0.0,0.0,2.0,-12.0,837
79,no play,,,,,,,,,,843
79,no play,,,,,,,,,,1234
79,no play,,,,,,,,,,1254
79,no play,,,,,,,,,,1258
79,49.0,1:39,,,1.0,1.0,1.0,0.0,0.0,8.0,857
79,no play,,,,,,,,,,871
79,no play,,,,,,,,,,881
79,no play,,,,,,,,,,913
79,no play,,,,,,,,,,929
79,50.0,8:59,0.5,0.0,5.0,1.0,1.0,1.0,4.0,5.0,939
79,51.0,3:09,0.0,,1.0,0.0,0.0,0.0,0.0,1.0,952
79,52.0,6:04,1.0,1.0,0.0,0.0,0.0,1.0,7.0,10.0,975
79,no play,,,,,,,,,,983
79,no play,,,,,,,,,,1000
79,no play,,,,,,,,,,1011
79,no play,,,,,,,,,,1028
79,no play,,,,,,,,,,1044
79,53.0,1:53,0.0,,2.0,0.0,0.0,1.0,0.0,1.0,1057
79,no play,,,,,,,,,,1074
79,no play,,,,,,,,,,1086
79,54.0,3:15,,,0.0,0.0,0.0,0.0,0.0,-7.0,1108
79,no play,,,,,,,,,,1118
79,no play,,,,,,,,,,1127
79,no play,,,,,,,,,,1141
79,no play,,,,,,,,,,1157
79,55.0,28:16,0.5,0.0,10.0,0.0,1.0,0.0,8.0,22.0,1179
