Player_ID,G,MP,FG%,3P%,TRB,AST,STL,BLK,PTS,+/-,Game_ID
349,no play,,,,,,,,,,9
349,no play,,,,,,,,,,19
349,no play,,,,,,,,,,36
349,no play,,,,,,,,,,42
349,no play,,,,,,,,,,54
349,no play,,,,,,,,,,80
349,no play,,,,,,,,,,90
349,no play,,,,,,,,,,110
349,no play,,,,,,,,,,130
349,no play,,,,,,,,,,145
349,no play,,,,,,,,,,160
349,1.0,24:33,0.625,0.5,2.0,3.0,0.0,3.0,11.0,11.0,167
349,2.0,26:56,0.33299999999999996,0.5,1.0,6.0,3.0,0.0,5.0,10.0,180
349,3.0,23:24,0.5710000000000001,0.5,1.0,1.0,1.0,0.0,9.0,-14.0,199
349,4.0,35:03,0.667,0.667,10.0,4.0,1.0,0.0,10.0,-2.0,215
349,5.0,31:07,0.4,0.5,7.0,6.0,2.0,0.0,7.0,21.0,250
349,6.0,34:54,0.0,0.0,2.0,4.0,0.0,2.0,1.0,16.0,262
349,7.0,21:54,0.4,0.0,6.0,3.0,0.0,0.0,6.0,-5.0,276
349,8.0,28:58,0.16699999999999998,0.33299999999999996,7.0,2.0,4.0,0.0,3.0,21.0,291
349,9.0,28:17,0.444,0.4,3.0,5.0,1.0,2.0,11.0,23.0,300
349,10.0,32:26,0.5,0.33299999999999996,5.0,4.0,1.0,0.0,9.0,-3.0,321
349,11.0,31:48,0.444,0.33299999999999996,7.0,12.0,3.0,0.0,10.0,30.0,1197
349,12.0,31:41,0.125,0.2,12.0,5.0,2.0,0.0,3.0,8.0,341
349,13.0,28:31,0.7140000000000001,0.667,7.0,2.0,1.0,0.0,15.0,10.0,352
349,14.0,32:06,0.364,0.429,5.0,5.0,1.0,1.0,11.0,3.0,364
349,15.0,28:57,0.444,0.33299999999999996,4.0,7.0,1.0,0.0,10.0,31.0,380
349,16.0,34:05,0.5,0.375,11.0,8.0,1.0,0.0,13.0,10.0,395
349,17.0,43:15,0.33299999999999996,,10.0,4.0,2.0,0.0,6.0,5.0,403
349,18.0,32:04,0.28600000000000003,0.0,8.0,1.0,2.0,1.0,4.0,-10.0,425
349,19.0,33:07,0.636,0.667,9.0,9.0,0.0,1.0,18.0,15.0,435
349,20.0,33:20,0.364,0.33299999999999996,6.0,1.0,2.0,0.0,13.0,-10.0,448
349,21.0,26:15,0.4,0.75,7.0,2.0,3.0,0.0,11.0,14.0,472
349,no play,,,,,,,,,,479
349,22.0,32:46,0.556,0.5,7.0,3.0,1.0,0.0,15.0,7.0,501
349,no play,,,,,,,,,,510
349,no play,,,,,,,,,,523
349,23.0,31:01,0.667,0.75,8.0,3.0,2.0,0.0,11.0,1.0,545
349,24.0,31:28,0.778,0.75,9.0,3.0,3.0,0.0,17.0,6.0,550
349,25.0,32:09,0.33299999999999996,0.0,2.0,7.0,0.0,1.0,6.0,-4.0,567
349,26.0,32:07,0.2,0.25,8.0,5.0,0.0,0.0,8.0,6.0,579
349,27.0,33:32,0.0,0.0,3.0,4.0,3.0,1.0,0.0,-3.0,587
349,28.0,32:55,0.429,0.0,2.0,3.0,3.0,1.0,6.0,-10.0,600
349,29.0,26:57,0.545,0.5710000000000001,7.0,6.0,2.0,0.0,16.0,36.0,614
349,30.0,33:22,0.556,0.0,7.0,3.0,2.0,0.0,12.0,-11.0,628
349,31.0,34:25,0.5,0.5,9.0,5.0,3.0,2.0,12.0,12.0,637
349,32.0,23:58,0.5,0.75,3.0,2.0,1.0,0.0,13.0,-20.0,651
349,33.0,30:15,0.3,0.2,7.0,4.0,1.0,0.0,7.0,1.0,661
349,34.0,33:23,0.7,0.5710000000000001,0.0,3.0,1.0,0.0,18.0,-25.0,675
349,35.0,32:02,0.16699999999999998,0.0,2.0,8.0,2.0,1.0,3.0,-14.0,686
349,36.0,33:16,0.4,0.33299999999999996,3.0,6.0,0.0,0.0,7.0,5.0,707
349,37.0,32:52,0.25,0.25,4.0,5.0,1.0,1.0,7.0,0.0,718
349,38.0,32:18,0.2,0.16699999999999998,5.0,5.0,0.0,1.0,5.0,15.0,732
349,39.0,30:31,0.375,0.33299999999999996,6.0,1.0,1.0,0.0,9.0,-14.0,749
349,40.0,32:12,0.375,0.4,7.0,7.0,2.0,0.0,9.0,7.0,755
349,41.0,28:59,0.545,0.2,6.0,7.0,1.0,0.0,14.0,7.0,786
349,42.0,31:53,0.467,0.375,2.0,3.0,3.0,0.0,17.0,11.0,800
349,43.0,25:17,0.6,1.0,9.0,5.0,2.0,0.0,19.0,36.0,820
349,44.0,12:43,0.4,,0.0,2.0,0.0,0.0,7.0,-2.0,847
349,45.0,30:05,0.33299999999999996,0.0,12.0,5.0,4.0,0.0,2.0,4.0,1228
349,46.0,28:59,0.4,0.429,4.0,7.0,3.0,1.0,15.0,19.0,1248
349,47.0,28:12,0.16699999999999998,0.0,6.0,4.0,3.0,0.0,2.0,14.0,1263
349,48.0,32:22,0.444,0.5,12.0,4.0,1.0,0.0,14.0,32.0,865
349,49.0,32:16,0.6,0.667,5.0,5.0,3.0,1.0,12.0,15.0,885
349,50.0,32:55,0.444,0.6,10.0,1.0,1.0,1.0,11.0,3.0,902
349,51.0,33:34,0.14300000000000002,0.25,2.0,3.0,3.0,1.0,3.0,3.0,914
349,52.0,28:42,0.0,0.0,6.0,4.0,1.0,2.0,3.0,25.0,926
349,53.0,34:00,0.4,0.5,3.0,4.0,2.0,0.0,13.0,-3.0,949
349,54.0,26:59,0.2,0.25,4.0,5.0,1.0,0.0,9.0,20.0,970
349,55.0,30:52,0.222,0.25,7.0,1.0,0.0,0.0,7.0,-6.0,984
349,56.0,30:39,0.14300000000000002,0.0,5.0,2.0,1.0,0.0,3.0,-1.0,994
349,57.0,32:27,0.556,0.8,6.0,3.0,1.0,0.0,14.0,0.0,1008
349,58.0,31:25,0.545,0.5710000000000001,6.0,2.0,1.0,0.0,17.0,2.0,1039
349,59.0,28:24,0.0,0.0,2.0,5.0,1.0,0.0,0.0,6.0,1051
349,60.0,31:14,0.444,0.0,1.0,1.0,1.0,0.0,10.0,3.0,1068
349,61.0,33:13,0.33299999999999996,0.0,8.0,3.0,0.0,0.0,9.0,-23.0,1085
349,62.0,30:10,0.4,0.6,3.0,2.0,0.0,0.0,11.0,-2.0,1096
349,63.0,35:02,0.579,0.444,8.0,9.0,1.0,0.0,26.0,14.0,1113
349,64.0,32:40,0.444,0.0,11.0,1.0,2.0,0.0,9.0,-1.0,1129
349,65.0,31:10,0.33299999999999996,0.33299999999999996,13.0,5.0,0.0,1.0,6.0,-9.0,1143
349,66.0,28:49,0.667,0.5,3.0,4.0,1.0,0.0,9.0,-7.0,1161
349,no play,,,,,,,,,,1171
349,67.0,30:48,0.33299999999999996,0.33299999999999996,10.0,7.0,3.0,0.0,10.0,13.0,1185
