Player_ID,G,MP,FG%,3P%,TRB,AST,STL,BLK,PTS,+/-,Game_ID
291,1.0,42:46,0.5,0.8,8.0,6.0,0.0,0.0,25.0,24.0,1
291,2.0,36:07,0.364,0.25,9.0,2.0,2.0,0.0,22.0,-4.0,15
291,3.0,23:37,0.667,0.8,1.0,3.0,1.0,0.0,20.0,-6.0,26
291,4.0,37:15,0.5,0.4,7.0,1.0,4.0,1.0,30.0,11.0,43
291,5.0,37:19,0.45,0.5,5.0,1.0,1.0,3.0,23.0,-17.0,62
291,6.0,28:48,0.5,0.6,6.0,3.0,2.0,0.0,13.0,11.0,79
291,7.0,32:57,0.33299999999999996,0.16699999999999998,7.0,6.0,2.0,0.0,10.0,-15.0,91
291,8.0,31:39,0.591,0.28600000000000003,7.0,3.0,1.0,0.0,28.0,11.0,106
291,9.0,40:29,0.45,0.25,8.0,4.0,2.0,0.0,26.0,-17.0,117
291,no play,,,,,,,,,,126
291,10.0,34:10,0.313,0.2,6.0,5.0,2.0,1.0,13.0,11.0,141
291,11.0,36:44,0.444,0.33299999999999996,11.0,5.0,2.0,1.0,21.0,24.0,156
291,no play,,,,,,,,,,171
291,no play,,,,,,,,,,191
291,no play,,,,,,,,,,198
291,12.0,37:35,0.273,0.182,6.0,3.0,3.0,0.0,18.0,2.0,212
291,no play,,,,,,,,,,245
291,no play,,,,,,,,,,260
291,no play,,,,,,,,,,285
291,13.0,33:55,0.462,0.5,7.0,5.0,3.0,0.0,16.0,-6.0,313
291,14.0,31:20,0.33299999999999996,0.0,10.0,3.0,1.0,0.0,21.0,-33.0,324
291,15.0,37:50,0.444,0.2,13.0,1.0,3.0,0.0,25.0,11.0,1200
291,16.0,39:57,0.5,0.75,7.0,0.0,2.0,0.0,22.0,-11.0,343
291,17.0,35:57,0.48100000000000004,0.5,5.0,3.0,3.0,0.0,37.0,6.0,348
291,18.0,36:08,0.529,0.429,5.0,3.0,1.0,0.0,22.0,25.0,361
291,19.0,38:29,0.364,0.364,7.0,3.0,0.0,0.0,22.0,3.0,377
291,20.0,36:23,0.462,0.667,5.0,4.0,2.0,0.0,18.0,-6.0,385
291,21.0,33:44,0.524,0.33299999999999996,7.0,2.0,2.0,1.0,26.0,13.0,400
291,22.0,40:02,0.47600000000000003,0.33299999999999996,8.0,2.0,1.0,0.0,27.0,0.0,413
291,23.0,36:17,0.353,0.0,5.0,3.0,2.0,0.0,16.0,-9.0,421
291,24.0,41:07,0.313,0.0,8.0,5.0,2.0,0.0,19.0,-5.0,437
291,25.0,39:29,0.429,0.2,3.0,8.0,1.0,0.0,14.0,-8.0,470
291,26.0,36:58,0.5,0.6,3.0,4.0,1.0,0.0,34.0,7.0,481
291,27.0,36:31,0.5,0.3,4.0,1.0,2.0,0.0,32.0,18.0,497
291,28.0,30:54,0.385,0.6,5.0,3.0,0.0,0.0,19.0,13.0,515
291,29.0,35:46,0.588,0.667,6.0,2.0,0.0,2.0,32.0,-6.0,528
291,30.0,30:51,0.556,0.5,1.0,3.0,3.0,0.0,26.0,34.0,541
291,31.0,28:16,0.43799999999999994,0.25,3.0,4.0,2.0,0.0,19.0,10.0,557
291,32.0,31:18,0.16699999999999998,0.33299999999999996,4.0,3.0,4.0,0.0,10.0,-31.0,591
291,33.0,34:21,0.353,0.33299999999999996,5.0,6.0,2.0,0.0,19.0,20.0,621
291,34.0,41:40,0.5329999999999999,0.4,4.0,3.0,1.0,0.0,24.0,6.0,640
291,35.0,36:12,0.5329999999999999,0.429,6.0,2.0,2.0,1.0,21.0,-15.0,654
291,36.0,29:07,0.5,0.6,4.0,2.0,0.0,0.0,19.0,-15.0,664
291,37.0,38:35,0.45799999999999996,0.3,7.0,3.0,2.0,0.0,31.0,1.0,677
291,38.0,36:36,0.545,0.75,4.0,5.0,1.0,0.0,32.0,10.0,696
291,39.0,44:55,0.444,0.2,4.0,3.0,2.0,0.0,33.0,10.0,699
291,40.0,36:30,0.565,0.429,9.0,3.0,1.0,1.0,33.0,26.0,718
291,41.0,33:27,0.214,0.16699999999999998,7.0,3.0,0.0,0.0,8.0,3.0,736
291,42.0,36:39,0.409,0.2,11.0,3.0,2.0,3.0,24.0,17.0,753
291,43.0,32:06,0.643,0.5,3.0,4.0,1.0,0.0,21.0,22.0,763
291,44.0,33:11,0.35,0.222,8.0,4.0,2.0,0.0,21.0,0.0,776
291,45.0,37:49,0.474,0.4,8.0,6.0,2.0,1.0,22.0,-10.0,789
291,46.0,35:36,0.522,0.33299999999999996,4.0,2.0,0.0,1.0,31.0,-18.0,811
291,47.0,37:32,0.364,0.667,8.0,3.0,0.0,0.0,13.0,-6.0,815
291,48.0,37:28,0.5329999999999999,0.5710000000000001,6.0,3.0,0.0,0.0,27.0,-12.0,827
291,49.0,36:00,0.21100000000000002,0.5,7.0,3.0,0.0,0.0,13.0,-10.0,841
291,50.0,37:12,0.33299999999999996,0.14300000000000002,7.0,3.0,2.0,0.0,17.0,-17.0,854
291,51.0,33:56,0.25,0.2,9.0,4.0,1.0,0.0,9.0,15.0,1233
291,52.0,19:14,0.375,0.0,1.0,1.0,0.0,0.0,10.0,-10.0,1245
291,53.0,29:50,0.313,0.33299999999999996,7.0,5.0,3.0,1.0,15.0,-5.0,1263
291,54.0,33:39,0.278,0.28600000000000003,6.0,2.0,1.0,0.0,22.0,5.0,863
291,55.0,38:26,0.632,0.667,5.0,4.0,1.0,0.0,34.0,-1.0,888
291,56.0,36:27,0.6,0.429,10.0,5.0,0.0,0.0,36.0,0.0,901
291,57.0,29:04,0.583,0.6,8.0,2.0,0.0,0.0,21.0,19.0,916
291,58.0,42:23,0.35700000000000004,0.0,11.0,6.0,2.0,0.0,18.0,-9.0,927
291,59.0,37:15,0.474,0.25,10.0,1.0,1.0,1.0,28.0,4.0,947
291,60.0,38:23,0.409,0.375,10.0,2.0,0.0,0.0,22.0,-2.0,961
291,61.0,33:04,0.7140000000000001,0.6,5.0,3.0,3.0,0.0,39.0,27.0,965
291,62.0,31:27,0.5,0.25,4.0,2.0,1.0,0.0,18.0,-17.0,1000
291,63.0,36:11,0.3,0.28600000000000003,8.0,5.0,2.0,2.0,19.0,10.0,1006
291,64.0,42:20,0.423,0.385,5.0,2.0,3.0,1.0,37.0,-4.0,1020
291,65.0,34:33,0.556,0.8,9.0,3.0,3.0,1.0,27.0,-14.0,1035
291,66.0,34:41,0.41200000000000003,0.14300000000000002,8.0,3.0,1.0,0.0,21.0,23.0,1052
291,67.0,39:29,0.5710000000000001,0.5710000000000001,7.0,2.0,4.0,1.0,37.0,-3.0,1064
291,68.0,36:08,0.47100000000000003,0.5,2.0,4.0,2.0,2.0,22.0,-16.0,1076
291,69.0,39:19,0.455,0.4,9.0,3.0,1.0,0.0,28.0,-12.0,1086
291,70.0,48:01,0.485,0.375,9.0,9.0,3.0,1.0,43.0,17.0,1111
291,71.0,39:39,0.48,0.5,10.0,3.0,2.0,0.0,35.0,19.0,1118
291,72.0,34:43,0.643,0.33299999999999996,10.0,1.0,5.0,0.0,23.0,19.0,1136
291,73.0,39:30,0.636,0.444,7.0,6.0,0.0,0.0,37.0,7.0,1151
291,74.0,36:29,0.55,0.375,2.0,5.0,2.0,1.0,27.0,14.0,1164
291,75.0,39:40,0.5710000000000001,0.5,11.0,3.0,1.0,0.0,32.0,15.0,1187
