Player_ID,G,MP,FG%,3P%,TRB,AST,STL,BLK,PTS,+/-,Game_ID
17,1.0,0:56,,,0.0,0.0,0.0,0.0,0.0,-4.0,1
17,2.0,7:44,0.2,0.33299999999999996,1.0,0.0,0.0,0.0,3.0,-5.0,19
17,no play,,,,,,,,,,36
17,3.0,1:50,0.0,0.0,1.0,0.0,0.0,0.0,0.0,-1.0,58
17,4.0,11:06,0.33299999999999996,0.0,3.0,0.0,0.0,0.0,2.0,0.0,72
17,no play,,,,,,,,,,86
17,no play,,,,,,,,,,100
17,5.0,24:22,0.33299999999999996,0.0,3.0,0.0,0.0,0.0,6.0,-17.0,112
17,6.0,1:57,0.5,,0.0,0.0,0.0,0.0,2.0,0.0,142
17,no play,,,,,,,,,,157
17,7.0,1:18,1.0,1.0,1.0,0.0,0.0,0.0,4.0,7.0,578
17,no play,,,,,,,,,,592
17,8.0,5:11,1.0,1.0,2.0,0.0,0.0,0.0,9.0,1.0,598
17,9.0,20:26,0.33299999999999996,0.5,4.0,0.0,0.0,2.0,7.0,-4.0,614
17,10.0,3:17,0.5,,1.0,0.0,0.0,0.0,5.0,5.0,627
17,11.0,21:37,0.6,0.5,8.0,1.0,0.0,0.0,12.0,16.0,650
17,12.0,17:04,0.7140000000000001,0.75,4.0,1.0,2.0,1.0,14.0,-3.0,657
17,13.0,10:32,0.0,0.0,0.0,0.0,1.0,0.0,0.0,-8.0,671
17,14.0,5:52,0.667,1.0,0.0,0.0,0.0,0.0,7.0,-2.0,687
17,15.0,17:55,0.75,1.0,5.0,0.0,0.0,1.0,7.0,-5.0,700
17,16.0,16:34,0.33299999999999996,0.5,2.0,0.0,0.0,1.0,5.0,-10.0,715
17,no play,,,,,,,,,,725
17,no play,,,,,,,,,,739
17,17.0,12:33,0.28600000000000003,0.4,3.0,0.0,0.0,2.0,8.0,-3.0,753
17,18.0,2:00,0.0,0.0,1.0,0.0,0.0,0.0,0.0,-3.0,771
17,no play,,,,,,,,,,785
17,no play,,,,,,,,,,790
17,no play,,,,,,,,,,805
17,no play,,,,,,,,,,828
17,no play,,,,,,,,,,844
17,no play,,,,,,,,,,1240
17,no play,,,,,,,,,,1249
17,19.0,11:03,0.5,0.5,3.0,0.0,0.0,1.0,4.0,7.0,866
17,20.0,18:17,0.7140000000000001,0.667,2.0,0.0,1.0,0.0,18.0,2.0,876
17,21.0,17:06,0.5,0.5,1.0,0.0,0.0,0.0,7.0,-9.0,887
17,22.0,14:37,0.4,0.25,2.0,0.0,0.0,1.0,5.0,-3.0,900
17,23.0,22:07,0.33299999999999996,0.25,7.0,1.0,1.0,3.0,7.0,1.0,910
17,24.0,23:04,0.7140000000000001,1.0,4.0,1.0,1.0,0.0,12.0,-12.0,931
17,25.0,18:37,0.667,1.0,6.0,1.0,0.0,0.0,12.0,6.0,946
17,26.0,18:57,0.0,0.0,4.0,2.0,1.0,1.0,0.0,-17.0,960
17,27.0,22:57,0.5,0.5,5.0,1.0,0.0,0.0,9.0,-4.0,976
17,28.0,32:02,0.273,0.25,8.0,3.0,1.0,0.0,10.0,-6.0,982
17,29.0,21:12,0.4,0.667,3.0,0.0,0.0,0.0,11.0,-9.0,996
17,30.0,23:03,0.5,0.5,4.0,1.0,0.0,0.0,7.0,3.0,1012
17,31.0,25:37,0.375,0.25,3.0,4.0,2.0,0.0,12.0,31.0,1027
17,32.0,10:36,0.0,0.0,5.0,0.0,0.0,1.0,0.0,-10.0,1032
17,33.0,22:23,0.5,0.33299999999999996,5.0,0.0,3.0,0.0,6.0,15.0,1048
17,34.0,13:45,0.0,0.0,1.0,0.0,0.0,0.0,1.0,-8.0,1065
17,no play,,,,,,,,,,1081
17,no play,,,,,,,,,,1099
17,35.0,16:10,0.0,0.0,5.0,0.0,0.0,0.0,0.0,3.0,1109
17,36.0,12:56,0.4,0.33299999999999996,3.0,0.0,0.0,0.0,5.0,13.0,1115
17,37.0,23:01,0.25,0.0,5.0,2.0,0.0,1.0,2.0,4.0,1135
17,38.0,8:05,0.2,0.25,0.0,0.0,1.0,0.0,3.0,-9.0,1149
17,no play,,,,,,,,,,1165
17,no play,,,,,,,,,,1183
