Player_ID,G,MP,FG%,3P%,TRB,AST,STL,BLK,PTS,+/-,Game_ID
247,1.0,12:56,0.5,,0.0,0.0,0.0,0.0,4.0,-5.0,4
247,2.0,16:54,0.111,0.0,4.0,4.0,0.0,0.0,3.0,9.0,18
247,3.0,18:04,0.5,1.0,3.0,3.0,1.0,0.0,7.0,3.0,23
247,4.0,22:08,0.33299999999999996,0.0,3.0,7.0,1.0,0.0,4.0,-5.0,52
247,5.0,20:54,0.14300000000000002,0.0,2.0,4.0,0.0,0.0,6.0,-7.0,68
247,6.0,21:26,0.429,0.0,1.0,7.0,1.0,0.0,10.0,1.0,91
247,7.0,15:31,0.2,,1.0,2.0,0.0,0.0,4.0,3.0,104
247,8.0,15:33,0.25,0.5,1.0,2.0,0.0,0.0,3.0,-8.0,119
247,9.0,16:59,0.429,,0.0,4.0,1.0,0.0,6.0,-6.0,136
247,10.0,13:22,0.0,0.0,1.0,3.0,1.0,0.0,2.0,-13.0,151
247,11.0,14:50,0.4,1.0,0.0,1.0,0.0,1.0,6.0,-2.0,170
247,12.0,20:48,0.429,0.0,0.0,7.0,3.0,0.0,6.0,1.0,181
247,13.0,13:31,0.0,,2.0,2.0,0.0,1.0,0.0,-3.0,197
247,14.0,16:21,0.75,1.0,0.0,4.0,1.0,0.0,7.0,2.0,209
247,15.0,24:55,0.444,0.0,3.0,3.0,1.0,0.0,8.0,2.0,239
247,16.0,15:26,0.667,0.5,2.0,3.0,0.0,0.0,9.0,-5.0,252
247,17.0,11:51,0.33299999999999996,,2.0,2.0,1.0,0.0,5.0,5.0,268
247,18.0,12:46,0.5,,1.0,3.0,0.0,0.0,7.0,-5.0,271
247,19.0,15:25,1.0,,0.0,3.0,0.0,0.0,8.0,7.0,286
247,20.0,15:40,0.4,0.0,0.0,2.0,1.0,0.0,9.0,-10.0,302
247,21.0,13:14,0.0,,1.0,2.0,0.0,0.0,7.0,6.0,322
247,22.0,14:09,0.2,0.0,0.0,1.0,1.0,0.0,4.0,2.0,1192
247,23.0,17:52,0.625,1.0,3.0,1.0,0.0,1.0,12.0,10.0,337
247,24.0,18:20,0.33299999999999996,0.5,2.0,1.0,1.0,0.0,7.0,-16.0,349
247,25.0,12:47,0.5,0.5,0.0,2.0,1.0,0.0,8.0,-1.0,361
247,26.0,12:23,0.33299999999999996,1.0,1.0,1.0,3.0,0.0,4.0,-2.0,375
247,27.0,32:12,0.313,0.33299999999999996,5.0,6.0,0.0,0.0,13.0,4.0,391
247,28.0,14:00,0.5,0.0,3.0,3.0,1.0,0.0,6.0,9.0,401
247,29.0,6:49,0.5,,0.0,4.0,0.0,0.0,2.0,-10.0,419
247,30.0,15:31,0.4,0.0,1.0,3.0,0.0,0.0,5.0,0.0,442
247,31.0,15:18,0.33299999999999996,0.33299999999999996,0.0,4.0,0.0,0.0,9.0,-4.0,468
247,32.0,21:39,0.556,1.0,4.0,1.0,1.0,0.0,13.0,4.0,482
247,33.0,18:24,0.33299999999999996,0.0,1.0,1.0,0.0,0.0,9.0,-3.0,491
247,34.0,17:15,0.2,0.0,5.0,1.0,0.0,0.0,4.0,-3.0,509
247,35.0,16:12,0.667,,1.0,3.0,1.0,0.0,6.0,6.0,522
247,36.0,15:01,0.6,0.5,2.0,3.0,0.0,0.0,9.0,2.0,534
247,37.0,22:05,0.375,0.0,1.0,3.0,1.0,0.0,6.0,2.0,543
247,38.0,14:54,0.16699999999999998,0.0,1.0,2.0,0.0,0.0,3.0,-26.0,563
247,39.0,14:12,0.4,1.0,1.0,1.0,0.0,0.0,5.0,-15.0,579
247,40.0,8:48,0.2,0.0,1.0,0.0,1.0,0.0,4.0,-5.0,597
247,41.0,16:20,0.75,,1.0,4.0,1.0,0.0,6.0,2.0,623
247,42.0,18:00,0.25,0.0,4.0,5.0,1.0,0.0,4.0,15.0,634
247,43.0,20:50,0.5,1.0,1.0,1.0,1.0,0.0,10.0,9.0,647
247,44.0,19:13,0.375,0.75,2.0,2.0,0.0,0.0,17.0,-5.0,657
247,45.0,14:18,0.5,0.5,1.0,3.0,1.0,0.0,9.0,-6.0,670
247,46.0,9:55,0.0,0.0,0.0,0.0,0.0,0.0,0.0,-13.0,692
247,47.0,14:11,0.33299999999999996,,2.0,0.0,0.0,0.0,4.0,-6.0,703
247,48.0,20:46,0.667,1.0,2.0,0.0,0.0,0.0,5.0,2.0,709
247,49.0,13:00,0.0,,1.0,2.0,0.0,0.0,6.0,-9.0,734
247,50.0,7:42,0.0,0.0,0.0,3.0,0.0,0.0,1.0,1.0,747
247,no play,,,,,,,,,,766
247,no play,,,,,,,,,,785
247,no play,,,,,,,,,,800
247,no play,,,,,,,,,,814
247,no play,,,,,,,,,,826
247,no play,,,,,,,,,,843
247,no play,,,,,,,,,,1227
247,no play,,,,,,,,,,1242
247,no play,,,,,,,,,,1257
247,no play,,,,,,,,,,1270
247,no play,,,,,,,,,,868
247,no play,,,,,,,,,,884
247,no play,,,,,,,,,,901
247,no play,,,,,,,,,,911
247,no play,,,,,,,,,,925
247,no play,,,,,,,,,,936
247,no play,,,,,,,,,,951
247,no play,,,,,,,,,,965
247,no play,,,,,,,,,,990
247,no play,,,,,,,,,,1004
247,no play,,,,,,,,,,1019
247,no play,,,,,,,,,,1033
247,no play,,,,,,,,,,1047
247,no play,,,,,,,,,,1063
247,no play,,,,,,,,,,1074
247,no play,,,,,,,,,,1087
247,no play,,,,,,,,,,1103
247,no play,,,,,,,,,,1116
247,no play,,,,,,,,,,1126
247,no play,,,,,,,,,,1150
247,no play,,,,,,,,,,1168
247,no play,,,,,,,,,,1173
