Player_ID,G,MP,FG%,3P%,TRB,AST,STL,BLK,PTS,+/-,Game_ID
289,1.0,16:10,0.667,,1.0,1.0,1.0,0.0,4.0,17.0,13
289,2.0,19:04,0.33299999999999996,0.0,2.0,2.0,0.0,0.0,4.0,-1.0,31
289,3.0,18:03,0.33299999999999996,1.0,1.0,0.0,0.0,1.0,4.0,-3.0,41
289,4.0,15:30,0.6,1.0,2.0,1.0,1.0,0.0,7.0,1.0,60
289,5.0,17:50,0.5,0.667,2.0,3.0,0.0,0.0,8.0,-2.0,70
289,6.0,18:59,0.667,1.0,1.0,3.0,1.0,1.0,5.0,-1.0,82
289,7.0,23:19,0.6,1.0,4.0,3.0,2.0,2.0,10.0,-1.0,94
289,8.0,23:50,0.16699999999999998,0.0,0.0,2.0,2.0,0.0,2.0,-1.0,111
289,9.0,11:24,0.0,,0.0,0.0,1.0,0.0,0.0,-5.0,122
289,10.0,12:43,1.0,1.0,2.0,0.0,0.0,0.0,7.0,-14.0,131
289,11.0,21:37,0.667,0.75,0.0,1.0,2.0,0.0,11.0,-3.0,148
289,12.0,14:16,0.4,,4.0,1.0,0.0,1.0,4.0,-8.0,163
289,13.0,13:01,0.33299999999999996,0.33299999999999996,0.0,0.0,0.0,0.0,3.0,-2.0,179
289,14.0,10:11,0.25,0.0,2.0,2.0,1.0,0.0,2.0,2.0,188
289,15.0,12:52,0.33299999999999996,1.0,2.0,1.0,0.0,1.0,3.0,0.0,203
289,16.0,22:22,0.4,0.0,4.0,4.0,0.0,0.0,4.0,5.0,216
289,17.0,13:49,1.0,,1.0,1.0,0.0,0.0,4.0,-2.0,241
289,18.0,17:55,0.0,0.0,1.0,0.0,1.0,0.0,0.0,-8.0,260
289,19.0,13:30,0.5,0.33299999999999996,2.0,1.0,2.0,0.0,7.0,-5.0,272
289,20.0,19:17,0.429,0.5,3.0,1.0,0.0,1.0,7.0,1.0,289
289,21.0,26:02,0.5,0.667,2.0,3.0,1.0,0.0,12.0,2.0,297
289,22.0,13:35,0.4,0.0,2.0,0.0,0.0,0.0,4.0,-17.0,313
289,no play,,,,,,,,,,1201
289,no play,,,,,,,,,,355
289,23.0,23:56,0.5,0.667,0.0,1.0,2.0,1.0,10.0,1.0,366
289,24.0,16:58,0.33299999999999996,0.0,1.0,1.0,1.0,0.0,6.0,5.0,376
289,25.0,16:36,0.33299999999999996,,3.0,2.0,0.0,0.0,6.0,3.0,397
289,26.0,10:58,0.0,,2.0,1.0,0.0,0.0,0.0,0.0,406
289,27.0,19:04,0.5710000000000001,0.0,3.0,2.0,2.0,0.0,8.0,-10.0,426
289,28.0,23:01,0.667,0.0,4.0,3.0,0.0,0.0,13.0,1.0,441
289,29.0,34:12,0.273,0.33299999999999996,4.0,2.0,1.0,0.0,8.0,-3.0,455
289,30.0,37:36,0.4,0.0,10.0,6.0,2.0,2.0,8.0,-2.0,465
289,31.0,30:56,0.35700000000000004,0.0,4.0,3.0,0.0,0.0,10.0,-2.0,475
289,32.0,21:47,0.2,0.25,1.0,3.0,2.0,0.0,3.0,3.0,486
289,33.0,31:08,0.5,0.5710000000000001,5.0,8.0,1.0,0.0,26.0,-12.0,501
289,34.0,31:40,0.444,0.5,2.0,4.0,1.0,0.0,9.0,-7.0,512
289,35.0,36:58,0.385,0.0,4.0,5.0,1.0,2.0,16.0,6.0,524
289,36.0,36:53,0.444,,4.0,6.0,4.0,0.0,11.0,9.0,538
289,37.0,20:34,0.33299999999999996,1.0,3.0,2.0,0.0,1.0,5.0,10.0,556
289,38.0,36:48,0.273,0.16699999999999998,7.0,5.0,2.0,0.0,7.0,8.0,566
289,39.0,16:59,0.667,0.0,3.0,0.0,0.0,1.0,8.0,-1.0,589
289,40.0,25:10,0.636,0.5,2.0,4.0,0.0,1.0,15.0,6.0,606
289,41.0,27:02,1.0,,3.0,6.0,1.0,1.0,15.0,4.0,626
289,42.0,34:09,0.41700000000000004,0.0,4.0,8.0,2.0,0.0,10.0,1.0,645
289,43.0,29:40,0.353,0.33299999999999996,3.0,3.0,0.0,0.0,14.0,-20.0,663
289,44.0,29:51,0.462,0.5,5.0,3.0,0.0,0.0,14.0,5.0,672
289,45.0,16:53,0.33299999999999996,0.0,1.0,3.0,1.0,0.0,2.0,-12.0,680
289,46.0,27:51,0.25,0.4,7.0,5.0,0.0,1.0,10.0,-31.0,712
289,47.0,30:14,0.5,0.667,5.0,1.0,0.0,0.0,18.0,15.0,745
289,48.0,33:22,0.5,0.0,4.0,5.0,1.0,1.0,9.0,-12.0,751
289,49.0,24:51,0.6,0.6,5.0,4.0,0.0,0.0,16.0,-1.0,772
289,50.0,36:01,0.33299999999999996,0.33299999999999996,6.0,6.0,1.0,0.0,7.0,-22.0,777
289,51.0,20:54,0.16699999999999998,1.0,5.0,3.0,0.0,0.0,3.0,1.0,797
289,52.0,27:35,0.5710000000000001,0.33299999999999996,7.0,5.0,0.0,1.0,9.0,6.0,814
289,53.0,21:20,0.125,0.0,4.0,2.0,0.0,0.0,2.0,-13.0,834
289,54.0,27:06,0.833,0.5,4.0,3.0,5.0,0.0,11.0,5.0,852
289,55.0,23:49,0.5710000000000001,0.5,3.0,5.0,3.0,0.0,13.0,-1.0,1230
289,56.0,14:02,0.0,,0.0,0.0,1.0,0.0,0.0,-13.0,1241
289,57.0,12:29,0.0,0.0,2.0,1.0,1.0,0.0,0.0,-16.0,1257
289,58.0,18:48,0.625,0.0,5.0,1.0,1.0,0.0,12.0,0.0,865
289,59.0,14:58,0.4,0.0,2.0,2.0,0.0,0.0,4.0,-14.0,874
289,60.0,13:25,1.0,,0.0,0.0,0.0,0.0,2.0,-3.0,883
289,61.0,20:00,0.667,,3.0,5.0,2.0,2.0,9.0,17.0,905
289,62.0,16:27,0.33299999999999996,,0.0,1.0,2.0,0.0,2.0,-2.0,915
289,63.0,25:41,0.5,0.33299999999999996,4.0,2.0,0.0,0.0,11.0,7.0,921
289,64.0,21:59,0.5,0.0,1.0,0.0,2.0,0.0,6.0,13.0,934
289,65.0,14:10,0.5,0.0,2.0,0.0,0.0,0.0,4.0,-13.0,956
289,66.0,12:49,0.2,0.0,3.0,1.0,1.0,0.0,2.0,-7.0,973
289,67.0,15:03,0.0,,1.0,2.0,0.0,0.0,3.0,-21.0,978
289,68.0,22:28,0.4,0.0,0.0,5.0,1.0,0.0,4.0,15.0,991
289,69.0,19:31,0.0,0.0,5.0,2.0,2.0,0.0,2.0,-9.0,1010
289,70.0,22:59,0.5,,1.0,1.0,0.0,0.0,4.0,7.0,1018
289,71.0,16:13,0.0,0.0,7.0,3.0,0.0,0.0,0.0,-5.0,1029
289,72.0,16:28,0.5,,2.0,0.0,0.0,0.0,2.0,7.0,1042
289,73.0,24:28,0.33299999999999996,0.0,0.0,1.0,1.0,0.0,6.0,2.0,1049
289,74.0,11:39,0.5,,2.0,0.0,0.0,0.0,2.0,-5.0,1079
289,75.0,15:54,0.429,0.33299999999999996,2.0,3.0,0.0,0.0,7.0,-1.0,1084
289,76.0,19:02,0.125,0.0,2.0,1.0,1.0,1.0,2.0,-15.0,1097
289,77.0,16:16,0.5,0.0,0.0,1.0,1.0,0.0,6.0,-12.0,1133
289,78.0,17:30,0.6,,3.0,2.0,1.0,0.0,6.0,8.0,1154
289,79.0,23:21,0.5,0.0,4.0,5.0,0.0,0.0,4.0,3.0,1171
289,80.0,16:50,0.4,,1.0,2.0,1.0,0.0,4.0,1.0,1189
