Player_ID,G,MP,FG%,3P%,TRB,AST,STL,BLK,PTS,+/-,Game_ID
259,1.0,25:47,0.7140000000000001,0.667,4.0,1.0,2.0,0.0,13.0,17.0,
259,2.0,20:02,0.0,0.0,2.0,2.0,1.0,0.0,2.0,-2.0,14
259,3.0,23:07,0.5,0.0,3.0,0.0,1.0,0.0,6.0,4.0,25
259,4.0,19:35,0.5,0.0,3.0,2.0,0.0,0.0,4.0,5.0,42
259,5.0,14:20,0.5,0.0,3.0,0.0,0.0,0.0,2.0,-3.0,64
259,6.0,13:34,0.5,0.5,3.0,0.0,0.0,0.0,6.0,3.0,76
259,7.0,6:51,0.5,0.5,0.0,0.0,0.0,0.0,3.0,2.0,96
259,8.0,10:55,,,1.0,1.0,0.0,0.0,0.0,-1.0,118
259,9.0,26:00,0.2,0.0,8.0,2.0,0.0,0.0,2.0,12.0,136
259,10.0,26:03,0.4,0.5,0.0,1.0,0.0,0.0,5.0,10.0,149
259,11.0,19:52,0.33299999999999996,0.5,3.0,1.0,0.0,1.0,5.0,3.0,156
259,12.0,18:08,0.0,0.0,2.0,0.0,0.0,0.0,0.0,8.0,172
259,13.0,25:28,0.75,0.0,2.0,4.0,0.0,0.0,6.0,-1.0,211
259,14.0,8:53,0.5,0.5,2.0,0.0,0.0,0.0,5.0,10.0,238
259,15.0,28:00,0.16699999999999998,0.0,4.0,1.0,2.0,0.0,2.0,6.0,256
259,16.0,12:01,0.5,0.667,2.0,0.0,0.0,0.0,8.0,-6.0,273
259,17.0,22:14,0.667,0.667,4.0,0.0,0.0,0.0,12.0,-7.0,289
259,18.0,15:16,1.0,1.0,0.0,0.0,0.0,0.0,3.0,1.0,296
259,19.0,16:27,0.667,1.0,0.0,1.0,1.0,1.0,5.0,-3.0,315
259,20.0,17:33,0.4,0.5,3.0,0.0,0.0,0.0,5.0,1.0,1198
259,21.0,15:23,0.25,0.0,3.0,1.0,0.0,0.0,2.0,11.0,338
259,22.0,17:26,0.667,0.0,2.0,4.0,0.0,0.0,4.0,8.0,349
259,23.0,16:42,0.33299999999999996,0.0,2.0,1.0,0.0,0.0,2.0,5.0,368
259,24.0,9:32,0.33299999999999996,0.5,0.0,0.0,1.0,0.0,4.0,-4.0,379
259,25.0,18:10,0.5710000000000001,0.5,2.0,0.0,0.0,1.0,9.0,6.0,402
259,26.0,35:03,0.28600000000000003,0.2,2.0,0.0,1.0,0.0,8.0,-4.0,423
259,27.0,31:43,0.5,0.4,0.0,4.0,0.0,1.0,10.0,14.0,429
259,28.0,8:33,0.5,0.0,1.0,1.0,0.0,0.0,5.0,16.0,444
259,29.0,28:32,0.182,0.0,2.0,0.0,0.0,0.0,8.0,6.0,462
259,30.0,22:14,0.25,0.0,2.0,1.0,1.0,0.0,2.0,-2.0,469
259,31.0,19:23,1.0,,3.0,1.0,0.0,0.0,11.0,-5.0,493
259,32.0,18:59,0.33299999999999996,0.0,1.0,1.0,0.0,0.0,4.0,-2.0,509
259,33.0,28:34,0.444,0.25,12.0,2.0,0.0,0.0,12.0,22.0,519
259,34.0,28:37,0.28600000000000003,0.4,1.0,0.0,0.0,0.0,7.0,-8.0,537
259,35.0,15:20,0.0,0.0,1.0,1.0,0.0,0.0,2.0,-16.0,552
259,36.0,18:51,0.33299999999999996,0.5,0.0,0.0,1.0,0.0,3.0,7.0,569
259,37.0,9:52,0.0,0.0,1.0,0.0,0.0,0.0,0.0,-3.0,581
259,38.0,13:23,0.5,0.0,1.0,0.0,0.0,0.0,3.0,-9.0,590
259,39.0,20:43,0.667,0.5,3.0,2.0,0.0,0.0,8.0,-6.0,604
259,40.0,20:25,0.375,0.4,2.0,1.0,1.0,0.0,11.0,-8.0,624
259,41.0,22:45,0.4,0.0,2.0,3.0,0.0,0.0,4.0,8.0,641
259,42.0,15:32,0.0,,5.0,2.0,0.0,0.0,0.0,-14.0,662
259,43.0,22:09,0.4,0.33299999999999996,2.0,0.0,0.0,0.0,5.0,0.0,676
259,no play,,,,,,,,,,685
259,44.0,25:03,0.5,0.25,1.0,2.0,0.0,0.0,8.0,-4.0,700
259,45.0,30:51,0.8,0.0,4.0,0.0,1.0,0.0,8.0,20.0,717
259,46.0,24:40,0.8,1.0,3.0,0.0,0.0,1.0,11.0,-5.0,728
259,47.0,28:15,0.4,0.0,5.0,1.0,1.0,0.0,4.0,14.0,737
259,48.0,19:18,0.4,0.25,3.0,0.0,0.0,0.0,5.0,-3.0,765
259,49.0,21:18,0.5,0.0,3.0,1.0,0.0,0.0,6.0,8.0,775
259,50.0,21:42,0.33299999999999996,0.33299999999999996,2.0,1.0,0.0,1.0,7.0,6.0,789
259,51.0,4:49,0.0,,2.0,0.0,0.0,0.0,0.0,-4.0,802
259,52.0,18:25,0.25,0.0,2.0,1.0,1.0,0.0,4.0,-1.0,817
259,53.0,10:58,1.0,,2.0,2.0,0.0,0.0,3.0,12.0,838
259,54.0,18:23,0.0,0.0,2.0,2.0,0.0,0.0,2.0,9.0,841
259,55.0,23:07,0.833,0.667,2.0,0.0,0.0,0.0,14.0,11.0,1229
259,56.0,30:45,0.75,0.5,3.0,2.0,0.0,0.0,9.0,-4.0,1247
259,57.0,30:29,0.5,0.33299999999999996,6.0,2.0,1.0,0.0,11.0,1.0,1260
259,58.0,18:16,0.429,0.33299999999999996,4.0,2.0,0.0,1.0,8.0,7.0,862
259,59.0,16:02,0.5710000000000001,0.6,2.0,0.0,0.0,0.0,11.0,7.0,873
259,60.0,24:56,0.625,0.33299999999999996,0.0,0.0,0.0,0.0,11.0,-18.0,882
259,61.0,28:35,0.33299999999999996,0.0,1.0,1.0,1.0,1.0,2.0,0.0,897
259,62.0,33:39,0.5,0.33299999999999996,7.0,2.0,0.0,0.0,9.0,21.0,920
259,63.0,26:42,0.16699999999999998,0.25,4.0,2.0,0.0,1.0,3.0,10.0,937
259,64.0,31:10,1.0,1.0,3.0,1.0,0.0,0.0,16.0,3.0,949
259,65.0,25:35,0.556,0.5710000000000001,2.0,1.0,2.0,0.0,16.0,19.0,959
259,66.0,27:56,0.0,0.0,4.0,0.0,1.0,0.0,0.0,1.0,974
259,67.0,27:40,0.444,0.4,6.0,1.0,0.0,0.0,12.0,-20.0,991
259,68.0,29:00,0.75,0.0,5.0,1.0,1.0,0.0,7.0,1.0,1003
259,69.0,16:01,0.0,0.0,2.0,2.0,0.0,0.0,0.0,0.0,1024
259,70.0,15:33,1.0,1.0,4.0,0.0,0.0,0.0,5.0,15.0,1033
259,71.0,18:03,0.6,0.5,1.0,2.0,1.0,0.0,10.0,0.0,1043
259,72.0,21:45,0.2,0.33299999999999996,3.0,2.0,0.0,0.0,5.0,-15.0,1059
259,no play,,,,,,,,,,1082
259,no play,,,,,,,,,,1088
259,73.0,10:47,0.0,0.0,2.0,1.0,0.0,0.0,0.0,-1.0,1111
259,74.0,14:47,0.5,0.5,2.0,0.0,0.0,0.0,5.0,-5.0,1117
259,75.0,10:11,1.0,1.0,0.0,0.0,1.0,0.0,7.0,5.0,1130
259,76.0,16:42,0.25,0.0,0.0,0.0,1.0,0.0,4.0,-20.0,1140
259,77.0,18:10,0.0,0.0,2.0,1.0,1.0,0.0,0.0,-2.0,1158
259,78.0,20:37,0.0,0.0,4.0,2.0,0.0,1.0,0.0,-8.0,1166
259,79.0,25:35,0.25,0.33299999999999996,6.0,2.0,1.0,0.0,7.0,-5.0,1179
