Player_ID,G,MP,FG%,3P%,TRB,AST,STL,BLK,PTS,+/-,Game_ID
57,1.0,11:52,1.0,,3.0,0.0,0.0,3.0,6.0,1.0,7
57,2.0,19:32,0.625,,6.0,1.0,0.0,0.0,10.0,-24.0,22
57,3.0,23:09,0.5,,7.0,2.0,0.0,1.0,6.0,-7.0,44
57,4.0,11:31,1.0,1.0,3.0,2.0,0.0,1.0,11.0,7.0,52
57,no play,,,,,,,,,,76
57,5.0,5:14,0.5,1.0,1.0,0.0,0.0,0.0,3.0,-1.0,89
57,6.0,27:42,0.75,0.5,6.0,0.0,2.0,2.0,7.0,2.0,106
57,7.0,24:26,0.4,0.0,12.0,0.0,1.0,1.0,8.0,5.0,117
57,8.0,20:24,0.25,0.0,5.0,2.0,1.0,0.0,7.0,-15.0,128
57,9.0,8:23,0.5,0.0,3.0,1.0,0.0,0.0,4.0,-9.0,145
57,10.0,19:28,1.0,1.0,3.0,2.0,3.0,0.0,8.0,-9.0,154
57,11.0,3:18,0.667,0.0,2.0,0.0,1.0,1.0,4.0,1.0,168
57,12.0,7:28,0.5,,1.0,1.0,0.0,0.0,3.0,-9.0,185
57,no play,,,,,,,,,,195
57,no play,,,,,,,,,,208
57,13.0,21:15,0.5,0.5,5.0,0.0,1.0,3.0,13.0,11.0,240
57,no play,,,,,,,,,,256
57,14.0,23:22,0.4,0.33299999999999996,9.0,1.0,2.0,0.0,11.0,-6.0,265
57,15.0,7:43,0.33299999999999996,0.0,1.0,0.0,0.0,0.0,2.0,4.0,292
57,16.0,10:59,0.0,0.0,1.0,1.0,0.0,0.0,3.0,-3.0,304
57,17.0,18:20,0.625,0.0,8.0,1.0,0.0,2.0,11.0,5.0,314
57,18.0,34:02,0.385,0.0,6.0,2.0,1.0,3.0,10.0,-7.0,328
57,19.0,20:03,0.667,,7.0,1.0,0.0,2.0,8.0,-12.0,334
57,20.0,11:05,0.33299999999999996,,1.0,0.0,0.0,0.0,4.0,-14.0,356
57,21.0,7:14,0.6,,1.0,1.0,1.0,0.0,6.0,4.0,374
57,no play,,,,,,,,,,396
57,no play,,,,,,,,,,409
57,no play,,,,,,,,,,418
57,no play,,,,,,,,,,453
57,no play,,,,,,,,,,476
57,no play,,,,,,,,,,494
57,no play,,,,,,,,,,505
57,no play,,,,,,,,,,526
57,no play,,,,,,,,,,551
57,no play,,,,,,,,,,564
57,no play,,,,,,,,,,585
57,no play,,,,,,,,,,597
57,no play,,,,,,,,,,609
57,no play,,,,,,,,,,620
57,no play,,,,,,,,,,632
57,no play,,,,,,,,,,646
57,22.0,5:26,0.0,,1.0,0.0,0.0,0.0,0.0,-6.0,658
57,23.0,18:44,0.727,1.0,3.0,0.0,0.0,1.0,18.0,13.0,680
57,24.0,19:58,0.75,0.0,8.0,1.0,1.0,0.0,9.0,6.0,689
57,no play,,,,,,,,,,707
57,25.0,22:16,0.25,,3.0,1.0,1.0,0.0,4.0,-6.0,721
57,no play,,,,,,,,,,724
57,26.0,6:22,1.0,,0.0,0.0,0.0,1.0,2.0,1.0,742
57,27.0,18:30,0.25,,6.0,1.0,0.0,1.0,4.0,4.0,750
57,28.0,24:01,0.667,,9.0,2.0,1.0,0.0,12.0,-3.0,764
57,29.0,6:13,0.5,,3.0,1.0,0.0,0.0,2.0,-1.0,779
57,no play,,,,,,,,,,788
57,no play,,,,,,,,,,801
57,30.0,16:20,1.0,,4.0,1.0,0.0,1.0,6.0,-9.0,816
57,31.0,19:26,0.33299999999999996,,4.0,0.0,0.0,1.0,3.0,5.0,826
57,no play,,,,,,,,,,842
57,32.0,26:00,0.667,0.0,10.0,1.0,2.0,5.0,12.0,12.0,1232
57,33.0,15:49,0.75,1.0,2.0,0.0,1.0,2.0,8.0,-4.0,1244
57,34.0,28:03,0.545,0.33299999999999996,5.0,2.0,1.0,3.0,15.0,4.0,1259
57,35.0,25:32,0.7,0.0,6.0,0.0,1.0,1.0,15.0,-11.0,859
57,36.0,25:13,0.75,,4.0,1.0,0.0,1.0,10.0,-7.0,870
57,37.0,23:34,0.667,0.5,2.0,0.0,2.0,0.0,13.0,-13.0,880
57,38.0,21:59,0.33299999999999996,0.0,9.0,0.0,0.0,0.0,8.0,-27.0,895
57,39.0,22:06,0.667,1.0,6.0,0.0,1.0,1.0,10.0,-4.0,923
57,40.0,27:01,0.7140000000000001,0.667,9.0,0.0,0.0,0.0,24.0,-7.0,934
57,41.0,21:45,0.5,0.33299999999999996,5.0,1.0,2.0,1.0,10.0,-21.0,950
57,42.0,20:51,0.6,0.5,8.0,1.0,1.0,2.0,14.0,6.0,963
57,43.0,19:57,0.727,0.0,7.0,2.0,2.0,0.0,17.0,35.0,980
57,44.0,29:29,0.667,0.0,8.0,5.0,2.0,4.0,8.0,11.0,997
57,45.0,41:59,0.579,0.25,14.0,5.0,1.0,1.0,24.0,-4.0,1005
57,46.0,16:19,0.625,,2.0,0.0,0.0,0.0,11.0,-4.0,1022
57,47.0,28:45,0.4,0.0,3.0,0.0,0.0,1.0,8.0,-21.0,1037
57,48.0,30:30,0.5710000000000001,0.33299999999999996,12.0,0.0,2.0,1.0,11.0,-11.0,1052
57,49.0,25:24,0.33299999999999996,0.0,5.0,2.0,0.0,0.0,13.0,-7.0,1065
57,50.0,31:40,0.688,0.33299999999999996,8.0,1.0,1.0,1.0,25.0,-8.0,1071
57,51.0,35:44,0.778,1.0,8.0,2.0,2.0,0.0,19.0,-21.0,1088
57,52.0,22:52,0.4,0.0,7.0,2.0,0.0,1.0,4.0,-14.0,1108
57,53.0,24:04,0.636,0.667,6.0,4.0,1.0,3.0,16.0,-18.0,1115
57,54.0,30:47,0.364,0.25,10.0,2.0,2.0,1.0,10.0,-7.0,1134
57,55.0,36:17,0.545,0.75,10.0,0.0,0.0,1.0,17.0,-8.0,1152
57,56.0,33:55,0.429,0.0,6.0,2.0,1.0,0.0,17.0,-8.0,1164
57,57.0,33:21,0.636,0.0,7.0,0.0,1.0,1.0,15.0,5.0,1181
