Player_ID,G,MP,FG%,3P%,TRB,AST,STL,BLK,PTS,+/-,Game_ID
54,1.0,31:56,0.5,0.5,5.0,2.0,2.0,1.0,10.0,2.0,7
54,2.0,22:54,0.0,0.0,1.0,1.0,3.0,0.0,0.0,-18.0,22
54,3.0,27:49,0.0,0.0,5.0,1.0,3.0,2.0,0.0,-6.0,44
54,4.0,25:46,0.222,0.25,3.0,0.0,2.0,0.0,6.0,-17.0,52
54,5.0,30:12,0.1,0.111,8.0,0.0,3.0,2.0,4.0,-4.0,76
54,6.0,28:42,0.8,0.75,8.0,1.0,0.0,0.0,12.0,-13.0,89
54,7.0,32:43,0.5,0.556,6.0,1.0,2.0,0.0,23.0,-2.0,106
54,8.0,40:14,0.231,0.222,4.0,3.0,2.0,1.0,10.0,12.0,117
54,9.0,26:03,0.375,0.429,3.0,0.0,4.0,1.0,11.0,-10.0,128
54,10.0,14:05,0.14300000000000002,0.16699999999999998,1.0,0.0,0.0,0.0,7.0,-14.0,145
54,11.0,23:22,0.14300000000000002,0.0,7.0,2.0,0.0,0.0,4.0,-4.0,154
54,12.0,28:14,0.083,0.0,3.0,1.0,1.0,0.0,4.0,-17.0,168
54,13.0,17:37,0.2,0.25,5.0,2.0,2.0,2.0,3.0,2.0,185
54,14.0,30:55,0.308,0.2,9.0,1.0,3.0,0.0,9.0,8.0,195
54,15.0,45:58,0.6,0.5710000000000001,10.0,2.0,3.0,3.0,19.0,0.0,208
54,16.0,19:48,0.0,0.0,1.0,0.0,2.0,1.0,2.0,-28.0,240
54,17.0,20:42,0.33299999999999996,0.33299999999999996,6.0,0.0,1.0,0.0,8.0,12.0,256
54,18.0,31:40,0.636,0.667,5.0,2.0,2.0,0.0,20.0,-25.0,265
54,19.0,23:25,0.33299999999999996,0.429,6.0,1.0,2.0,0.0,9.0,0.0,292
54,no play,,,,,,,,,,304
54,no play,,,,,,,,,,314
54,no play,,,,,,,,,,328
54,20.0,31:11,0.33299999999999996,0.2,7.0,1.0,1.0,1.0,7.0,12.0,334
54,21.0,34:06,0.667,0.5,7.0,2.0,2.0,1.0,16.0,13.0,356
54,22.0,31:20,0.5,0.429,12.0,2.0,0.0,0.0,26.0,-7.0,374
54,23.0,36:27,0.375,0.0,6.0,2.0,0.0,1.0,14.0,-13.0,396
54,24.0,35:22,0.455,0.25,5.0,2.0,1.0,0.0,15.0,-8.0,409
54,25.0,34:09,0.364,0.33299999999999996,8.0,2.0,0.0,2.0,11.0,-10.0,418
54,26.0,33:04,0.545,0.16699999999999998,2.0,4.0,1.0,1.0,16.0,-3.0,453
54,27.0,36:53,0.33299999999999996,0.0,6.0,1.0,2.0,2.0,5.0,-6.0,476
54,28.0,31:41,0.0,0.0,7.0,3.0,1.0,0.0,1.0,-18.0,494
54,29.0,27:53,0.5,0.5,6.0,1.0,1.0,1.0,19.0,4.0,505
54,30.0,38:45,0.28600000000000003,0.111,10.0,2.0,4.0,1.0,13.0,-2.0,526
54,31.0,35:54,0.33299999999999996,0.667,3.0,2.0,3.0,2.0,9.0,-6.0,551
54,32.0,37:18,0.41700000000000004,0.2,11.0,1.0,5.0,1.0,15.0,14.0,564
54,33.0,32:01,0.5,0.5,5.0,4.0,1.0,0.0,13.0,11.0,585
54,34.0,28:17,0.4,0.5,6.0,2.0,1.0,1.0,11.0,7.0,597
54,35.0,22:21,0.33299999999999996,0.25,4.0,1.0,0.0,0.0,7.0,-10.0,609
54,36.0,27:43,0.5,0.33299999999999996,6.0,4.0,0.0,2.0,11.0,15.0,620
54,37.0,36:29,0.667,0.5,5.0,2.0,2.0,1.0,10.0,2.0,632
54,38.0,34:24,0.47100000000000003,0.41700000000000004,6.0,0.0,1.0,1.0,22.0,6.0,646
54,39.0,31:29,0.41700000000000004,0.5,10.0,2.0,1.0,1.0,15.0,3.0,658
54,40.0,37:17,0.4,0.25,8.0,2.0,3.0,2.0,14.0,13.0,680
54,41.0,35:10,0.33299999999999996,0.2,5.0,2.0,2.0,3.0,11.0,16.0,689
54,42.0,36:15,0.4,0.0,5.0,2.0,2.0,0.0,10.0,-4.0,707
54,43.0,37:15,0.5,0.5710000000000001,12.0,3.0,3.0,3.0,21.0,9.0,721
54,44.0,36:07,0.5,0.364,10.0,2.0,4.0,0.0,23.0,11.0,724
54,no play,,,,,,,,,,742
54,no play,,,,,,,,,,750
54,no play,,,,,,,,,,764
54,45.0,29:08,0.2,0.4,4.0,1.0,3.0,0.0,11.0,-20.0,779
54,46.0,37:32,0.429,0.28600000000000003,6.0,1.0,2.0,0.0,18.0,-7.0,788
54,47.0,35:44,0.25,0.0,9.0,2.0,2.0,1.0,8.0,-13.0,801
54,48.0,31:07,0.5,0.833,7.0,0.0,4.0,2.0,19.0,11.0,816
54,49.0,30:05,0.375,0.3,5.0,1.0,3.0,1.0,17.0,5.0,826
54,50.0,29:09,0.583,0.667,9.0,2.0,3.0,1.0,18.0,-1.0,842
54,51.0,39:02,0.643,0.556,11.0,3.0,4.0,0.0,25.0,6.0,1232
54,52.0,38:53,0.368,0.182,10.0,2.0,3.0,2.0,20.0,-2.0,1244
54,53.0,34:49,0.5,0.28600000000000003,8.0,2.0,4.0,0.0,15.0,2.0,1259
54,54.0,26:21,0.455,0.429,5.0,0.0,1.0,1.0,19.0,-19.0,859
54,55.0,35:46,0.33299999999999996,0.4,4.0,3.0,1.0,5.0,16.0,3.0,870
54,56.0,24:58,0.3,0.4,4.0,3.0,0.0,1.0,8.0,-25.0,880
54,57.0,32:57,0.41700000000000004,0.429,3.0,0.0,1.0,2.0,15.0,-17.0,895
54,58.0,39:39,0.47600000000000003,0.5,13.0,2.0,2.0,1.0,24.0,-10.0,923
54,59.0,31:05,0.556,0.4,6.0,0.0,3.0,0.0,13.0,0.0,934
54,no play,,,,,,,,,,950
54,60.0,31:33,0.125,0.25,9.0,3.0,2.0,2.0,7.0,3.0,963
54,61.0,26:05,0.5,0.5,9.0,3.0,0.0,1.0,18.0,31.0,980
54,62.0,36:29,0.467,0.28600000000000003,7.0,0.0,2.0,1.0,16.0,18.0,997
54,63.0,44:53,0.429,0.33299999999999996,13.0,0.0,5.0,2.0,24.0,1.0,1005
54,64.0,25:00,0.444,0.33299999999999996,4.0,0.0,0.0,1.0,12.0,-15.0,1022
54,65.0,28:35,0.28600000000000003,0.0,6.0,0.0,1.0,1.0,9.0,-2.0,1037
54,66.0,30:27,0.308,0.33299999999999996,3.0,2.0,1.0,2.0,15.0,-24.0,1052
54,67.0,38:23,0.6,0.16699999999999998,13.0,1.0,2.0,2.0,21.0,4.0,1065
54,no play,,,,,,,,,,1071
54,no play,,,,,,,,,,1088
54,no play,,,,,,,,,,1108
54,no play,,,,,,,,,,1115
54,no play,,,,,,,,,,1134
54,no play,,,,,,,,,,1152
54,no play,,,,,,,,,,1164
54,no play,,,,,,,,,,1181
