Player_ID,G,MP,FG%,3P%,TRB,AST,STL,BLK,PTS,+/-,Game_ID
93,1.0,27:28,0.375,,8.0,1.0,0.0,0.0,8.0,5.0,11
93,2.0,18:44,0.7140000000000001,,6.0,2.0,0.0,2.0,12.0,6.0,26
93,3.0,19:25,0.2,,5.0,2.0,0.0,2.0,4.0,12.0,39
93,4.0,14:10,0.5,,5.0,0.0,0.0,2.0,8.0,-14.0,57
93,5.0,28:39,0.33299999999999996,,6.0,1.0,0.0,2.0,5.0,-7.0,69
93,6.0,27:05,0.75,,7.0,0.0,0.0,2.0,12.0,-10.0,79
93,7.0,24:22,0.5710000000000001,,7.0,0.0,0.0,1.0,8.0,6.0,92
93,8.0,29:45,0.75,,5.0,1.0,0.0,0.0,6.0,4.0,107
93,9.0,37:33,0.4,,9.0,0.0,0.0,1.0,16.0,-1.0,114
93,10.0,38:00,0.313,,13.0,1.0,0.0,2.0,10.0,4.0,129
93,11.0,29:22,0.4,0.0,11.0,1.0,0.0,1.0,13.0,27.0,152
93,12.0,38:17,0.313,,12.0,0.0,0.0,2.0,10.0,-1.0,169
93,13.0,25:35,0.833,,6.0,0.0,1.0,0.0,10.0,2.0,188
93,14.0,27:44,0.545,,11.0,2.0,0.0,2.0,12.0,11.0,194
93,15.0,35:21,0.5,,8.0,1.0,1.0,6.0,12.0,1.0,206
93,16.0,22:51,0.364,,5.0,1.0,0.0,1.0,10.0,27.0,240
93,17.0,32:20,0.33299999999999996,,9.0,1.0,1.0,8.0,10.0,9.0,279
93,18.0,26:13,0.5,,5.0,0.0,0.0,0.0,10.0,10.0,296
93,19.0,25:44,0.583,,7.0,0.0,0.0,1.0,15.0,-11.0,306
93,20.0,33:23,0.33299999999999996,,14.0,2.0,0.0,2.0,7.0,6.0,318
93,21.0,32:54,0.6,,8.0,1.0,0.0,3.0,8.0,8.0,327
93,22.0,27:48,0.667,,5.0,0.0,0.0,1.0,12.0,8.0,336
93,23.0,30:36,0.28600000000000003,,10.0,1.0,0.0,3.0,4.0,4.0,350
93,24.0,32:53,0.778,,5.0,0.0,0.0,4.0,14.0,-16.0,370
93,25.0,25:26,0.5,,5.0,2.0,0.0,1.0,6.0,-8.0,384
93,26.0,28:20,0.3,,7.0,1.0,0.0,1.0,8.0,-15.0,393
93,27.0,25:36,0.7,,6.0,0.0,0.0,0.0,14.0,23.0,414
93,28.0,33:04,0.6,,4.0,1.0,1.0,1.0,6.0,-2.0,432
93,29.0,32:44,0.375,,9.0,1.0,0.0,2.0,6.0,-4.0,442
93,30.0,19:20,0.667,,4.0,1.0,0.0,0.0,10.0,-26.0,463
93,31.0,32:17,0.5,,12.0,0.0,2.0,1.0,8.0,3.0,470
93,32.0,30:48,0.625,,5.0,1.0,0.0,2.0,12.0,5.0,485
93,33.0,18:45,,,2.0,1.0,0.0,1.0,2.0,-13.0,497
93,34.0,30:44,0.545,,10.0,1.0,0.0,1.0,12.0,-5.0,508
93,35.0,22:31,0.33299999999999996,,5.0,0.0,0.0,3.0,5.0,-9.0,522
93,36.0,23:13,0.6,,5.0,1.0,0.0,1.0,6.0,6.0,537
93,37.0,27:04,0.429,,5.0,0.0,0.0,0.0,6.0,-9.0,559
93,38.0,25:48,0.14300000000000002,,4.0,0.0,0.0,1.0,3.0,-18.0,574
93,39.0,33:34,0.5,,6.0,1.0,1.0,1.0,14.0,-7.0,576
93,40.0,23:32,0.5,,7.0,0.0,0.0,2.0,10.0,-11.0,593
93,41.0,26:45,0.25,,11.0,3.0,0.0,2.0,6.0,-5.0,607
93,42.0,37:00,0.455,,7.0,2.0,0.0,3.0,12.0,-6.0,616
93,43.0,35:47,0.667,,5.0,0.0,0.0,1.0,21.0,7.0,629
93,44.0,24:39,0.7140000000000001,,5.0,1.0,1.0,3.0,10.0,-11.0,652
93,45.0,29:04,0.5,,8.0,2.0,0.0,1.0,9.0,-6.0,665
93,46.0,27:29,0.8,,4.0,0.0,0.0,1.0,8.0,-2.0,682
93,47.0,28:06,0.2,,6.0,2.0,0.0,1.0,2.0,-1.0,688
93,48.0,17:48,0.5,,2.0,1.0,0.0,0.0,7.0,-16.0,704
93,49.0,31:22,0.6920000000000001,,9.0,2.0,0.0,3.0,21.0,16.0,721
93,50.0,20:42,0.875,,2.0,0.0,0.0,1.0,14.0,22.0,746
93,51.0,40:32,0.375,,11.0,2.0,0.0,2.0,7.0,9.0,755
93,52.0,31:52,0.583,,6.0,2.0,1.0,0.0,17.0,27.0,784
93,53.0,29:03,0.444,,10.0,4.0,1.0,0.0,17.0,-14.0,798
93,54.0,23:21,0.556,,7.0,0.0,0.0,0.0,12.0,2.0,813
93,55.0,23:58,0.455,,4.0,2.0,0.0,1.0,10.0,-17.0,822
93,56.0,21:09,0.33299999999999996,,6.0,0.0,0.0,2.0,8.0,0.0,837
93,57.0,26:47,0.5379999999999999,,8.0,2.0,0.0,2.0,15.0,7.0,855
93,58.0,36:09,0.5329999999999999,,6.0,0.0,0.0,1.0,19.0,7.0,1235
93,59.0,20:56,0.5,,1.0,1.0,1.0,0.0,10.0,3.0,1247
93,60.0,26:09,0.35700000000000004,,3.0,4.0,0.0,2.0,10.0,-4.0,1267
93,61.0,22:22,0.33299999999999996,,3.0,0.0,0.0,1.0,10.0,5.0,867
93,62.0,26:47,0.429,,6.0,2.0,0.0,0.0,12.0,-7.0,883
93,63.0,33:37,0.47100000000000003,,4.0,1.0,1.0,1.0,18.0,-1.0,899
93,64.0,35:45,0.556,,9.0,1.0,0.0,2.0,10.0,-4.0,909
93,65.0,19:30,0.33299999999999996,,4.0,0.0,0.0,2.0,4.0,-10.0,926
93,66.0,25:04,0.833,,3.0,3.0,1.0,2.0,13.0,-12.0,945
93,67.0,30:11,0.429,,3.0,2.0,0.0,1.0,6.0,-9.0,951
93,68.0,24:02,0.5710000000000001,,3.0,0.0,1.0,0.0,8.0,-8.0,969
93,69.0,32:45,0.75,0.0,12.0,2.0,0.0,0.0,25.0,-6.0,981
93,70.0,29:51,0.5,,5.0,1.0,0.0,2.0,14.0,2.0,992
93,71.0,24:37,0.625,,4.0,1.0,0.0,3.0,12.0,12.0,1011
93,no play,,,,,,,,,,1021
93,72.0,18:04,0.0,,1.0,0.0,0.0,1.0,1.0,-2.0,1037
93,73.0,28:04,0.6920000000000001,,5.0,2.0,0.0,1.0,18.0,17.0,1050
93,74.0,35:39,0.41700000000000004,,11.0,0.0,2.0,1.0,10.0,5.0,1082
93,75.0,36:16,0.444,,4.0,1.0,0.0,0.0,8.0,8.0,1098
93,76.0,26:20,0.429,,4.0,0.0,0.0,0.0,8.0,9.0,1107
93,77.0,33:06,0.41700000000000004,,4.0,1.0,1.0,2.0,11.0,-10.0,1121
93,78.0,31:39,0.308,,7.0,2.0,1.0,3.0,9.0,20.0,1134
93,79.0,26:58,0.636,,8.0,0.0,0.0,1.0,16.0,3.0,1149
93,80.0,29:28,0.643,,8.0,1.0,0.0,1.0,18.0,31.0,1167
93,81.0,23:04,0.5,,8.0,1.0,0.0,1.0,9.0,12.0,1183
