Player_ID,G,MP,FG%,3P%,TRB,AST,STL,BLK,PTS,+/-,Game_ID
209,1.0,23:37,0.33299999999999996,0.0,3.0,0.0,2.0,0.0,6.0,15.0,0
209,2.0,20:15,0.33299999999999996,0.6,2.0,1.0,0.0,1.0,9.0,-2.0,18
209,3.0,16:11,0.0,0.0,0.0,0.0,0.0,0.0,0.0,-12.0,33
209,4.0,13:38,,,1.0,1.0,0.0,0.0,0.0,1.0,45
209,5.0,5:38,0.5,0.0,2.0,0.0,0.0,0.0,2.0,-7.0,67
209,6.0,4:25,1.0,1.0,1.0,1.0,0.0,0.0,4.0,7.0,93
209,no play,,,,,,,,,,114
209,7.0,21:49,0.833,0.75,2.0,2.0,0.0,0.0,14.0,7.0,132
209,8.0,18:12,0.5,0.0,2.0,0.0,2.0,1.0,2.0,-6.0,146
209,9.0,36:46,0.364,0.0,4.0,3.0,2.0,0.0,8.0,0.0,150
209,10.0,18:43,0.25,0.0,2.0,0.0,1.0,0.0,2.0,5.0,166
209,11.0,19:12,0.4,0.0,3.0,0.0,1.0,0.0,6.0,0.0,182
209,12.0,18:18,0.4,0.25,7.0,1.0,1.0,0.0,5.0,-3.0,195
209,13.0,31:15,0.625,0.5,4.0,0.0,0.0,0.0,12.0,-3.0,214
209,14.0,32:10,0.4,0.33299999999999996,3.0,2.0,1.0,1.0,10.0,9.0,244
209,15.0,33:32,0.5,0.25,4.0,2.0,0.0,1.0,11.0,-13.0,254
209,16.0,38:05,0.5710000000000001,0.33299999999999996,5.0,0.0,1.0,0.0,11.0,-1.0,267
209,17.0,25:05,0.16699999999999998,0.5,7.0,0.0,3.0,0.0,3.0,11.0,283
209,18.0,36:03,0.5,0.5,5.0,2.0,0.0,1.0,9.0,15.0,290
209,19.0,38:45,0.33299999999999996,0.25,4.0,2.0,0.0,0.0,7.0,-2.0,308
209,20.0,35:03,0.182,0.25,6.0,4.0,1.0,1.0,5.0,-12.0,326
209,21.0,30:54,0.375,0.4,5.0,5.0,2.0,1.0,11.0,5.0,1195
209,22.0,36:31,0.3,0.0,8.0,5.0,2.0,0.0,6.0,-28.0,338
209,23.0,24:54,0.0,,1.0,0.0,1.0,1.0,0.0,-14.0,350
209,24.0,30:27,0.6,0.5,3.0,1.0,0.0,0.0,7.0,5.0,363
209,25.0,17:31,0.0,0.0,5.0,0.0,0.0,0.0,2.0,-7.0,377
209,26.0,33:58,0.16699999999999998,0.25,5.0,1.0,0.0,0.0,3.0,2.0,397
209,27.0,29:58,0.667,1.0,5.0,3.0,0.0,0.0,7.0,-5.0,411
209,no play,,,,,,,,,,422
209,no play,,,,,,,,,,440
209,no play,,,,,,,,,,449
209,28.0,36:06,0.6,0.5,1.0,1.0,0.0,0.0,7.0,-2.0,478
209,29.0,13:48,,,1.0,2.0,1.0,0.0,0.0,7.0,491
209,30.0,28:39,0.5,0.33299999999999996,2.0,5.0,0.0,0.0,5.0,3.0,499
209,31.0,33:07,0.375,0.33299999999999996,4.0,1.0,1.0,0.0,8.0,-14.0,514
209,32.0,33:20,0.3,0.4,5.0,1.0,0.0,0.0,8.0,3.0,532
209,33.0,24:32,0.2,0.0,6.0,2.0,1.0,0.0,3.0,7.0,540
209,34.0,18:58,0.25,0.5,2.0,0.0,0.0,0.0,3.0,-22.0,554
209,35.0,34:12,0.14300000000000002,0.16699999999999998,3.0,2.0,1.0,0.0,5.0,-20.0,566
209,36.0,31:46,0.2,0.0,7.0,2.0,0.0,1.0,3.0,-4.0,583
209,37.0,19:46,0.6,0.33299999999999996,0.0,2.0,0.0,0.0,7.0,-10.0,599
209,38.0,15:36,0.75,,0.0,0.0,1.0,0.0,6.0,-9.0,628
209,39.0,24:23,0.25,0.5,5.0,3.0,0.0,0.0,3.0,12.0,642
209,40.0,18:21,0.33299999999999996,0.33299999999999996,0.0,3.0,0.0,0.0,6.0,2.0,660
209,41.0,28:17,0.2,0.0,3.0,2.0,0.0,0.0,3.0,7.0,673
209,42.0,22:46,0.5,0.5,5.0,1.0,0.0,0.0,7.0,-15.0,687
209,43.0,27:56,0.75,1.0,4.0,0.0,3.0,0.0,9.0,17.0,704
209,44.0,26:18,0.429,0.5,3.0,0.0,1.0,0.0,12.0,-6.0,710
209,45.0,31:32,0.556,0.5,1.0,0.0,2.0,1.0,13.0,13.0,725
209,46.0,29:22,0.14300000000000002,0.0,5.0,3.0,0.0,1.0,2.0,20.0,740
209,47.0,15:25,0.0,0.0,0.0,1.0,0.0,0.0,0.0,11.0,764
209,48.0,38:36,0.75,0.75,5.0,4.0,1.0,0.0,15.0,5.0,781
209,49.0,35:33,0.308,0.25,6.0,3.0,1.0,0.0,10.0,17.0,793
209,50.0,34:56,0.41700000000000004,0.33299999999999996,6.0,3.0,4.0,0.0,11.0,9.0,805
209,51.0,26:25,0.33299999999999996,0.0,4.0,1.0,0.0,0.0,4.0,-14.0,816
209,52.0,22:03,0.5,0.25,4.0,1.0,0.0,0.0,11.0,-22.0,829
209,53.0,27:06,0.5,0.5,1.0,2.0,2.0,0.0,11.0,13.0,847
209,54.0,22:37,1.0,1.0,3.0,0.0,0.0,0.0,13.0,8.0,1239
209,55.0,18:03,0.5,0.667,1.0,0.0,0.0,1.0,6.0,10.0,1245
209,56.0,24:59,0.4,0.33299999999999996,2.0,1.0,1.0,1.0,5.0,3.0,1262
209,57.0,19:24,0.4,0.0,3.0,2.0,0.0,0.0,4.0,4.0,859
209,58.0,17:16,0.5,0.667,1.0,0.0,0.0,0.0,8.0,-16.0,872
209,59.0,20:27,0.5,0.33299999999999996,2.0,2.0,0.0,0.0,7.0,10.0,882
209,60.0,28:06,0.444,0.6,4.0,0.0,1.0,0.0,11.0,4.0,897
209,61.0,14:04,0.33299999999999996,0.0,1.0,1.0,0.0,0.0,2.0,-1.0,911
209,62.0,25:44,0.6,0.33299999999999996,1.0,1.0,0.0,0.0,7.0,9.0,939
209,63.0,18:55,0.4,0.0,3.0,3.0,0.0,1.0,4.0,-4.0,947
209,64.0,17:15,0.33299999999999996,0.0,2.0,1.0,1.0,0.0,2.0,9.0,967
209,65.0,19:39,0.375,0.2,3.0,2.0,1.0,0.0,7.0,-3.0,985
209,66.0,19:16,0.5,0.33299999999999996,4.0,1.0,0.0,1.0,6.0,-1.0,1001
209,67.0,24:16,0.25,0.0,5.0,4.0,0.0,1.0,2.0,2.0,1013
209,68.0,35:53,0.556,0.667,4.0,3.0,0.0,1.0,13.0,-2.0,1028
209,69.0,23:49,0.16699999999999998,0.2,5.0,0.0,0.0,0.0,4.0,-5.0,1053
209,70.0,33:10,0.625,0.33299999999999996,6.0,4.0,2.0,0.0,12.0,-2.0,1067
209,71.0,12:56,0.6,0.0,0.0,0.0,0.0,0.0,6.0,3.0,1075
209,72.0,31:17,0.455,0.16699999999999998,5.0,4.0,0.0,0.0,11.0,0.0,1093
209,73.0,26:55,0.5710000000000001,0.5,6.0,4.0,0.0,0.0,11.0,-11.0,1110
209,74.0,33:12,0.111,0.2,2.0,3.0,0.0,1.0,3.0,19.0,1126
209,75.0,26:59,0.444,0.0,5.0,2.0,0.0,0.0,9.0,-1.0,1141
209,76.0,13:23,,,0.0,1.0,0.0,0.0,0.0,2.0,1153
209,77.0,28:06,0.33299999999999996,0.5,4.0,2.0,1.0,0.0,8.0,-11.0,1166
209,78.0,20:25,0.5,0.0,2.0,2.0,0.0,0.0,2.0,0.0,1182
