Player_ID,G,MP,FG%,3P%,TRB,AST,STL,BLK,PTS,+/-,Game_ID
105,1.0,37:39,0.529,0.429,2.0,1.0,2.0,1.0,26.0,5.0,
105,2.0,32:21,0.35700000000000004,0.25,6.0,1.0,1.0,0.0,15.0,3.0,20
105,3.0,28:16,0.2,0.5,3.0,0.0,0.0,0.0,5.0,-13.0,31
105,4.0,33:02,0.462,0.5,5.0,1.0,1.0,0.0,19.0,3.0,49
105,5.0,34:37,0.563,0.5,7.0,3.0,1.0,0.0,22.0,24.0,58
105,6.0,23:53,0.583,0.5,5.0,2.0,1.0,0.0,18.0,1.0,73
105,7.0,38:17,0.5379999999999999,0.5,6.0,5.0,1.0,0.0,18.0,10.0,83
105,8.0,29:07,0.5379999999999999,0.8,2.0,1.0,1.0,1.0,18.0,3.0,89
105,9.0,33:23,0.5,0.4,4.0,4.0,2.0,0.0,20.0,-1.0,104
105,10.0,33:11,0.33299999999999996,0.14300000000000002,4.0,2.0,0.0,1.0,13.0,21.0,120
105,11.0,34:17,0.462,0.25,4.0,1.0,0.0,1.0,17.0,11.0,132
105,no play,,,,,,,,,,147
105,12.0,33:54,0.313,0.14300000000000002,6.0,1.0,0.0,0.0,12.0,-10.0,169
105,13.0,33:37,0.615,0.625,4.0,3.0,0.0,0.0,25.0,-2.0,180
105,14.0,31:00,0.25,0.0,5.0,2.0,0.0,0.0,10.0,-18.0,193
105,15.0,29:18,0.467,0.28600000000000003,6.0,1.0,0.0,0.0,16.0,28.0,217
105,16.0,28:08,0.33299999999999996,0.4,4.0,1.0,0.0,0.0,8.0,11.0,242
105,17.0,32:18,0.33299999999999996,0.2,3.0,5.0,1.0,0.0,9.0,3.0,269
105,18.0,20:26,0.467,0.5,2.0,3.0,1.0,1.0,19.0,13.0,276
105,no play,,,,,,,,,,290
105,19.0,28:02,0.28600000000000003,0.16699999999999998,6.0,1.0,2.0,0.0,15.0,-11.0,307
105,20.0,30:58,0.294,0.25,5.0,5.0,0.0,0.0,16.0,15.0,323
105,21.0,11:31,0.5,1.0,0.0,2.0,1.0,0.0,8.0,16.0,330
105,no play,,,,,,,,,,335
105,no play,,,,,,,,,,354
105,22.0,31:19,0.643,0.556,1.0,1.0,0.0,0.0,25.0,6.0,382
105,23.0,30:47,0.545,0.4,3.0,2.0,2.0,0.0,15.0,1.0,398
105,24.0,33:20,0.313,0.0,4.0,1.0,0.0,0.0,10.0,24.0,408
105,25.0,10:42,0.0,0.0,1.0,1.0,0.0,0.0,0.0,-3.0,427
105,no play,,,,,,,,,,434
105,26.0,13:12,0.16699999999999998,0.0,0.0,1.0,0.0,0.0,2.0,-12.0,452
105,27.0,24:32,0.14300000000000002,0.0,2.0,1.0,0.0,0.0,2.0,0.0,480
105,28.0,32:19,0.636,0.667,1.0,2.0,1.0,0.0,20.0,25.0,494
105,29.0,25:08,0.455,0.429,4.0,1.0,0.0,0.0,13.0,6.0,511
105,30.0,27:44,0.316,0.25,3.0,1.0,0.0,0.0,15.0,-3.0,520
105,31.0,34:39,0.3,0.0,3.0,4.0,0.0,0.0,9.0,-9.0,527
105,32.0,35:14,0.3,0.2,2.0,3.0,0.0,1.0,7.0,-8.0,542
105,33.0,20:30,0.16699999999999998,0.5,5.0,1.0,1.0,0.0,3.0,-4.0,561
105,34.0,31:05,0.28600000000000003,0.14300000000000002,3.0,2.0,0.0,0.0,9.0,-13.0,568
105,35.0,35:14,0.467,0.4,5.0,3.0,2.0,0.0,18.0,10.0,581
105,36.0,28:40,0.7140000000000001,0.875,4.0,2.0,0.0,1.0,27.0,33.0,605
105,37.0,32:36,0.429,0.28600000000000003,4.0,2.0,1.0,0.0,14.0,4.0,610
105,no play,,,,,,,,,,625
105,no play,,,,,,,,,,653
105,no play,,,,,,,,,,664
105,no play,,,,,,,,,,678
105,no play,,,,,,,,,,683
105,38.0,22:12,0.33299999999999996,0.25,4.0,0.0,0.0,0.0,5.0,-8.0,698
105,39.0,30:39,0.583,0.667,4.0,1.0,0.0,1.0,20.0,-7.0,713
105,40.0,7:59,0.33299999999999996,0.5,1.0,0.0,0.0,0.0,3.0,-3.0,744
105,no play,,,,,,,,,,766
105,no play,,,,,,,,,,778
105,no play,,,,,,,,,,795
105,no play,,,,,,,,,,803
105,no play,,,,,,,,,,821
105,no play,,,,,,,,,,834
105,no play,,,,,,,,,,849
105,41.0,21:25,0.111,0.2,2.0,1.0,1.0,0.0,3.0,3.0,1236
105,42.0,26:40,0.28600000000000003,0.5,3.0,2.0,2.0,1.0,11.0,13.0,1253
105,43.0,30:59,0.462,0.5,6.0,0.0,0.0,0.0,18.0,-3.0,1269
105,no play,,,,,,,,,,864
105,no play,,,,,,,,,,876
105,44.0,32:53,0.588,0.5,4.0,0.0,2.0,0.0,28.0,6.0,892
105,45.0,20:07,0.28600000000000003,0.25,1.0,0.0,2.0,0.0,9.0,-6.0,904
105,46.0,35:27,0.5710000000000001,0.4,6.0,3.0,1.0,0.0,19.0,-6.0,914
105,47.0,21:11,0.2,0.0,2.0,1.0,1.0,0.0,4.0,-12.0,933
105,48.0,20:13,0.28600000000000003,,0.0,1.0,0.0,0.0,6.0,-1.0,956
105,49.0,9:21,0.0,0.0,4.0,0.0,0.0,0.0,0.0,6.0,968
105,no play,,,,,,,,,,974
105,no play,,,,,,,,,,992
105,50.0,15:33,0.4,0.4,2.0,0.0,0.0,0.0,11.0,-5.0,1006
105,51.0,20:54,0.25,0.0,3.0,1.0,0.0,0.0,3.0,-2.0,1026
105,52.0,23:23,0.308,0.25,4.0,0.0,2.0,0.0,9.0,-16.0,1042
105,53.0,30:09,0.43799999999999994,0.5710000000000001,6.0,3.0,0.0,0.0,20.0,0.0,1062
105,54.0,23:53,0.75,1.0,2.0,2.0,2.0,0.0,18.0,7.0,1080
105,55.0,22:28,0.5,0.75,1.0,1.0,1.0,0.0,11.0,-5.0,1095
105,56.0,27:29,0.222,0.2,1.0,2.0,1.0,0.0,5.0,-12.0,1106
105,no play,,,,,,,,,,1123
105,57.0,21:01,0.25,0.16699999999999998,3.0,2.0,0.0,1.0,6.0,0.0,1146
105,58.0,22:06,0.25,0.0,5.0,1.0,0.0,1.0,11.0,-3.0,1155
105,no play,,,,,,,,,,1172
105,59.0,22:56,0.308,0.25,4.0,2.0,1.0,0.0,10.0,-7.0,1188
