Player_ID,G,MP,FG%,3P%,TRB,AST,STL,BLK,PTS,+/-,Game_ID
493,1.0,33:11,0.6,0.33299999999999996,3.0,2.0,0.0,4.0,22.0,26.0,8
493,2.0,32:21,0.3,0.33299999999999996,7.0,2.0,2.0,0.0,17.0,1.0,12
493,3.0,33:12,0.55,,6.0,2.0,1.0,2.0,28.0,15.0,30
493,4.0,31:03,0.615,0.5,3.0,5.0,2.0,0.0,22.0,0.0,40
493,5.0,42:09,0.45799999999999996,0.5,12.0,1.0,1.0,0.0,30.0,-11.0,45
493,6.0,31:49,0.462,0.667,2.0,2.0,1.0,0.0,16.0,0.0,61
493,no play,,,,,,,,,,81
493,7.0,35:22,0.474,0.4,5.0,1.0,1.0,0.0,23.0,12.0,85
493,8.0,32:30,0.43799999999999994,0.5,6.0,6.0,2.0,1.0,21.0,3.0,101
493,9.0,32:35,0.462,0.0,8.0,1.0,2.0,0.0,15.0,-7.0,116
493,10.0,42:52,0.5,0.5,14.0,3.0,2.0,1.0,29.0,-3.0,124
493,11.0,32:15,0.273,0.5,3.0,3.0,0.0,1.0,11.0,-5.0,164
493,12.0,33:09,0.273,0.0,3.0,3.0,2.0,0.0,9.0,5.0,179
493,13.0,36:20,0.6920000000000001,1.0,9.0,4.0,1.0,3.0,23.0,15.0,192
493,14.0,33:36,0.4,0.5,9.0,4.0,0.0,0.0,17.0,-3.0,220
493,15.0,36:53,0.33299999999999996,0.0,4.0,3.0,3.0,0.0,10.0,-14.0,250
493,16.0,31:37,0.5329999999999999,0.6,8.0,8.0,1.0,1.0,22.0,8.0,258
493,17.0,38:11,0.43799999999999994,0.25,5.0,2.0,2.0,1.0,18.0,-9.0,264
493,18.0,34:51,0.429,0.14300000000000002,8.0,3.0,1.0,0.0,13.0,-12.0,293
493,19.0,34:34,0.389,0.33299999999999996,9.0,4.0,3.0,0.0,22.0,4.0,312
493,20.0,30:56,0.5710000000000001,0.33299999999999996,3.0,4.0,3.0,0.0,19.0,35.0,1199
493,21.0,34:41,0.267,0.0,5.0,1.0,1.0,0.0,13.0,-7.0,345
493,22.0,32:45,0.467,0.75,5.0,3.0,2.0,0.0,20.0,-4.0,354
493,23.0,13:59,0.33299999999999996,0.0,5.0,2.0,2.0,1.0,7.0,8.0,367
493,no play,,,,,,,,,,380
493,no play,,,,,,,,,,394
493,no play,,,,,,,,,,407
493,no play,,,,,,,,,,428
493,no play,,,,,,,,,,434
493,no play,,,,,,,,,,450
493,24.0,35:30,0.43799999999999994,0.25,9.0,2.0,0.0,1.0,17.0,8.0,476
493,no play,,,,,,,,,,489
493,no play,,,,,,,,,,507
493,no play,,,,,,,,,,531
493,no play,,,,,,,,,,540
493,25.0,33:15,0.41200000000000003,0.16699999999999998,7.0,1.0,0.0,0.0,18.0,0.0,556
493,26.0,35:28,0.529,0.33299999999999996,1.0,3.0,2.0,2.0,23.0,-15.0,570
493,27.0,37:58,0.273,0.5,7.0,4.0,3.0,1.0,11.0,10.0,584
493,28.0,35:11,0.5710000000000001,1.0,10.0,2.0,0.0,4.0,23.0,-12.0,604
493,29.0,36:28,0.33299999999999996,0.4,10.0,2.0,2.0,2.0,22.0,10.0,615
493,30.0,28:17,0.615,0.75,4.0,0.0,2.0,1.0,21.0,9.0,640
493,no play,,,,,,,,,,649
493,no play,,,,,,,,,,665
493,no play,,,,,,,,,,674
493,no play,,,,,,,,,,685
493,no play,,,,,,,,,,699
493,no play,,,,,,,,,,709
493,no play,,,,,,,,,,724
493,no play,,,,,,,,,,732
493,no play,,,,,,,,,,759
493,no play,,,,,,,,,,770
493,no play,,,,,,,,,,784
493,no play,,,,,,,,,,799
493,no play,,,,,,,,,,812
493,no play,,,,,,,,,,825
493,no play,,,,,,,,,,839
493,no play,,,,,,,,,,853
493,no play,,,,,,,,,,1231
493,no play,,,,,,,,,,1242
493,no play,,,,,,,,,,1264
493,no play,,,,,,,,,,866
493,no play,,,,,,,,,,892
493,no play,,,,,,,,,,903
493,no play,,,,,,,,,,917
493,no play,,,,,,,,,,932
493,no play,,,,,,,,,,944
493,no play,,,,,,,,,,957
493,no play,,,,,,,,,,972
493,no play,,,,,,,,,,988
493,no play,,,,,,,,,,1002
493,no play,,,,,,,,,,1025
493,no play,,,,,,,,,,1041
493,no play,,,,,,,,,,1049
493,no play,,,,,,,,,,1061
493,no play,,,,,,,,,,1080
493,no play,,,,,,,,,,1092
493,no play,,,,,,,,,,1100
493,no play,,,,,,,,,,1125
493,no play,,,,,,,,,,1148
493,no play,,,,,,,,,,1161
493,no play,,,,,,,,,,1177
493,no play,,,,,,,,,,1189
