Player_ID,G,MP,FG%,3P%,TRB,AST,STL,BLK,PTS,+/-,Game_ID
299,1.0,36:23,0.524,0.5,12.0,9.0,0.0,0.0,32.0,10.0,7
299,2.0,45:19,0.386,0.2,13.0,10.0,2.0,0.0,51.0,7.0,17
299,3.0,33:39,0.524,0.833,11.0,16.0,1.0,1.0,33.0,9.0,35
299,4.0,32:39,0.467,0.0,6.0,5.0,3.0,0.0,35.0,12.0,60
299,5.0,28:52,0.267,0.5,6.0,10.0,1.0,2.0,20.0,-9.0,65
299,6.0,28:22,0.5,0.8,6.0,8.0,3.0,0.0,28.0,22.0,75
299,7.0,26:39,0.313,0.16699999999999998,5.0,11.0,0.0,0.0,14.0,24.0,93
299,8.0,38:46,0.34600000000000003,0.25,7.0,7.0,1.0,2.0,36.0,-4.0,108
299,9.0,35:16,0.36,0.6,14.0,9.0,1.0,0.0,29.0,-5.0,122
299,10.0,37:38,0.667,0.0,12.0,16.0,0.0,0.0,41.0,9.0,137
299,11.0,33:34,0.524,0.0,15.0,8.0,0.0,0.0,33.0,-6.0,143
299,12.0,36:06,0.45,0.5,7.0,9.0,2.0,0.0,30.0,12.0,160
299,13.0,33:51,0.619,0.0,10.0,13.0,1.0,0.0,30.0,21.0,174
299,14.0,40:20,0.382,0.25,11.0,15.0,1.0,0.0,31.0,-16.0,191
299,15.0,35:31,0.433,0.444,8.0,13.0,2.0,0.0,34.0,9.0,207
299,16.0,35:04,0.389,0.2,11.0,9.0,2.0,0.0,31.0,-7.0,220
299,17.0,41:14,0.36,0.75,11.0,17.0,1.0,1.0,36.0,10.0,246
299,18.0,37:19,0.364,0.0,13.0,15.0,1.0,1.0,17.0,14.0,253
299,19.0,36:22,0.391,0.667,17.0,14.0,2.0,0.0,27.0,5.0,266
299,20.0,41:07,0.34299999999999997,0.16699999999999998,14.0,11.0,2.0,0.0,35.0,4.0,280
299,21.0,37:31,0.435,0.25,17.0,12.0,1.0,0.0,28.0,13.0,311
299,22.0,33:52,0.455,0.375,13.0,12.0,1.0,1.0,32.0,-4.0,317
299,23.0,35:36,0.32,0.0,10.0,10.0,3.0,0.0,27.0,-1.0,341
299,24.0,36:12,0.5379999999999999,0.4,12.0,6.0,2.0,0.0,37.0,9.0,357
299,25.0,27:21,0.368,0.4,6.0,6.0,0.0,0.0,20.0,-10.0,373
299,26.0,30:38,0.28,0.4,6.0,5.0,1.0,0.0,27.0,-6.0,382
299,27.0,34:01,0.529,0.5,11.0,22.0,2.0,1.0,26.0,16.0,399
299,28.0,35:25,0.485,0.3,11.0,7.0,1.0,0.0,46.0,-2.0,415
299,29.0,33:35,0.462,0.28600000000000003,10.0,7.0,1.0,0.0,42.0,-4.0,433
299,30.0,34:50,0.52,0.7140000000000001,11.0,11.0,1.0,0.0,45.0,9.0,445
299,31.0,32:49,0.44,0.25,7.0,15.0,1.0,1.0,31.0,12.0,464
299,32.0,36:39,0.5,0.0,17.0,11.0,0.0,0.0,29.0,12.0,478
299,33.0,23:23,0.316,0.33299999999999996,5.0,0.0,2.0,0.0,21.0,-11.0,492
299,34.0,28:48,0.545,0.0,12.0,14.0,2.0,0.0,17.0,26.0,512
299,35.0,35:55,0.321,0.2,7.0,6.0,3.0,0.0,30.0,3.0,518
299,36.0,33:48,0.32299999999999995,0.16699999999999998,15.0,8.0,2.0,1.0,33.0,-8.0,534
299,37.0,37:31,0.47100000000000003,0.5329999999999999,8.0,5.0,2.0,0.0,49.0,2.0,545
299,38.0,35:00,0.5,0.583,17.0,11.0,3.0,0.0,32.0,24.0,560
299,39.0,33:19,0.5,0.14300000000000002,9.0,14.0,1.0,0.0,21.0,10.0,574
299,40.0,36:58,0.3,0.0,13.0,12.0,2.0,1.0,24.0,13.0,586
299,41.0,35:37,0.304,0.1,11.0,12.0,2.0,0.0,21.0,-10.0,601
299,42.0,35:58,0.524,0.8,11.0,10.0,4.0,0.0,36.0,-1.0,615
299,43.0,29:17,0.368,0.28600000000000003,5.0,4.0,2.0,0.0,24.0,-20.0,626
299,44.0,35:14,0.348,0.16699999999999998,15.0,13.0,2.0,2.0,27.0,-19.0,639
299,45.0,36:14,0.379,0.429,11.0,10.0,4.0,1.0,38.0,4.0,678
299,46.0,35:40,0.318,0.444,12.0,10.0,1.0,1.0,27.0,-1.0,691
299,47.0,35:10,0.552,0.5,8.0,3.0,2.0,0.0,45.0,19.0,695
299,48.0,36:22,0.26899999999999996,0.16699999999999998,12.0,10.0,1.0,1.0,20.0,-19.0,717
299,49.0,33:44,0.41200000000000003,0.429,6.0,14.0,1.0,0.0,27.0,8.0,733
299,50.0,29:25,0.435,0.28600000000000003,5.0,8.0,2.0,1.0,28.0,-23.0,746
299,51.0,37:39,0.4,0.7140000000000001,13.0,12.0,3.0,0.0,38.0,17.0,756
299,52.0,35:10,0.47100000000000003,0.16699999999999998,4.0,8.0,0.0,0.0,42.0,7.0,773
299,53.0,37:07,0.37,0.4,18.0,9.0,1.0,2.0,27.0,1.0,776
299,54.0,35:23,0.40700000000000003,0.33299999999999996,12.0,11.0,4.0,0.0,29.0,3.0,802
299,55.0,37:09,0.5379999999999999,0.3,11.0,8.0,1.0,0.0,47.0,-13.0,818
299,56.0,24:12,0.263,0.0,4.0,4.0,2.0,0.0,17.0,-36.0,831
299,57.0,37:44,0.591,0.6,14.0,12.0,3.0,1.0,38.0,13.0,851
299,58.0,35:16,0.222,0.2,18.0,17.0,3.0,0.0,17.0,19.0,1237
299,59.0,36:53,0.483,0.25,11.0,11.0,1.0,0.0,41.0,4.0,1256
299,60.0,38:47,0.46399999999999997,0.667,11.0,10.0,0.0,0.0,43.0,10.0,1269
299,61.0,36:52,0.33299999999999996,0.375,7.0,4.0,1.0,1.0,45.0,-7.0,869
299,62.0,38:05,0.467,0.25,17.0,9.0,3.0,0.0,48.0,10.0,877
299,63.0,34:01,0.33299999999999996,0.2,6.0,5.0,2.0,1.0,29.0,-14.0,893
299,64.0,35:56,0.5379999999999999,0.33299999999999996,3.0,9.0,3.0,1.0,58.0,7.0,906
299,65.0,35:08,0.33299999999999996,0.16699999999999998,13.0,13.0,2.0,0.0,23.0,12.0,922
299,66.0,36:18,0.34600000000000003,0.3,11.0,14.0,2.0,2.0,33.0,12.0,933
299,67.0,34:42,0.33299999999999996,0.28600000000000003,12.0,19.0,2.0,1.0,25.0,7.0,960
299,68.0,27:50,0.47100000000000003,0.5,10.0,16.0,1.0,0.0,24.0,26.0,975
299,69.0,35:59,0.45,0.444,8.0,10.0,4.0,0.0,28.0,13.0,988
299,70.0,27:13,0.25,0.16699999999999998,8.0,7.0,2.0,0.0,15.0,-25.0,1009
299,71.0,27:51,1.0,,11.0,14.0,0.0,2.0,18.0,21.0,1022
299,72.0,38:58,0.542,0.33299999999999996,11.0,13.0,0.0,0.0,39.0,-14.0,1051
299,73.0,36:21,0.5,0.222,13.0,10.0,2.0,0.0,37.0,12.0,1060
299,74.0,41:49,0.525,0.4,13.0,11.0,3.0,0.0,57.0,8.0,1072
299,75.0,36:59,0.364,0.28600000000000003,15.0,12.0,0.0,0.0,32.0,-10.0,1094
299,76.0,36:12,0.452,0.467,13.0,10.0,2.0,0.0,40.0,-6.0,1103
299,77.0,27:05,0.33299999999999996,0.5,13.0,13.0,2.0,0.0,12.0,19.0,1120
299,78.0,37:32,0.56,0.615,9.0,10.0,4.0,0.0,45.0,2.0,1128
299,79.0,36:24,0.24,0.16699999999999998,12.0,8.0,0.0,1.0,23.0,-15.0,1147
299,80.0,36:57,0.531,0.41700000000000004,16.0,10.0,1.0,0.0,50.0,10.0,1159
299,no play,,,,,,,,,,1174
299,81.0,18:19,0.2,0.2,5.0,8.0,0.0,1.0,5.0,-5.0,1186
