Player_ID,G,MP,FG%,3P%,TRB,AST,STL,BLK,PTS,+/-,Game_ID
434,1.0,34:21,0.4,0.28600000000000003,7.0,1.0,2.0,0.0,14.0,-3.0,9
434,2.0,24:40,0.4,1.0,4.0,0.0,0.0,0.0,5.0,5.0,19
434,3.0,32:01,0.6,0.0,12.0,0.0,0.0,0.0,14.0,-8.0,36
434,4.0,30:31,0.33299999999999996,0.5710000000000001,4.0,1.0,0.0,0.0,12.0,-1.0,42
434,5.0,29:09,0.4,0.444,9.0,0.0,0.0,0.0,16.0,11.0,54
434,6.0,31:10,0.308,0.4,3.0,0.0,0.0,0.0,12.0,-10.0,80
434,7.0,34:13,0.6,0.625,7.0,2.0,1.0,0.0,23.0,10.0,90
434,8.0,36:25,0.455,0.667,9.0,0.0,1.0,0.0,20.0,4.0,110
434,9.0,37:26,0.077,0.14300000000000002,8.0,1.0,0.0,0.0,6.0,5.0,130
434,10.0,30:05,0.273,0.16699999999999998,7.0,2.0,0.0,0.0,7.0,31.0,145
434,11.0,33:01,0.385,0.444,3.0,0.0,0.0,0.0,14.0,-7.0,160
434,12.0,33:28,0.5,0.6,5.0,1.0,0.0,1.0,13.0,19.0,167
434,13.0,32:02,0.222,0.2,3.0,0.0,0.0,0.0,5.0,4.0,180
434,14.0,28:59,0.444,0.0,6.0,1.0,0.0,1.0,10.0,10.0,199
434,15.0,29:14,0.385,0.375,3.0,2.0,1.0,0.0,13.0,-14.0,215
434,16.0,28:51,0.4,0.429,0.0,4.0,0.0,0.0,13.0,7.0,250
434,17.0,26:46,0.7140000000000001,0.5,6.0,3.0,1.0,0.0,14.0,12.0,262
434,18.0,20:46,0.5710000000000001,0.6,2.0,0.0,0.0,0.0,11.0,-13.0,276
434,19.0,44:54,0.529,0.5,5.0,0.0,0.0,0.0,29.0,2.0,291
434,20.0,24:31,0.5710000000000001,0.667,6.0,2.0,1.0,0.0,18.0,14.0,300
434,21.0,28:45,0.0,0.0,6.0,3.0,1.0,1.0,2.0,8.0,321
434,22.0,24:37,0.33299999999999996,0.0,4.0,0.0,1.0,0.0,12.0,20.0,1197
434,23.0,32:12,0.33299999999999996,0.364,8.0,1.0,1.0,0.0,14.0,0.0,341
434,24.0,30:23,0.25,0.0,7.0,1.0,0.0,0.0,4.0,14.0,352
434,25.0,30:46,0.545,0.429,6.0,2.0,0.0,0.0,19.0,-2.0,364
434,26.0,25:41,0.667,0.5710000000000001,6.0,1.0,0.0,0.0,22.0,25.0,380
434,27.0,27:29,0.273,0.25,3.0,0.0,0.0,0.0,8.0,22.0,395
434,28.0,35:38,0.474,0.43799999999999994,6.0,0.0,3.0,1.0,28.0,5.0,403
434,29.0,37:22,0.25,0.33299999999999996,6.0,2.0,0.0,0.0,7.0,-2.0,425
434,30.0,28:20,0.5,0.429,5.0,0.0,0.0,1.0,15.0,12.0,435
434,31.0,35:17,0.529,0.5379999999999999,7.0,0.0,0.0,2.0,28.0,1.0,448
434,32.0,25:12,0.667,0.6,5.0,1.0,0.0,0.0,15.0,22.0,472
434,33.0,28:22,0.583,0.5710000000000001,3.0,0.0,1.0,1.0,22.0,33.0,479
434,34.0,22:56,0.2,0.125,3.0,0.0,0.0,0.0,6.0,-1.0,501
434,35.0,35:18,0.667,0.5,6.0,1.0,0.0,2.0,25.0,13.0,510
434,36.0,32:16,0.429,0.4,4.0,2.0,1.0,1.0,8.0,5.0,523
434,37.0,31:43,0.455,0.28600000000000003,4.0,1.0,0.0,0.0,12.0,3.0,545
434,38.0,33:00,0.583,0.556,4.0,0.0,2.0,0.0,19.0,-1.0,550
434,39.0,32:15,0.25,0.2,4.0,0.0,1.0,0.0,9.0,2.0,567
434,40.0,35:50,0.41700000000000004,0.429,2.0,1.0,2.0,0.0,13.0,3.0,579
434,41.0,38:23,0.375,0.35700000000000004,7.0,4.0,1.0,0.0,18.0,-6.0,587
434,42.0,25:30,0.273,0.125,0.0,0.0,0.0,0.0,10.0,-2.0,600
434,43.0,23:04,0.25,0.667,7.0,1.0,1.0,0.0,12.0,13.0,614
434,no play,,,,,,,,,,628
434,no play,,,,,,,,,,637
434,44.0,9:26,0.0,0.0,2.0,0.0,0.0,0.0,0.0,-8.0,651
434,no play,,,,,,,,,,661
434,45.0,29:05,0.545,0.429,1.0,1.0,1.0,0.0,16.0,10.0,675
434,46.0,35:38,0.625,0.75,5.0,1.0,1.0,0.0,19.0,-19.0,686
434,47.0,42:01,0.273,0.33299999999999996,5.0,0.0,0.0,0.0,11.0,19.0,707
434,48.0,35:17,0.563,0.556,7.0,0.0,1.0,0.0,27.0,-13.0,718
434,49.0,27:22,0.5,0.5,11.0,3.0,1.0,0.0,25.0,16.0,732
434,50.0,33:49,0.33299999999999996,0.33299999999999996,2.0,2.0,0.0,0.0,11.0,4.0,749
434,51.0,33:25,0.0,0.0,4.0,0.0,0.0,0.0,0.0,8.0,755
434,52.0,27:47,0.28600000000000003,0.5,4.0,2.0,1.0,0.0,6.0,5.0,786
434,53.0,34:58,0.455,0.33299999999999996,4.0,1.0,0.0,0.0,14.0,7.0,800
434,54.0,32:34,0.444,0.5,4.0,1.0,1.0,1.0,16.0,28.0,820
434,55.0,31:02,0.375,0.5,6.0,1.0,0.0,0.0,17.0,-10.0,847
434,56.0,24:04,0.556,0.5,4.0,0.0,0.0,0.0,17.0,26.0,1228
434,57.0,23:42,0.33299999999999996,0.308,2.0,3.0,0.0,0.0,18.0,-7.0,1248
434,58.0,23:19,0.364,0.28600000000000003,3.0,0.0,0.0,1.0,12.0,3.0,1263
434,59.0,30:23,0.375,0.545,8.0,2.0,0.0,0.0,23.0,7.0,865
434,60.0,23:49,0.1,0.14300000000000002,1.0,0.0,0.0,0.0,3.0,7.0,885
434,61.0,25:10,0.5,0.25,2.0,0.0,0.0,0.0,7.0,-3.0,902
434,no play,,,,,,,,,,914
434,62.0,27:21,0.467,0.5,3.0,0.0,1.0,0.0,21.0,18.0,926
434,63.0,30:13,0.455,0.5710000000000001,6.0,2.0,0.0,0.0,16.0,-3.0,949
434,64.0,15:37,0.0,0.0,2.0,1.0,0.0,0.0,0.0,2.0,970
434,65.0,28:04,0.3,0.28600000000000003,2.0,0.0,1.0,0.0,8.0,-5.0,984
434,66.0,26:41,0.429,0.25,4.0,0.0,0.0,0.0,10.0,8.0,994
434,67.0,24:36,0.5,0.33299999999999996,2.0,1.0,0.0,0.0,10.0,3.0,1008
434,68.0,29:59,0.41700000000000004,0.375,6.0,0.0,0.0,0.0,13.0,8.0,1039
434,no play,,,,,,,,,,1051
434,no play,,,,,,,,,,1068
434,no play,,,,,,,,,,1085
434,no play,,,,,,,,,,1096
434,no play,,,,,,,,,,1113
434,no play,,,,,,,,,,1129
434,69.0,13:05,0.5,0.6,3.0,0.0,0.0,1.0,9.0,-1.0,1143
434,70.0,23:07,0.778,0.75,1.0,0.0,1.0,0.0,21.0,7.0,1161
434,71.0,19:48,0.444,0.28600000000000003,2.0,2.0,0.0,0.0,12.0,-1.0,1171
434,72.0,32:09,0.41200000000000003,0.4,2.0,4.0,0.0,0.0,20.0,17.0,1185
