Player_ID,G,MP,FG%,3P%,TRB,AST,STL,BLK,PTS,+/-,Game_ID
351,1.0,13:36,0.667,0.0,1.0,0.0,1.0,0.0,4.0,-4.0,9
351,2.0,12:46,0.33299999999999996,0.0,4.0,0.0,0.0,0.0,2.0,-1.0,19
351,3.0,15:01,0.6,1.0,1.0,0.0,0.0,0.0,9.0,12.0,36
351,4.0,14:00,0.375,0.0,3.0,1.0,0.0,0.0,6.0,7.0,42
351,5.0,18:51,0.4,0.0,7.0,1.0,1.0,0.0,5.0,8.0,54
351,6.0,16:50,0.16699999999999998,0.33299999999999996,4.0,3.0,1.0,0.0,3.0,-5.0,80
351,7.0,13:47,0.667,0.5,4.0,1.0,0.0,1.0,5.0,-2.0,90
351,8.0,17:57,0.8,1.0,7.0,1.0,1.0,1.0,10.0,-6.0,110
351,9.0,11:28,0.667,0.5,1.0,0.0,0.0,0.0,5.0,-11.0,130
351,10.0,26:41,0.5,0.0,7.0,3.0,0.0,1.0,4.0,7.0,145
351,11.0,18:45,0.8,1.0,2.0,2.0,1.0,0.0,10.0,-1.0,160
351,12.0,16:53,0.667,0.0,2.0,1.0,0.0,0.0,6.0,-8.0,167
351,13.0,15:43,0.5,0.0,1.0,0.0,1.0,0.0,2.0,7.0,180
351,14.0,24:40,0.625,1.0,4.0,1.0,0.0,0.0,12.0,3.0,199
351,15.0,17:17,0.2,0.33299999999999996,4.0,3.0,0.0,0.0,3.0,1.0,215
351,16.0,15:16,0.33299999999999996,0.33299999999999996,2.0,3.0,2.0,0.0,3.0,8.0,250
351,17.0,17:58,0.4,0.0,2.0,0.0,1.0,1.0,4.0,-1.0,262
351,18.0,27:14,0.5,0.5,6.0,0.0,1.0,1.0,10.0,-6.0,276
351,19.0,26:08,0.444,0.667,8.0,2.0,2.0,0.0,11.0,9.0,291
351,20.0,27:32,0.6,0.25,3.0,0.0,1.0,1.0,17.0,3.0,300
351,21.0,18:29,0.4,0.5,4.0,0.0,1.0,0.0,5.0,-10.0,321
351,22.0,23:22,0.6,0.0,8.0,4.0,0.0,0.0,12.0,22.0,1197
351,23.0,15:20,0.6,0.0,1.0,1.0,1.0,0.0,7.0,1.0,341
351,24.0,22:47,0.5710000000000001,1.0,4.0,2.0,0.0,0.0,9.0,12.0,352
351,25.0,15:17,0.4,0.33299999999999996,3.0,0.0,0.0,1.0,5.0,-1.0,364
351,26.0,22:19,0.8,0.667,7.0,0.0,0.0,0.0,19.0,9.0,380
351,27.0,23:01,0.125,0.2,4.0,1.0,1.0,1.0,5.0,5.0,395
351,28.0,17:04,0.25,0.0,4.0,4.0,0.0,0.0,2.0,2.0,403
351,29.0,20:31,0.33299999999999996,0.0,7.0,1.0,1.0,1.0,10.0,6.0,425
351,30.0,17:21,0.5,0.0,6.0,0.0,0.0,0.0,2.0,5.0,435
351,31.0,16:40,0.33299999999999996,0.33299999999999996,1.0,0.0,0.0,0.0,5.0,-15.0,448
351,32.0,25:18,0.5,0.5,4.0,0.0,0.0,1.0,12.0,-8.0,472
351,33.0,26:58,0.5710000000000001,0.33299999999999996,11.0,3.0,3.0,0.0,9.0,-1.0,479
351,34.0,18:59,0.5,0.0,2.0,1.0,0.0,0.0,8.0,15.0,501
351,35.0,12:42,0.0,0.0,5.0,1.0,0.0,0.0,0.0,-6.0,510
351,36.0,16:36,0.0,0.0,6.0,0.0,1.0,2.0,0.0,3.0,523
351,37.0,16:27,0.75,0.5,2.0,1.0,1.0,0.0,9.0,-7.0,545
351,38.0,17:33,0.6,0.5,8.0,1.0,1.0,0.0,7.0,11.0,550
351,39.0,11:03,0.0,,3.0,0.0,1.0,0.0,0.0,-6.0,567
351,40.0,20:30,0.4,0.5,1.0,3.0,1.0,0.0,5.0,10.0,579
351,41.0,21:55,0.33299999999999996,0.4,2.0,0.0,0.0,0.0,8.0,-13.0,587
351,42.0,14:18,0.33299999999999996,0.5,4.0,1.0,0.0,0.0,9.0,-8.0,600
351,43.0,17:27,0.8,0.0,1.0,3.0,1.0,0.0,8.0,6.0,614
351,44.0,24:58,0.375,0.33299999999999996,7.0,2.0,0.0,0.0,8.0,5.0,628
351,45.0,24:51,0.222,0.0,5.0,1.0,0.0,0.0,5.0,8.0,637
351,46.0,28:05,0.429,0.14300000000000002,7.0,2.0,0.0,1.0,17.0,-2.0,651
351,47.0,35:01,0.632,0.545,5.0,0.0,2.0,0.0,30.0,2.0,661
351,48.0,16:06,0.28600000000000003,0.0,1.0,0.0,0.0,0.0,4.0,-15.0,675
351,49.0,29:05,0.5,0.2,4.0,0.0,1.0,1.0,15.0,8.0,686
351,50.0,24:54,0.6,0.5,3.0,1.0,2.0,1.0,9.0,-6.0,707
351,51.0,25:42,0.667,0.0,3.0,1.0,0.0,2.0,8.0,-9.0,718
351,52.0,18:15,0.25,0.33299999999999996,5.0,0.0,1.0,0.0,3.0,11.0,732
351,53.0,11:43,0.2,0.0,1.0,0.0,0.0,0.0,2.0,1.0,749
351,54.0,17:28,0.5,0.667,2.0,2.0,0.0,0.0,8.0,-6.0,755
351,55.0,17:35,0.6,0.75,1.0,2.0,0.0,0.0,10.0,10.0,786
351,56.0,19:30,0.28600000000000003,0.0,2.0,2.0,0.0,1.0,4.0,8.0,800
351,57.0,27:50,0.75,0.0,4.0,1.0,0.0,1.0,14.0,-9.0,820
351,58.0,21:21,0.5,0.0,3.0,0.0,1.0,0.0,6.0,6.0,847
351,59.0,20:01,0.6,0.667,4.0,1.0,0.0,0.0,8.0,-3.0,1228
351,60.0,16:10,0.75,0.5,2.0,0.0,1.0,1.0,8.0,13.0,1248
351,61.0,11:50,0.2,0.33299999999999996,0.0,0.0,0.0,0.0,3.0,-9.0,1263
351,62.0,11:28,0.33299999999999996,0.0,6.0,2.0,0.0,0.0,2.0,13.0,865
351,63.0,17:58,0.75,1.0,3.0,2.0,0.0,0.0,7.0,5.0,885
351,64.0,13:51,0.2,0.0,4.0,1.0,0.0,0.0,2.0,4.0,902
351,65.0,21:32,0.25,0.0,1.0,1.0,2.0,0.0,2.0,-22.0,914
351,66.0,18:15,0.25,0.0,6.0,2.0,0.0,0.0,4.0,5.0,926
351,67.0,5:02,0.0,0.0,0.0,0.0,0.0,0.0,0.0,-4.0,949
351,68.0,18:35,0.5710000000000001,0.0,9.0,1.0,0.0,0.0,8.0,28.0,970
351,69.0,4:40,,,0.0,0.0,0.0,0.0,0.0,1.0,984
351,70.0,7:44,1.0,,1.0,0.0,0.0,0.0,2.0,-4.0,994
351,71.0,5:05,0.667,,0.0,0.0,2.0,0.0,5.0,-14.0,1008
351,72.0,6:24,0.0,,3.0,0.0,0.0,0.0,0.0,-4.0,1039
351,73.0,23:52,0.75,1.0,5.0,1.0,0.0,0.0,8.0,18.0,1051
351,74.0,15:14,0.28600000000000003,0.25,5.0,0.0,0.0,0.0,5.0,-7.0,1068
351,75.0,20:29,0.5,,4.0,1.0,0.0,1.0,2.0,-10.0,1085
351,76.0,18:40,0.5,0.667,5.0,1.0,0.0,0.0,8.0,6.0,1096
351,77.0,19:29,,,2.0,0.0,0.0,0.0,0.0,-2.0,1113
351,no play,,,,,,,,,,1129
351,no play,,,,,,,,,,1143
351,no play,,,,,,,,,,1161
351,no play,,,,,,,,,,1171
351,no play,,,,,,,,,,1185
