Player_ID,G,MP,FG%,3P%,TRB,AST,STL,BLK,PTS,+/-,Game_ID
419,1.0,15:45,0.75,0.5,3.0,1.0,3.0,1.0,7.0,8.0,1
419,2.0,20:23,0.5,0.25,0.0,1.0,0.0,0.0,8.0,-1.0,19
419,3.0,23:48,0.0,0.0,3.0,2.0,0.0,0.0,0.0,-1.0,36
419,4.0,14:47,0.75,0.0,1.0,1.0,0.0,0.0,6.0,-6.0,58
419,5.0,25:33,0.375,0.4,3.0,1.0,1.0,0.0,8.0,19.0,72
419,6.0,24:56,0.429,0.25,0.0,2.0,0.0,0.0,7.0,-3.0,86
419,7.0,31:21,0.6,0.5710000000000001,4.0,4.0,3.0,0.0,23.0,21.0,100
419,8.0,35:03,0.235,0.222,1.0,9.0,5.0,2.0,10.0,-19.0,112
419,9.0,30:19,0.33299999999999996,0.14300000000000002,5.0,3.0,1.0,0.0,9.0,-20.0,142
419,10.0,32:16,0.429,0.0,4.0,4.0,0.0,0.0,6.0,5.0,157
419,11.0,34:02,0.28600000000000003,0.5,4.0,2.0,0.0,0.0,11.0,-26.0,176
419,12.0,35:24,0.33299999999999996,0.4,1.0,4.0,2.0,0.0,13.0,-2.0,183
419,13.0,35:49,0.563,0.5,2.0,4.0,1.0,0.0,23.0,4.0,202
419,14.0,28:44,0.429,0.0,1.0,2.0,1.0,0.0,7.0,-22.0,216
419,15.0,26:04,0.385,0.0,4.0,3.0,0.0,0.0,13.0,-26.0,238
419,16.0,33:34,0.5,0.0,5.0,2.0,0.0,0.0,10.0,14.0,261
419,17.0,27:32,0.455,0.4,2.0,0.0,1.0,0.0,14.0,-13.0,282
419,no play,,,,,,,,,,286
419,no play,,,,,,,,,,306
419,no play,,,,,,,,,,322
419,no play,,,,,,,,,,1199
419,18.0,24:41,0.25,0.0,0.0,6.0,1.0,0.0,4.0,3.0,343
419,19.0,26:25,0.6,0.5,3.0,3.0,1.0,0.0,7.0,-6.0,352
419,20.0,16:23,0.5710000000000001,0.667,0.0,4.0,1.0,0.0,10.0,9.0,365
419,21.0,22:52,0.375,1.0,0.0,2.0,2.0,0.0,7.0,-17.0,381
419,22.0,27:46,0.455,0.6,5.0,4.0,0.0,0.0,13.0,6.0,398
419,23.0,28:43,0.5,0.5,5.0,4.0,2.0,0.0,13.0,10.0,407
419,24.0,26:02,0.7140000000000001,0.667,4.0,2.0,0.0,0.0,14.0,9.0,417
419,25.0,23:56,0.4,0.5,0.0,0.0,2.0,0.0,12.0,-5.0,436
419,26.0,24:54,0.25,0.5,1.0,7.0,3.0,0.0,3.0,5.0,455
419,27.0,31:05,0.556,0.33299999999999996,1.0,7.0,0.0,0.0,16.0,-8.0,471
419,28.0,22:05,0.4,0.5,3.0,3.0,1.0,0.0,11.0,-7.0,479
419,29.0,24:33,0.5,1.0,1.0,1.0,3.0,0.0,7.0,2.0,496
419,30.0,26:08,0.5,0.33299999999999996,1.0,5.0,2.0,0.0,11.0,-4.0,506
419,31.0,22:25,0.625,0.8,1.0,2.0,1.0,0.0,16.0,18.0,529
419,32.0,25:49,0.667,0.33299999999999996,1.0,0.0,0.0,0.0,16.0,5.0,546
419,33.0,13:09,0.0,0.0,0.0,1.0,0.0,0.0,0.0,-14.0,562
419,34.0,30:01,0.5,0.667,2.0,0.0,1.0,1.0,8.0,8.0,575
419,35.0,24:18,0.8,0.75,4.0,1.0,3.0,1.0,12.0,12.0,595
419,36.0,31:33,0.222,0.25,3.0,0.0,3.0,0.0,7.0,-5.0,611
419,37.0,30:06,0.7,0.6,2.0,2.0,2.0,0.0,18.0,6.0,629
419,38.0,31:30,0.545,0.6,4.0,0.0,0.0,0.0,15.0,0.0,642
419,39.0,30:17,0.625,0.667,4.0,0.0,1.0,0.0,15.0,-9.0,653
419,40.0,27:05,0.75,0.5,2.0,3.0,1.0,0.0,14.0,15.0,667
419,41.0,34:18,0.42100000000000004,0.33299999999999996,5.0,0.0,3.0,1.0,20.0,13.0,693
419,42.0,33:42,0.33299999999999996,0.5,1.0,4.0,1.0,0.0,11.0,-19.0,695
419,43.0,36:56,0.5,0.444,10.0,5.0,1.0,0.0,24.0,10.0,722
419,44.0,37:41,0.41200000000000003,0.33299999999999996,5.0,4.0,0.0,0.0,16.0,3.0,728
419,45.0,34:21,0.5710000000000001,0.429,3.0,6.0,4.0,0.0,22.0,13.0,742
419,46.0,29:23,0.583,0.33299999999999996,3.0,2.0,0.0,0.0,19.0,17.0,760
419,47.0,34:05,0.4,0.429,2.0,1.0,0.0,0.0,15.0,-12.0,782
419,48.0,27:05,1.0,,0.0,3.0,0.0,0.0,4.0,-16.0,787
419,49.0,42:48,0.5,0.25,5.0,4.0,0.0,0.0,16.0,-4.0,803
419,50.0,27:17,0.5,0.4,3.0,4.0,0.0,0.0,14.0,22.0,819
419,51.0,32:46,0.33299999999999996,0.4,5.0,5.0,2.0,0.0,8.0,-12.0,832
419,52.0,30:30,0.556,0.429,2.0,3.0,2.0,0.0,13.0,-3.0,845
419,53.0,36:46,0.765,0.5,1.0,1.0,1.0,0.0,31.0,-10.0,1238
419,54.0,37:16,0.33299999999999996,0.6,7.0,8.0,3.0,0.0,13.0,1.0,1246
419,55.0,36:06,0.588,0.7140000000000001,1.0,3.0,0.0,0.0,29.0,11.0,1262
419,56.0,34:30,0.5379999999999999,0.625,4.0,3.0,2.0,0.0,21.0,-1.0,858
419,57.0,36:42,0.5329999999999999,0.28600000000000003,5.0,2.0,2.0,0.0,24.0,4.0,875
419,58.0,30:18,0.625,0.4,1.0,1.0,1.0,0.0,22.0,12.0,893
419,59.0,30:56,0.583,0.5710000000000001,2.0,5.0,1.0,0.0,18.0,14.0,907
419,60.0,31:33,0.545,0.75,6.0,4.0,0.0,0.0,18.0,14.0,931
419,61.0,33:14,0.125,0.0,3.0,3.0,0.0,1.0,3.0,-16.0,942
419,62.0,31:30,0.25,0.25,3.0,0.0,2.0,0.0,5.0,-17.0,952
419,63.0,33:41,0.6,0.429,0.0,1.0,2.0,0.0,19.0,12.0,964
419,64.0,17:06,0.5,0.5,1.0,1.0,0.0,0.0,7.0,-21.0,980
419,65.0,30:39,0.33299999999999996,0.0,1.0,1.0,0.0,0.0,8.0,-4.0,996
419,66.0,27:26,0.33299999999999996,0.25,3.0,4.0,1.0,0.0,10.0,-13.0,1015
419,67.0,35:28,0.643,0.5,3.0,4.0,0.0,0.0,23.0,-1.0,1029
419,68.0,29:45,0.4,0.33299999999999996,1.0,2.0,1.0,0.0,11.0,-11.0,1044
419,no play,,,,,,,,,,1060
419,69.0,33:56,0.5379999999999999,0.33299999999999996,2.0,3.0,1.0,0.0,18.0,-2.0,1077
419,70.0,14:03,0.6,1.0,1.0,0.0,1.0,0.0,12.0,8.0,1091
419,no play,,,,,,,,,,1105
419,no play,,,,,,,,,,1125
419,no play,,,,,,,,,,1133
419,no play,,,,,,,,,,1144
419,no play,,,,,,,,,,1160
419,no play,,,,,,,,,,1175
419,no play,,,,,,,,,,1184
