Player_ID,G,MP,FG%,3P%,TRB,AST,STL,BLK,PTS,+/-,Game_ID
310,no play,,,,,,,,,,
310,1.0,0:55,,,0.0,0.0,0.0,0.0,0.0,-1.0,13
310,2.0,0:03,,,0.0,0.0,0.0,0.0,0.0,0.0,29
310,3.0,10:07,0.0,0.0,0.0,1.0,1.0,0.0,0.0,11.0,50
310,no play,,,,,,,,,,59
310,4.0,8:58,0.5,0.5,2.0,2.0,0.0,0.0,3.0,13.0,72
310,no play,,,,,,,,,,84
310,5.0,10:32,0.667,0.667,0.0,2.0,1.0,0.0,6.0,-7.0,99
310,6.0,21:21,0.4,0.16699999999999998,2.0,2.0,2.0,0.0,11.0,10.0,111
310,no play,,,,,,,,,,124
310,no play,,,,,,,,,,140
310,7.0,4:12,0.5,1.0,1.0,0.0,0.0,0.0,3.0,1.0,152
310,8.0,5:39,0.0,0.0,1.0,4.0,2.0,0.0,0.0,6.0,167
310,9.0,1:45,1.0,,1.0,0.0,0.0,0.0,4.0,6.0,173
310,10.0,4:48,0.5,0.5,0.0,0.0,0.0,0.0,5.0,-2.0,190
310,no play,,,,,,,,,,204
310,11.0,4:01,0.33299999999999996,0.5,0.0,2.0,0.0,0.0,4.0,8.0,211
310,no play,,,,,,,,,,248
310,12.0,4:57,0.0,0.0,1.0,0.0,1.0,0.0,0.0,-7.0,262
310,13.0,2:02,,,0.0,0.0,1.0,0.0,0.0,5.0,285
310,no play,,,,,,,,,,308
310,no play,,,,,,,,,,318
310,no play,,,,,,,,,,1196
310,no play,,,,,,,,,,333
310,no play,,,,,,,,,,348
310,14.0,0:05,,,0.0,0.0,0.0,0.0,0.0,-1.0,366
310,15.0,6:44,,,1.0,1.0,0.0,0.0,2.0,-5.0,373
310,16.0,1:12,,,0.0,1.0,0.0,0.0,0.0,2.0,386
310,17.0,12:00,0.5,0.5,1.0,2.0,1.0,0.0,8.0,-9.0,405
310,18.0,17:27,0.25,0.2,1.0,2.0,1.0,0.0,5.0,-10.0,428
310,19.0,15:53,0.5,1.0,1.0,1.0,1.0,0.0,10.0,-2.0,436
310,no play,,,,,,,,,,454
310,20.0,14:08,0.4,0.5,1.0,0.0,2.0,0.0,10.0,-1.0,474
310,21.0,13:02,0.4,0.5,2.0,0.0,0.0,0.0,6.0,2.0,489
310,22.0,16:11,0.4,0.0,0.0,2.0,1.0,1.0,8.0,-11.0,504
310,23.0,8:46,0.5,0.5,1.0,1.0,0.0,0.0,3.0,-1.0,516
310,24.0,12:12,0.5,0.5,0.0,1.0,1.0,0.0,6.0,1.0,539
310,no play,,,,,,,,,,548
310,no play,,,,,,,,,,571
310,25.0,2:33,1.0,,1.0,1.0,0.0,0.0,2.0,3.0,582
310,26.0,3:41,0.0,0.0,0.0,0.0,0.0,0.0,0.0,-7.0,590
310,no play,,,,,,,,,,603
310,27.0,16:06,0.28600000000000003,0.0,4.0,2.0,2.0,0.0,4.0,11.0,619
310,28.0,4:10,0.0,0.0,1.0,0.0,0.0,0.0,0.0,-2.0,634
310,no play,,,,,,,,,,646
310,29.0,0:02,,,0.0,0.0,0.0,0.0,0.0,-3.0,655
310,no play,,,,,,,,,,694
310,no play,,,,,,,,,,708
310,no play,,,,,,,,,,723
310,30.0,3:42,0.0,,0.0,0.0,0.0,0.0,0.0,-5.0,734
310,no play,,,,,,,,,,760
310,no play,,,,,,,,,,773
310,no play,,,,,,,,,,787
310,no play,,,,,,,,,,804
310,31.0,6:22,0.5,1.0,0.0,0.0,0.0,0.0,3.0,1.0,836
310,32.0,12:04,0.6,0.5,1.0,2.0,0.0,0.0,8.0,-9.0,849
310,33.0,26:21,0.444,0.33299999999999996,7.0,6.0,2.0,0.0,10.0,20.0,
310,34.0,9:27,0.5,0.5,1.0,0.0,0.0,0.0,3.0,0.0,1254
310,35.0,12:40,0.0,0.0,4.0,1.0,0.0,0.0,0.0,-6.0,1266
310,36.0,5:38,1.0,,0.0,1.0,1.0,0.0,2.0,-1.0,869
310,37.0,15:24,0.2,0.33299999999999996,1.0,1.0,3.0,0.0,3.0,3.0,887
310,38.0,13:18,1.0,,2.0,5.0,2.0,0.0,2.0,7.0,906
310,39.0,16:13,,,1.0,6.0,2.0,0.0,2.0,-1.0,923
310,40.0,13:41,0.0,,0.0,3.0,0.0,0.0,0.0,13.0,943
310,41.0,11:31,0.33299999999999996,,1.0,0.0,2.0,0.0,2.0,2.0,948
310,42.0,19:06,0.429,0.5,1.0,3.0,1.0,1.0,10.0,1.0,962
310,43.0,14:34,0.4,0.33299999999999996,5.0,2.0,0.0,0.0,5.0,8.0,971
310,44.0,2:31,0.0,,0.0,0.0,0.0,0.0,0.0,-4.0,989
310,no play,,,,,,,,,,1001
310,45.0,2:55,0.0,,0.0,1.0,0.0,0.0,0.0,0.0,1017
310,46.0,1:57,,,0.0,0.0,0.0,0.0,0.0,-5.0,1031
310,47.0,14:02,0.4,0.0,1.0,1.0,0.0,0.0,6.0,-13.0,1046
310,48.0,4:18,,,0.0,1.0,0.0,0.0,0.0,-5.0,1056
310,no play,,,,,,,,,,1069
310,no play,,,,,,,,,,1085
310,49.0,5:57,0.0,0.0,1.0,0.0,1.0,0.0,0.0,-5.0,1101
310,no play,,,,,,,,,,1114
310,50.0,12:35,0.33299999999999996,0.5,3.0,0.0,0.0,0.0,5.0,0.0,1123
310,no play,,,,,,,,,,1139
310,51.0,1:21,,,0.0,0.0,0.0,0.0,0.0,-2.0,1155
310,52.0,36:57,0.45,0.5710000000000001,6.0,5.0,0.0,0.0,32.0,5.0,1170
310,53.0,25:58,0.556,0.5,4.0,2.0,1.0,0.0,25.0,1.0,1191
