Player_ID,G,MP,FG%,3P%,TRB,AST,STL,BLK,PTS,+/-,Game_ID
228,1.0,14:48,0.4,0.0,1.0,4.0,2.0,0.0,4.0,-9.0,
228,2.0,22:34,0.5,0.0,4.0,1.0,1.0,0.0,9.0,4.0,20
228,3.0,13:48,0.4,0.0,0.0,1.0,0.0,0.0,4.0,-9.0,31
228,4.0,19:05,0.667,1.0,1.0,0.0,1.0,0.0,14.0,14.0,49
228,5.0,14:29,0.125,0.16699999999999998,2.0,3.0,1.0,0.0,4.0,-10.0,58
228,6.0,21:22,0.25,0.5,1.0,2.0,1.0,0.0,7.0,-6.0,73
228,7.0,12:26,0.667,,3.0,2.0,0.0,0.0,4.0,2.0,83
228,8.0,28:30,0.5,1.0,0.0,5.0,2.0,0.0,8.0,12.0,89
228,9.0,24:26,0.273,0.0,3.0,5.0,1.0,0.0,6.0,5.0,104
228,10.0,25:32,0.33299999999999996,0.33299999999999996,6.0,2.0,2.0,0.0,9.0,10.0,120
228,11.0,22:49,0.75,0.0,2.0,2.0,0.0,0.0,12.0,-1.0,132
228,12.0,27:31,0.778,0.667,3.0,4.0,0.0,0.0,17.0,-1.0,147
228,13.0,13:07,0.33299999999999996,,0.0,1.0,0.0,0.0,2.0,-11.0,169
228,14.0,21:52,0.33299999999999996,0.0,1.0,7.0,0.0,0.0,4.0,8.0,180
228,15.0,16:20,0.125,,4.0,1.0,0.0,0.0,3.0,-2.0,193
228,16.0,12:15,0.0,,2.0,1.0,0.0,0.0,0.0,7.0,217
228,17.0,18:06,0.33299999999999996,0.0,0.0,5.0,4.0,0.0,4.0,12.0,242
228,18.0,13:32,0.75,1.0,1.0,0.0,1.0,0.0,7.0,-3.0,269
228,19.0,20:05,0.8,0.5,0.0,2.0,1.0,0.0,9.0,9.0,276
228,20.0,32:47,0.444,0.5,5.0,5.0,1.0,0.0,11.0,15.0,290
228,21.0,25:58,0.33299999999999996,0.0,1.0,4.0,2.0,0.0,8.0,6.0,307
228,22.0,30:15,0.444,0.33299999999999996,2.0,7.0,0.0,0.0,10.0,-2.0,323
228,23.0,29:36,0.5710000000000001,0.5,2.0,4.0,1.0,0.0,12.0,11.0,330
228,24.0,37:07,0.375,0.125,1.0,5.0,2.0,0.0,19.0,-17.0,335
228,25.0,27:59,0.375,0.0,3.0,5.0,1.0,0.0,6.0,20.0,354
228,26.0,29:26,0.833,1.0,5.0,5.0,1.0,0.0,15.0,20.0,382
228,27.0,28:51,0.5710000000000001,0.0,3.0,3.0,1.0,0.0,11.0,-6.0,398
228,28.0,29:18,0.5710000000000001,1.0,5.0,5.0,1.0,0.0,10.0,6.0,408
228,29.0,21:55,0.429,0.0,1.0,2.0,0.0,0.0,6.0,-18.0,427
228,30.0,34:05,0.4,0.4,3.0,2.0,0.0,0.0,13.0,10.0,434
228,31.0,33:55,0.5379999999999999,0.33299999999999996,4.0,5.0,1.0,0.0,17.0,-6.0,452
228,32.0,32:43,0.5,0.0,1.0,3.0,0.0,0.0,9.0,3.0,480
228,33.0,18:43,0.4,0.0,2.0,1.0,0.0,0.0,4.0,-14.0,494
228,34.0,26:08,0.375,1.0,2.0,3.0,0.0,0.0,8.0,-5.0,511
228,35.0,31:57,0.5,0.2,2.0,2.0,3.0,0.0,15.0,2.0,520
228,36.0,25:59,0.3,0.0,1.0,4.0,1.0,0.0,8.0,-11.0,527
228,37.0,30:51,0.778,1.0,4.0,2.0,1.0,0.0,17.0,-7.0,542
228,38.0,15:14,0.0,0.0,1.0,2.0,0.0,0.0,0.0,-8.0,561
228,39.0,15:29,0.4,0.0,4.0,2.0,0.0,0.0,4.0,-8.0,568
228,40.0,8:52,0.0,0.0,1.0,0.0,0.0,0.0,0.0,-5.0,581
228,41.0,4:38,0.33299999999999996,0.0,2.0,0.0,0.0,0.0,2.0,-8.0,605
228,no play,,,,,,,,,,610
228,no play,,,,,,,,,,625
228,no play,,,,,,,,,,653
228,no play,,,,,,,,,,664
228,no play,,,,,,,,,,678
228,42.0,12:01,0.0,,2.0,1.0,0.0,0.0,0.0,-3.0,683
228,no play,,,,,,,,,,698
228,no play,,,,,,,,,,713
228,no play,,,,,,,,,,744
228,no play,,,,,,,,,,766
228,43.0,1:19,,,0.0,0.0,0.0,0.0,0.0,2.0,778
228,44.0,5:10,0.5,0.0,1.0,3.0,0.0,0.0,3.0,0.0,795
228,45.0,24:50,0.25,1.0,5.0,7.0,2.0,1.0,3.0,-4.0,803
228,46.0,5:20,0.0,0.0,1.0,1.0,0.0,0.0,0.0,-6.0,821
228,no play,,,,,,,,,,834
228,no play,,,,,,,,,,849
228,no play,,,,,,,,,,1236
228,no play,,,,,,,,,,1253
228,no play,,,,,,,,,,1269
228,no play,,,,,,,,,,864
228,no play,,,,,,,,,,876
228,no play,,,,,,,,,,892
228,no play,,,,,,,,,,904
228,no play,,,,,,,,,,914
228,no play,,,,,,,,,,933
228,no play,,,,,,,,,,956
228,no play,,,,,,,,,,968
228,no play,,,,,,,,,,974
228,no play,,,,,,,,,,992
228,no play,,,,,,,,,,1006
228,no play,,,,,,,,,,1026
228,no play,,,,,,,,,,1042
228,47.0,3:08,0.0,0.0,1.0,0.0,0.0,1.0,0.0,0.0,1062
228,48.0,28:30,0.625,0.25,4.0,1.0,1.0,0.0,14.0,31.0,1080
228,49.0,25:47,0.556,0.0,5.0,1.0,1.0,0.0,15.0,5.0,1095
228,50.0,25:21,0.5,0.0,1.0,2.0,2.0,0.0,13.0,-4.0,1106
228,51.0,26:04,0.444,1.0,2.0,5.0,0.0,0.0,12.0,8.0,1123
228,52.0,28:30,0.16699999999999998,0.0,6.0,4.0,1.0,0.0,3.0,3.0,1146
228,53.0,27:01,0.429,0.0,3.0,2.0,0.0,0.0,6.0,-18.0,1155
228,54.0,31:22,0.467,0.2,2.0,5.0,1.0,0.0,16.0,-8.0,1172
228,55.0,26:22,0.5710000000000001,0.667,3.0,3.0,1.0,1.0,13.0,-6.0,1188
