Player_ID,G,MP,FG%,3P%,TRB,AST,STL,BLK,PTS,+/-,Game_ID
336,1.0,34:06,0.5,0.3,3.0,4.0,0.0,0.0,26.0,-9.0,
336,2.0,34:04,0.42100000000000004,0.4,1.0,8.0,1.0,0.0,23.0,4.0,21
336,3.0,34:13,0.529,0.625,1.0,3.0,0.0,0.0,28.0,2.0,32
336,4.0,29:30,0.47600000000000003,0.5,4.0,3.0,1.0,0.0,28.0,24.0,50
336,5.0,30:03,0.429,0.33299999999999996,1.0,7.0,2.0,1.0,21.0,17.0,65
336,6.0,31:06,0.294,0.0,8.0,10.0,2.0,1.0,13.0,-5.0,74
336,7.0,35:39,0.615,0.765,5.0,5.0,2.0,0.0,46.0,9.0,95
336,8.0,30:50,0.667,0.5,3.0,6.0,1.0,0.0,24.0,16.0,112
336,9.0,29:56,0.588,0.5379999999999999,5.0,6.0,1.0,0.0,33.0,27.0,115
336,10.0,36:46,0.529,0.556,6.0,6.0,2.0,0.0,30.0,22.0,139
336,11.0,37:22,0.526,0.33299999999999996,3.0,7.0,1.0,0.0,35.0,5.0,161
336,12.0,36:18,0.35,0.2,3.0,8.0,4.0,1.0,16.0,19.0,175
336,13.0,34:41,0.33299999999999996,0.091,5.0,5.0,1.0,0.0,20.0,1.0,187
336,14.0,29:30,0.545,0.33299999999999996,6.0,6.0,1.0,0.0,22.0,34.0,198
336,15.0,28:45,0.611,0.583,5.0,9.0,1.0,0.0,31.0,32.0,219
336,16.0,35:36,0.47100000000000003,0.4,5.0,5.0,3.0,0.0,24.0,14.0,249
336,17.0,37:10,0.684,0.5,8.0,6.0,1.0,0.0,34.0,16.0,255
336,18.0,38:14,0.353,0.364,3.0,3.0,2.0,0.0,25.0,6.0,270
336,19.0,38:23,0.409,0.308,3.0,5.0,3.0,1.0,28.0,10.0,291
336,20.0,29:50,0.667,0.7140000000000001,2.0,1.0,1.0,0.0,31.0,15.0,309
336,21.0,29:09,0.4,0.28600000000000003,4.0,11.0,2.0,1.0,13.0,24.0,324
336,22.0,33:17,0.43799999999999994,0.0,4.0,6.0,7.0,0.0,19.0,18.0,1201
336,23.0,35:34,0.43799999999999994,0.33299999999999996,5.0,2.0,2.0,0.0,26.0,10.0,335
336,24.0,30:35,0.28600000000000003,0.273,8.0,3.0,0.0,0.0,17.0,-24.0,351
336,25.0,31:35,0.462,0.4,4.0,9.0,1.0,0.0,22.0,-6.0,358
336,26.0,34:07,0.478,0.556,4.0,7.0,1.0,0.0,30.0,4.0,371
336,27.0,33:49,0.214,0.25,10.0,8.0,1.0,0.0,8.0,20.0,388
336,28.0,27:14,0.545,0.625,3.0,6.0,0.0,0.0,19.0,21.0,405
336,29.0,30:13,0.444,0.444,3.0,4.0,3.0,0.0,25.0,27.0,427
336,30.0,32:58,0.316,0.231,2.0,7.0,5.0,0.0,15.0,25.0,438
336,31.0,35:00,0.43799999999999994,0.5,3.0,8.0,2.0,0.0,25.0,6.0,446
336,32.0,37:20,0.364,0.28600000000000003,3.0,3.0,3.0,0.0,15.0,-1.0,462
336,33.0,36:19,0.5,0.5,7.0,7.0,0.0,0.0,28.0,27.0,490
336,34.0,30:08,0.41700000000000004,0.5,4.0,5.0,1.0,0.0,14.0,14.0,506
336,35.0,35:03,0.444,0.33299999999999996,3.0,5.0,0.0,0.0,22.0,7.0,525
336,36.0,35:54,0.48,0.385,7.0,5.0,1.0,0.0,35.0,6.0,539
336,37.0,42:13,0.556,0.385,3.0,6.0,1.0,1.0,40.0,-10.0,555
336,38.0,37:06,0.5,0.455,4.0,6.0,2.0,0.0,30.0,14.0,570
336,39.0,35:43,0.381,0.364,8.0,9.0,1.0,1.0,24.0,18.0,583
336,40.0,29:51,0.529,0.33299999999999996,2.0,7.0,5.0,0.0,24.0,32.0,596
336,41.0,30:55,0.35,0.41700000000000004,2.0,11.0,4.0,0.0,20.0,23.0,624
336,42.0,34:11,0.474,0.33299999999999996,4.0,8.0,3.0,0.0,24.0,19.0,639
336,43.0,32:57,0.444,0.455,1.0,7.0,1.0,0.0,24.0,15.0,651
336,44.0,29:33,0.5329999999999999,0.5379999999999999,4.0,6.0,0.0,0.0,27.0,32.0,666
336,45.0,36:31,0.368,0.33299999999999996,9.0,8.0,0.0,1.0,21.0,1.0,673
336,46.0,36:16,0.478,0.5,2.0,7.0,1.0,1.0,28.0,0.0,692
336,47.0,28:57,0.652,0.6,9.0,6.0,0.0,0.0,43.0,42.0,712
336,no play,,,,,,,,,,723
336,48.0,30:16,0.7,0.733,5.0,8.0,3.0,0.0,39.0,25.0,747
336,49.0,37:26,0.478,0.3,3.0,11.0,3.0,0.0,29.0,13.0,751
336,50.0,41:45,0.55,0.5710000000000001,4.0,9.0,3.0,0.0,35.0,4.0,770
336,51.0,28:12,0.455,0.25,1.0,6.0,1.0,0.0,13.0,20.0,798
336,52.0,34:51,0.462,0.33299999999999996,4.0,5.0,0.0,0.0,18.0,15.0,809
336,53.0,33:54,0.474,0.364,8.0,9.0,2.0,0.0,26.0,16.0,818
336,54.0,26:42,0.222,0.091,2.0,5.0,1.0,0.0,11.0,-24.0,833
336,55.0,30:03,0.28600000000000003,0.25,6.0,9.0,0.0,2.0,13.0,23.0,853
336,56.0,32:11,0.625,0.6,7.0,5.0,4.0,0.0,35.0,26.0,1230
336,57.0,34:55,0.429,0.5,5.0,5.0,3.0,0.0,27.0,17.0,1249
336,58.0,34:48,0.304,0.0,4.0,6.0,2.0,0.0,19.0,8.0,1259
336,59.0,34:14,0.45,0.222,7.0,4.0,2.0,0.0,25.0,-5.0,1265
336,60.0,35:28,0.37,0.182,6.0,5.0,5.0,0.0,23.0,-4.0,867
336,61.0,36:51,0.45799999999999996,0.385,8.0,6.0,2.0,0.0,31.0,22.0,889
336,62.0,34:31,0.4,0.4,4.0,9.0,0.0,0.0,24.0,5.0,898
336,63.0,35:08,0.5,0.222,5.0,6.0,0.0,1.0,23.0,-3.0,919
336,64.0,35:18,0.37,0.125,6.0,7.0,1.0,0.0,26.0,-5.0,928
336,no play,,,,,,,,,,940
336,65.0,37:25,0.348,0.385,6.0,5.0,3.0,0.0,29.0,3.0,963
336,66.0,28:07,0.5329999999999999,0.28600000000000003,1.0,9.0,3.0,0.0,25.0,24.0,979
336,67.0,30:17,0.6920000000000001,0.75,4.0,4.0,1.0,1.0,28.0,18.0,995
336,68.0,29:53,0.47100000000000003,0.583,4.0,6.0,0.0,0.0,23.0,16.0,1009
336,69.0,29:45,0.5,0.33299999999999996,5.0,9.0,2.0,0.0,17.0,14.0,1015
336,70.0,33:14,0.5,0.455,7.0,12.0,6.0,0.0,27.0,28.0,1041
336,71.0,36:19,0.444,0.41700000000000004,1.0,11.0,4.0,0.0,21.0,8.0,1054
336,72.0,33:25,0.5,0.273,10.0,7.0,2.0,0.0,32.0,9.0,1068
336,73.0,35:08,0.45,0.5,4.0,11.0,1.0,0.0,29.0,6.0,1078
336,74.0,34:46,0.444,0.444,7.0,5.0,2.0,0.0,24.0,14.0,1096
336,75.0,35:33,0.682,0.643,1.0,8.0,1.0,0.0,42.0,26.0,1112
336,76.0,29:53,0.389,0.375,3.0,9.0,3.0,2.0,19.0,13.0,1124
336,77.0,35:11,0.6,0.667,4.0,11.0,2.0,2.0,42.0,25.0,1132
336,no play,,,,,,,,,,1156
336,78.0,29:57,0.563,0.75,4.0,4.0,1.0,0.0,28.0,9.0,1172
336,79.0,28:27,0.353,0.35700000000000004,5.0,8.0,2.0,0.0,20.0,27.0,1190
