Player_ID,G,MP,FG%,3P%,TRB,AST,STL,BLK,PTS,+/-,Game_ID
275,1.0,27:41,0.615,,10.0,1.0,0.0,0.0,18.0,11.0,11
275,2.0,25:07,0.545,,8.0,1.0,1.0,0.0,12.0,12.0,26
275,3.0,24:39,0.778,,11.0,0.0,1.0,1.0,14.0,23.0,39
275,4.0,25:38,0.25,,9.0,3.0,2.0,2.0,8.0,-8.0,57
275,5.0,30:44,0.5710000000000001,,6.0,1.0,1.0,1.0,8.0,-11.0,69
275,6.0,24:43,0.5,,10.0,1.0,1.0,2.0,9.0,-12.0,79
275,7.0,27:31,0.5379999999999999,,11.0,3.0,0.0,0.0,16.0,26.0,92
275,8.0,36:54,0.4,,7.0,1.0,1.0,2.0,13.0,0.0,107
275,9.0,22:33,0.5710000000000001,,3.0,0.0,0.0,1.0,8.0,-6.0,114
275,10.0,28:31,0.6,,5.0,1.0,1.0,1.0,13.0,6.0,129
275,11.0,29:39,0.444,,11.0,0.0,0.0,3.0,12.0,23.0,152
275,12.0,27:01,0.429,,9.0,0.0,0.0,1.0,8.0,4.0,169
275,13.0,32:13,0.625,,4.0,2.0,0.0,1.0,11.0,-15.0,188
275,14.0,32:16,0.583,,7.0,3.0,1.0,1.0,15.0,10.0,194
275,15.0,35:18,0.545,,11.0,4.0,0.0,0.0,12.0,12.0,206
275,16.0,22:07,0.8,,6.0,1.0,0.0,2.0,12.0,11.0,240
275,17.0,31:26,0.444,,10.0,4.0,2.0,2.0,11.0,5.0,279
275,18.0,39:59,0.769,,11.0,5.0,1.0,0.0,23.0,6.0,296
275,19.0,27:00,0.625,,4.0,1.0,0.0,1.0,11.0,-23.0,306
275,20.0,26:53,0.667,,6.0,1.0,0.0,2.0,8.0,-5.0,318
275,21.0,29:01,0.5,0.0,10.0,0.0,2.0,0.0,11.0,-7.0,327
275,22.0,27:53,0.455,,5.0,1.0,0.0,2.0,12.0,5.0,336
275,23.0,26:00,0.545,,7.0,1.0,0.0,0.0,13.0,7.0,350
275,24.0,27:59,0.455,,4.0,1.0,0.0,0.0,10.0,-6.0,370
275,25.0,23:48,0.636,,4.0,1.0,0.0,1.0,19.0,-8.0,384
275,26.0,19:52,0.4,,4.0,0.0,0.0,1.0,8.0,-9.0,393
275,27.0,19:25,1.0,,4.0,0.0,1.0,1.0,16.0,19.0,414
275,28.0,33:04,0.667,,11.0,2.0,0.0,2.0,17.0,-20.0,432
275,29.0,29:57,0.4,,3.0,0.0,0.0,2.0,10.0,-6.0,442
275,30.0,24:32,0.385,,7.0,2.0,0.0,0.0,12.0,-9.0,463
275,31.0,22:13,0.41700000000000004,,2.0,0.0,1.0,0.0,10.0,7.0,470
275,32.0,29:27,0.5710000000000001,,3.0,0.0,2.0,1.0,8.0,-6.0,485
275,33.0,27:31,0.33299999999999996,,5.0,1.0,1.0,0.0,10.0,-14.0,497
275,34.0,28:07,0.25,,5.0,1.0,0.0,1.0,11.0,-10.0,508
275,35.0,26:38,0.375,,8.0,0.0,0.0,2.0,6.0,11.0,522
275,36.0,33:31,0.9,,7.0,2.0,1.0,0.0,18.0,11.0,537
275,37.0,19:56,0.429,,6.0,1.0,0.0,0.0,8.0,-13.0,559
275,38.0,20:08,0.5,,7.0,0.0,2.0,0.0,9.0,-2.0,574
275,39.0,28:49,0.273,1.0,12.0,1.0,0.0,1.0,10.0,-6.0,576
275,40.0,25:21,0.5,,9.0,0.0,0.0,0.0,12.0,-20.0,593
275,41.0,32:19,0.5,0.0,15.0,1.0,0.0,2.0,15.0,9.0,607
275,42.0,31:53,0.5,0.0,8.0,1.0,1.0,0.0,18.0,-5.0,616
275,no play,,,,,,,,,,629
275,43.0,17:34,0.6,0.0,3.0,0.0,0.0,0.0,6.0,-13.0,652
275,44.0,29:10,0.33299999999999996,,3.0,0.0,1.0,2.0,7.0,6.0,665
275,45.0,28:31,0.33299999999999996,0.0,6.0,1.0,0.0,1.0,7.0,-10.0,682
275,46.0,27:51,0.3,0.0,10.0,1.0,0.0,1.0,6.0,-5.0,688
275,47.0,26:12,0.667,,5.0,2.0,1.0,4.0,14.0,-9.0,704
275,no play,,,,,,,,,,721
275,48.0,21:31,0.6,1.0,8.0,0.0,0.0,1.0,8.0,22.0,746
275,49.0,36:08,0.6920000000000001,0.0,6.0,3.0,1.0,1.0,20.0,4.0,755
275,50.0,28:18,0.5,0.0,4.0,1.0,1.0,0.0,13.0,7.0,784
275,51.0,22:53,0.6,,9.0,0.0,0.0,1.0,15.0,-9.0,798
275,52.0,26:00,0.5,,6.0,0.0,0.0,0.0,10.0,-11.0,813
275,53.0,17:23,0.25,,5.0,1.0,0.0,0.0,2.0,-19.0,822
275,54.0,26:58,0.667,0.0,4.0,0.0,0.0,0.0,14.0,14.0,837
275,55.0,28:06,0.625,,8.0,2.0,0.0,0.0,12.0,8.0,855
275,56.0,21:14,0.462,,4.0,1.0,1.0,0.0,12.0,-7.0,1237
275,57.0,21:07,0.222,,5.0,0.0,0.0,0.0,6.0,1.0,1256
275,58.0,26:24,0.5,,3.0,2.0,0.0,2.0,7.0,-7.0,1269
275,59.0,32:40,0.667,1.0,6.0,2.0,2.0,2.0,15.0,4.0,869
275,60.0,14:10,0.33299999999999996,,4.0,0.0,1.0,1.0,3.0,-8.0,877
275,61.0,23:25,0.4,,2.0,1.0,0.0,0.0,6.0,-8.0,893
275,62.0,23:23,0.5,,8.0,1.0,0.0,0.0,3.0,4.0,906
275,63.0,22:20,0.429,,3.0,0.0,0.0,1.0,7.0,-5.0,922
275,64.0,22:02,0.778,,6.0,0.0,0.0,0.0,15.0,22.0,933
275,65.0,23:56,0.47100000000000003,,7.0,0.0,1.0,1.0,17.0,3.0,960
275,66.0,24:13,0.5,,4.0,1.0,2.0,0.0,10.0,26.0,975
275,67.0,16:27,0.33299999999999996,,4.0,0.0,0.0,0.0,4.0,3.0,988
275,68.0,21:20,0.5,,2.0,1.0,1.0,1.0,10.0,-10.0,1009
275,69.0,13:24,0.5,,3.0,1.0,0.0,0.0,8.0,8.0,1022
275,70.0,17:26,0.857,,4.0,1.0,1.0,0.0,12.0,-6.0,1051
275,71.0,24:12,0.6,,6.0,1.0,0.0,1.0,13.0,27.0,1060
275,72.0,23:49,0.2,,4.0,0.0,2.0,0.0,2.0,-3.0,1072
275,no play,,,,,,,,,,1094
275,73.0,13:10,0.667,,4.0,1.0,1.0,2.0,4.0,-14.0,1103
275,74.0,20:02,0.7140000000000001,,3.0,0.0,1.0,1.0,12.0,19.0,1120
275,75.0,26:10,0.4,,7.0,0.0,1.0,0.0,8.0,-3.0,1128
275,76.0,15:57,0.6,,4.0,0.0,0.0,1.0,12.0,-1.0,1147
275,77.0,17:45,0.33299999999999996,,3.0,0.0,0.0,0.0,8.0,-14.0,1159
275,no play,,,,,,,,,,1174
275,78.0,22:08,0.364,,7.0,0.0,0.0,2.0,13.0,-12.0,1186
