Player_ID,G,MP,FG%,3P%,TRB,AST,STL,BLK,PTS,+/-,Game_ID
330,1.0,21:59,0.75,1.0,7.0,5.0,5.0,0.0,13.0,19.0,10
330,2.0,19:25,1.0,,4.0,1.0,1.0,0.0,11.0,19.0,22
330,3.0,23:48,0.4,0.0,7.0,3.0,4.0,0.0,4.0,20.0,40
330,4.0,18:56,0.33299999999999996,0.0,4.0,3.0,2.0,0.0,4.0,4.0,55
330,5.0,26:40,0.5,0.5,2.0,3.0,2.0,0.0,5.0,7.0,66
330,6.0,24:00,0.5,0.0,4.0,1.0,3.0,1.0,8.0,7.0,80
330,7.0,35:22,0.33299999999999996,0.33299999999999996,5.0,1.0,1.0,0.0,5.0,-7.0,96
330,8.0,28:36,0.889,0.667,5.0,1.0,3.0,1.0,20.0,10.0,107
330,9.0,17:46,0.429,0.33299999999999996,2.0,1.0,2.0,0.0,7.0,15.0,128
330,10.0,23:15,0.0,0.0,2.0,0.0,3.0,0.0,3.0,-5.0,150
330,no play,,,,,,,,,,159
330,no play,,,,,,,,,,170
330,no play,,,,,,,,,,189
330,11.0,22:41,0.429,0.0,3.0,1.0,1.0,0.0,6.0,-7.0,205
330,12.0,32:45,0.25,0.0,7.0,3.0,1.0,0.0,4.0,-14.0,212
330,13.0,23:12,0.5710000000000001,0.0,7.0,2.0,0.0,0.0,11.0,-23.0,242
330,14.0,20:18,0.33299999999999996,0.0,5.0,1.0,0.0,0.0,2.0,-8.0,263
330,15.0,25:34,0.375,,5.0,2.0,2.0,1.0,9.0,-7.0,270
330,16.0,30:43,0.5,,8.0,1.0,5.0,0.0,6.0,-6.0,284
330,17.0,16:35,0.4,1.0,2.0,0.0,1.0,0.0,5.0,-16.0,298
330,18.0,23:16,0.429,0.667,4.0,1.0,0.0,1.0,8.0,-19.0,303
330,19.0,32:59,0.5,0.0,3.0,2.0,4.0,2.0,6.0,1.0,317
330,20.0,29:20,0.455,0.0,5.0,5.0,1.0,0.0,10.0,12.0,1195
330,21.0,29:14,0.33299999999999996,0.0,6.0,4.0,2.0,2.0,8.0,-4.0,340
330,22.0,29:57,0.545,0.33299999999999996,5.0,3.0,2.0,1.0,17.0,0.0,369
330,23.0,27:44,0.33299999999999996,,8.0,1.0,1.0,2.0,4.0,-8.0,392
330,24.0,30:01,0.5,0.667,2.0,0.0,1.0,0.0,6.0,1.0,401
330,25.0,33:34,0.6,0.33299999999999996,6.0,1.0,1.0,0.0,15.0,2.0,415
330,26.0,32:44,0.33299999999999996,0.0,6.0,1.0,4.0,0.0,4.0,-10.0,430
330,27.0,29:15,0.5,0.667,4.0,3.0,4.0,1.0,12.0,9.0,451
330,28.0,21:13,0.5,0.75,5.0,0.0,0.0,3.0,13.0,-2.0,473
330,29.0,30:39,0.429,0.25,6.0,0.0,2.0,0.0,11.0,-3.0,483
330,30.0,22:56,0.33299999999999996,0.0,5.0,0.0,0.0,0.0,4.0,-4.0,503
330,31.0,16:19,0.0,0.0,2.0,1.0,1.0,1.0,3.0,-9.0,513
330,32.0,28:04,0.444,0.0,5.0,1.0,1.0,0.0,8.0,14.0,535
330,33.0,32:23,0.5,0.5,6.0,5.0,1.0,3.0,7.0,14.0,544
330,34.0,18:00,0.0,,1.0,0.0,1.0,0.0,0.0,6.0,562
330,35.0,27:16,0.5,0.0,4.0,2.0,2.0,1.0,10.0,15.0,578
330,36.0,23:45,0.0,0.0,3.0,1.0,0.0,1.0,3.0,-20.0,602
330,37.0,35:27,0.364,0.33299999999999996,2.0,3.0,3.0,0.0,10.0,5.0,613
330,38.0,22:03,0.25,0.5,4.0,1.0,2.0,0.0,3.0,-8.0,618
330,39.0,12:20,0.0,0.0,1.0,0.0,0.0,0.0,0.0,-13.0,638
330,40.0,25:44,0.667,,4.0,1.0,3.0,0.0,10.0,24.0,652
330,41.0,32:03,0.5,,4.0,1.0,1.0,0.0,8.0,6.0,658
330,42.0,29:45,0.455,1.0,3.0,2.0,0.0,0.0,11.0,3.0,672
330,43.0,33:19,0.75,0.75,3.0,0.0,1.0,0.0,18.0,-9.0,688
330,44.0,16:10,0.0,0.0,2.0,1.0,0.0,2.0,2.0,-23.0,706
330,no play,,,,,,,,,,716
330,no play,,,,,,,,,,740
330,no play,,,,,,,,,,749
330,no play,,,,,,,,,,762
330,no play,,,,,,,,,,778
330,no play,,,,,,,,,,791
330,no play,,,,,,,,,,812
330,no play,,,,,,,,,,836
330,no play,,,,,,,,,,852
330,45.0,20:54,0.2,0.0,4.0,0.0,1.0,0.0,2.0,-18.0,1239
330,46.0,19:23,0.444,0.33299999999999996,0.0,2.0,1.0,0.0,9.0,7.0,1243
330,47.0,20:52,0.833,1.0,3.0,2.0,2.0,2.0,12.0,8.0,1261
330,48.0,31:49,0.5,0.33299999999999996,5.0,1.0,3.0,0.0,5.0,0.0,858
330,49.0,31:24,0.28600000000000003,0.5,5.0,6.0,0.0,0.0,5.0,-16.0,873
330,50.0,35:58,0.33299999999999996,0.33299999999999996,6.0,4.0,2.0,0.0,12.0,5.0,888
330,51.0,29:49,0.4,1.0,4.0,4.0,0.0,1.0,5.0,-12.0,898
330,52.0,31:27,0.5,0.0,8.0,3.0,3.0,1.0,9.0,4.0,910
330,53.0,25:14,0.4,0.0,6.0,1.0,1.0,1.0,4.0,4.0,929
330,54.0,22:44,0.6,0.5,4.0,2.0,1.0,0.0,8.0,6.0,941
330,55.0,27:18,0.375,0.0,5.0,3.0,1.0,0.0,9.0,-10.0,954
330,56.0,13:57,,,1.0,1.0,1.0,0.0,2.0,-7.0,977
330,57.0,18:33,0.0,0.0,5.0,1.0,2.0,1.0,0.0,-16.0,989
330,58.0,28:09,0.5710000000000001,0.6,8.0,4.0,0.0,1.0,11.0,-7.0,1004
330,59.0,30:48,0.5,1.0,5.0,2.0,3.0,0.0,10.0,3.0,1023
330,60.0,30:49,0.0,0.0,7.0,1.0,0.0,1.0,3.0,10.0,1038
330,no play,,,,,,,,,,1048
330,no play,,,,,,,,,,1066
330,no play,,,,,,,,,,1071
330,no play,,,,,,,,,,1098
330,no play,,,,,,,,,,1109
330,no play,,,,,,,,,,1138
330,no play,,,,,,,,,,1140
330,no play,,,,,,,,,,1158
330,61.0,15:57,0.4,0.0,2.0,1.0,1.0,0.0,4.0,2.0,1173
330,62.0,23:22,0.0,0.0,4.0,0.0,0.0,0.0,0.0,-15.0,1187
