Player_ID,G,MP,FG%,3P%,TRB,AST,STL,BLK,PTS,+/-,Game_ID
235,1.0,36:46,0.6,0.33299999999999996,5.0,11.0,4.0,0.0,15.0,0.0,6
235,2.0,34:21,0.556,0.33299999999999996,6.0,10.0,0.0,0.0,21.0,2.0,21
235,3.0,25:10,0.25,0.5,4.0,7.0,0.0,0.0,5.0,-13.0,28
235,4.0,36:48,0.583,0.33299999999999996,3.0,9.0,3.0,1.0,20.0,2.0,47
235,5.0,14:40,0.2,0.0,1.0,2.0,0.0,0.0,4.0,-14.0,56
235,6.0,24:43,0.75,1.0,0.0,3.0,1.0,0.0,13.0,-10.0,71
235,7.0,32:10,0.455,0.33299999999999996,4.0,10.0,2.0,0.0,13.0,-3.0,95
235,8.0,31:45,0.25,1.0,5.0,9.0,0.0,1.0,5.0,-4.0,101
235,9.0,34:01,0.375,0.5,5.0,10.0,1.0,0.0,15.0,7.0,113
235,10.0,28:46,0.25,0.0,2.0,10.0,0.0,0.0,4.0,-10.0,125
235,11.0,29:51,0.4,0.0,3.0,6.0,1.0,0.0,10.0,-5.0,144
235,12.0,27:40,0.14300000000000002,0.0,3.0,3.0,0.0,1.0,4.0,-3.0,155
235,13.0,32:28,0.455,0.33299999999999996,3.0,8.0,0.0,1.0,12.0,4.0,173
235,14.0,36:28,0.5,0.2,5.0,8.0,1.0,0.0,17.0,14.0,181
235,15.0,35:02,0.583,0.75,5.0,14.0,3.0,0.0,21.0,19.0,205
235,16.0,32:54,0.8,1.0,4.0,8.0,0.0,0.0,11.0,30.0,218
235,17.0,32:13,0.25,0.33299999999999996,1.0,7.0,0.0,0.0,11.0,-23.0,248
235,18.0,31:23,0.33299999999999996,0.0,2.0,3.0,3.0,0.0,8.0,-11.0,261
235,19.0,31:40,0.429,0.0,1.0,5.0,0.0,0.0,6.0,8.0,274
235,20.0,30:48,0.33299999999999996,0.0,3.0,8.0,1.0,0.0,8.0,-15.0,297
235,21.0,15:58,0.0,,4.0,1.0,2.0,0.0,0.0,4.0,311
235,22.0,38:49,0.3,0.0,4.0,9.0,3.0,0.0,8.0,-6.0,320
235,23.0,29:18,0.429,0.33299999999999996,6.0,6.0,0.0,0.0,7.0,-18.0,334
235,24.0,35:27,0.462,0.5,1.0,11.0,0.0,0.0,20.0,-24.0,355
235,25.0,37:56,0.4,0.0,11.0,11.0,5.0,1.0,14.0,18.0,359
235,26.0,29:54,0.556,0.75,2.0,8.0,1.0,0.0,13.0,4.0,371
235,no play,,,,,,,,,,385
235,27.0,24:32,0.375,0.667,4.0,5.0,0.0,0.0,9.0,-15.0,395
235,28.0,24:03,0.5710000000000001,0.6,3.0,7.0,3.0,1.0,11.0,13.0,412
235,29.0,27:08,0.5710000000000001,1.0,4.0,6.0,1.0,0.0,10.0,15.0,418
235,30.0,28:59,0.444,0.0,3.0,5.0,1.0,0.0,10.0,-9.0,433
235,31.0,9:10,0.25,0.0,2.0,0.0,0.0,0.0,2.0,-6.0,449
235,32.0,4:18,,,1.0,1.0,1.0,0.0,1.0,4.0,471
235,no play,,,,,,,,,,486
235,no play,,,,,,,,,,500
235,no play,,,,,,,,,,519
235,no play,,,,,,,,,,544
235,no play,,,,,,,,,,558
235,33.0,5:27,0.0,0.0,0.0,0.0,1.0,0.0,0.0,-13.0,573
235,no play,,,,,,,,,,592
235,no play,,,,,,,,,,607
235,34.0,5:22,,,1.0,0.0,0.0,0.0,0.0,3.0,621
235,35.0,3:26,0.0,0.0,0.0,1.0,0.0,0.0,0.0,-8.0,636
235,36.0,12:00,0.5,0.0,0.0,3.0,0.0,0.0,7.0,-4.0,650
235,no play,,,,,,,,,,676
235,no play,,,,,,,,,,691
235,no play,,,,,,,,,,705
235,no play,,,,,,,,,,719
235,37.0,11:43,0.33299999999999996,0.0,1.0,2.0,0.0,0.0,2.0,8.0,731
235,no play,,,,,,,,,,741
235,no play,,,,,,,,,,761
235,38.0,9:12,1.0,,0.0,2.0,0.0,0.0,2.0,-6.0,780
235,39.0,24:27,0.25,0.0,3.0,4.0,0.0,0.0,11.0,-15.0,795
235,40.0,20:04,0.33299999999999996,,1.0,1.0,0.0,0.0,8.0,13.0,810
235,41.0,10:44,0.0,,1.0,1.0,0.0,0.0,0.0,-10.0,825
235,no play,,,,,,,,,,835
235,no play,,,,,,,,,,846
235,42.0,23:26,0.16699999999999998,0.0,4.0,5.0,0.0,0.0,2.0,-4.0,1228
235,43.0,10:21,0.5,,0.0,1.0,0.0,0.0,2.0,-16.0,1246
235,44.0,14:38,0.25,0.0,1.0,1.0,0.0,0.0,2.0,-2.0,1256
235,45.0,13:21,0.667,,3.0,1.0,1.0,0.0,5.0,-5.0,861
235,46.0,9:31,0.5,,1.0,2.0,0.0,0.0,2.0,3.0,878
235,47.0,11:55,0.25,1.0,0.0,2.0,1.0,0.0,3.0,-15.0,894
235,48.0,28:48,0.5,0.5,4.0,3.0,0.0,0.0,7.0,14.0,904
235,49.0,15:37,0.5,0.0,2.0,3.0,0.0,0.0,2.0,5.0,913
235,50.0,9:39,0.0,0.0,3.0,1.0,0.0,0.0,0.0,-7.0,936
235,51.0,23:33,0.33299999999999996,0.5,5.0,7.0,1.0,0.0,7.0,3.0,962
235,52.0,17:04,0.667,0.5,1.0,4.0,1.0,0.0,5.0,-2.0,967
235,53.0,23:20,0.545,0.2,5.0,6.0,2.0,0.0,14.0,11.0,984
235,54.0,23:22,0.33299999999999996,0.5,3.0,8.0,0.0,0.0,3.0,-3.0,999
235,55.0,27:35,0.0,0.0,2.0,5.0,3.0,0.0,2.0,-1.0,1014
235,56.0,24:20,0.0,0.0,3.0,3.0,0.0,0.0,0.0,0.0,1039
235,57.0,36:09,0.5,0.33299999999999996,3.0,8.0,1.0,0.0,11.0,21.0,1055
235,58.0,22:45,0.5,0.0,2.0,6.0,2.0,0.0,4.0,-5.0,1062
235,59.0,24:19,0.5,0.0,2.0,3.0,0.0,0.0,2.0,6.0,1077
235,60.0,30:38,0.5,0.0,1.0,5.0,4.0,0.0,8.0,11.0,1092
235,61.0,21:29,0.16699999999999998,0.33299999999999996,3.0,5.0,0.0,0.0,3.0,-9.0,1107
235,62.0,15:45,0.33299999999999996,,3.0,4.0,1.0,0.0,2.0,-4.0,1119
235,no play,,,,,,,,,,1145
235,63.0,22:56,0.667,0.5,2.0,3.0,0.0,0.0,8.0,-4.0,1156
235,64.0,19:28,0.14300000000000002,1.0,1.0,6.0,0.0,0.0,6.0,-1.0,1176
235,65.0,27:03,0.125,0.2,2.0,8.0,1.0,0.0,6.0,-3.0,1191
