Player_ID,G,MP,FG%,3P%,TRB,AST,STL,BLK,PTS,+/-,Game_ID
28,1.0,22:06,0.6,,8.0,2.0,0.0,0.0,12.0,3.0,9
28,2.0,23:03,0.25,,6.0,1.0,1.0,2.0,8.0,-14.0,20
28,3.0,23:43,0.8,,5.0,1.0,0.0,1.0,8.0,-4.0,35
28,4.0,18:51,0.429,0.0,5.0,0.0,0.0,0.0,6.0,-3.0,43
28,no play,,,,,,,,,,55
28,5.0,15:58,1.0,,5.0,1.0,0.0,1.0,4.0,-3.0,74
28,6.0,21:49,0.667,,8.0,2.0,0.0,0.0,14.0,-2.0,88
28,7.0,20:27,0.5,,2.0,1.0,0.0,0.0,4.0,-2.0,100
28,8.0,33:08,0.833,,3.0,1.0,0.0,1.0,10.0,-1.0,116
28,9.0,20:43,1.0,,5.0,1.0,0.0,1.0,8.0,7.0,125
28,10.0,14:44,0.667,,4.0,1.0,0.0,2.0,4.0,-7.0,138
28,11.0,28:42,0.636,,6.0,1.0,0.0,0.0,20.0,13.0,153
28,12.0,13:55,0.0,,4.0,0.0,0.0,0.0,0.0,-15.0,178
28,13.0,21:04,0.5710000000000001,,2.0,1.0,4.0,0.0,8.0,-13.0,194
28,14.0,31:21,0.6,,3.0,2.0,0.0,2.0,16.0,-9.0,207
28,15.0,17:24,0.7140000000000001,,4.0,1.0,0.0,0.0,12.0,-4.0,219
28,16.0,19:42,0.5,,4.0,1.0,0.0,0.0,8.0,-14.0,249
28,17.0,20:06,0.4,,5.0,2.0,0.0,0.0,5.0,-12.0,263
28,18.0,20:30,0.625,,9.0,0.0,0.0,2.0,10.0,-11.0,274
28,19.0,17:02,0.25,,2.0,1.0,0.0,0.0,2.0,-4.0,279
28,20.0,17:52,0.16699999999999998,,4.0,1.0,0.0,0.0,2.0,-7.0,294
28,21.0,27:16,0.667,,5.0,2.0,0.0,0.0,13.0,-6.0,305
28,22.0,20:06,0.5710000000000001,,4.0,0.0,0.0,0.0,10.0,-17.0,323
28,23.0,14:52,0.556,,5.0,0.0,0.0,0.0,11.0,-19.0,1197
28,24.0,19:47,0.4,,4.0,1.0,0.0,0.0,10.0,-21.0,344
28,25.0,22:11,0.4,,4.0,1.0,0.0,1.0,4.0,2.0,360
28,26.0,22:55,0.5710000000000001,,6.0,0.0,1.0,0.0,8.0,-13.0,367
28,27.0,32:41,0.4,,13.0,0.0,1.0,1.0,12.0,-15.0,378
28,28.0,19:03,0.4,,5.0,1.0,0.0,0.0,4.0,14.0,396
28,29.0,15:03,0.16699999999999998,,4.0,0.0,1.0,0.0,2.0,0.0,402
28,30.0,11:08,0.0,,6.0,1.0,0.0,0.0,0.0,-6.0,419
28,31.0,29:55,0.545,,5.0,0.0,0.0,1.0,14.0,-3.0,440
28,32.0,24:57,0.14300000000000002,,6.0,0.0,0.0,0.0,4.0,-9.0,443
28,33.0,25:20,0.727,,3.0,0.0,0.0,0.0,19.0,13.0,465
28,34.0,26:22,0.375,,4.0,1.0,2.0,1.0,9.0,-5.0,480
28,35.0,16:03,0.0,,4.0,0.0,0.0,0.0,0.0,-7.0,496
28,36.0,21:07,0.33299999999999996,,3.0,0.0,1.0,1.0,6.0,-7.0,517
28,37.0,37:31,0.583,,5.0,1.0,1.0,1.0,14.0,18.0,533
28,38.0,10:53,0.6,,5.0,0.0,0.0,0.0,7.0,-9.0,548
28,39.0,16:05,0.5,,2.0,0.0,0.0,0.0,5.0,9.0,554
28,40.0,30:11,1.0,,9.0,2.0,1.0,0.0,15.0,15.0,572
28,41.0,20:13,0.5,,2.0,0.0,0.0,1.0,8.0,-12.0,582
28,42.0,10:06,0.0,,4.0,0.0,0.0,1.0,0.0,-11.0,594
28,43.0,20:46,0.667,,5.0,2.0,0.0,1.0,8.0,-9.0,606
28,44.0,21:56,0.5710000000000001,,3.0,0.0,0.0,1.0,8.0,6.0,617
28,45.0,10:17,0.667,,1.0,0.0,0.0,0.0,4.0,-11.0,631
28,46.0,24:50,0.4,,11.0,4.0,2.0,1.0,4.0,9.0,654
28,47.0,19:46,0.2,,8.0,1.0,0.0,0.0,4.0,-8.0,667
28,48.0,13:30,0.0,,4.0,1.0,0.0,1.0,0.0,-13.0,694
28,49.0,16:34,0.444,,9.0,1.0,1.0,1.0,9.0,-3.0,698
28,50.0,22:31,0.8,,6.0,0.0,0.0,3.0,12.0,13.0,735
28,51.0,17:01,0.0,,1.0,1.0,0.0,2.0,0.0,-1.0,748
28,52.0,14:58,0.25,,6.0,1.0,0.0,0.0,4.0,4.0,757
28,no play,,,,,,,,,,774
28,no play,,,,,,,,,,792
28,no play,,,,,,,,,,808
28,53.0,10:35,0.667,,3.0,0.0,0.0,0.0,4.0,-5.0,839
28,no play,,,,,,,,,,850
28,no play,,,,,,,,,,1237
28,no play,,,,,,,,,,1250
28,no play,,,,,,,,,,1270
28,no play,,,,,,,,,,879
28,54.0,15:14,1.0,,5.0,1.0,0.0,1.0,8.0,9.0,894
28,no play,,,,,,,,,,907
28,no play,,,,,,,,,,924
28,no play,,,,,,,,,,950
28,no play,,,,,,,,,,958
28,no play,,,,,,,,,,970
28,no play,,,,,,,,,,987
28,no play,,,,,,,,,,1003
28,no play,,,,,,,,,,1018
28,no play,,,,,,,,,,1040
28,no play,,,,,,,,,,1056
28,no play,,,,,,,,,,1070
28,no play,,,,,,,,,,1083
28,no play,,,,,,,,,,1097
28,no play,,,,,,,,,,1104
28,no play,,,,,,,,,,1131
28,no play,,,,,,,,,,1148
28,no play,,,,,,,,,,1163
28,no play,,,,,,,,,,1176
28,no play,,,,,,,,,,1190
