Player_ID,G,MP,FG%,3P%,TRB,AST,STL,BLK,PTS,+/-,Game_ID
355,1.0,36:16,0.615,0.5,5.0,1.0,1.0,0.0,22.0,-21.0,3
355,2.0,27:19,0.5,0.4,4.0,2.0,2.0,1.0,18.0,22.0,16
355,3.0,31:14,0.583,0.667,5.0,2.0,2.0,0.0,16.0,14.0,34
355,4.0,35:47,0.667,0.667,10.0,3.0,0.0,1.0,25.0,17.0,46
355,5.0,35:44,0.5710000000000001,0.5,4.0,1.0,1.0,1.0,23.0,-11.0,53
355,6.0,34:28,0.364,0.0,4.0,0.0,0.0,2.0,9.0,9.0,78
355,7.0,29:54,0.385,0.0,3.0,0.0,0.0,0.0,12.0,-29.0,94
355,8.0,31:52,0.25,0.5,3.0,2.0,1.0,2.0,9.0,-8.0,109
355,9.0,31:26,0.308,0.0,5.0,2.0,0.0,0.0,12.0,-5.0,123
355,10.0,36:16,0.5329999999999999,0.5,4.0,3.0,2.0,1.0,19.0,17.0,134
355,11.0,36:31,0.563,0.4,6.0,3.0,1.0,2.0,22.0,23.0,143
355,12.0,38:46,0.462,0.25,10.0,1.0,1.0,0.0,19.0,-8.0,158
355,13.0,20:23,0.3,0.33299999999999996,2.0,0.0,0.0,0.0,9.0,-18.0,172
355,14.0,42:09,0.43799999999999994,0.25,2.0,1.0,1.0,0.0,19.0,-6.0,184
355,15.0,20:30,0.5,0.0,2.0,1.0,0.0,0.0,9.0,4.0,199
355,16.0,33:09,0.429,0.0,6.0,3.0,0.0,0.0,17.0,12.0,214
355,17.0,29:04,0.636,0.33299999999999996,3.0,3.0,0.0,0.0,15.0,0.0,241
355,18.0,39:11,0.444,0.25,4.0,1.0,3.0,0.0,21.0,-12.0,253
355,19.0,35:33,0.75,0.6,7.0,2.0,1.0,2.0,24.0,25.0,271
355,20.0,35:23,0.45,0.5,6.0,4.0,0.0,0.0,21.0,12.0,277
355,21.0,31:50,0.615,0.667,7.0,2.0,0.0,2.0,18.0,15.0,298
355,22.0,34:57,0.41700000000000004,0.33299999999999996,4.0,1.0,0.0,0.0,11.0,-2.0,310
355,23.0,40:12,0.563,0.5,7.0,2.0,1.0,1.0,22.0,8.0,327
355,24.0,38:35,0.368,0.0,7.0,2.0,0.0,1.0,14.0,-1.0,1192
355,25.0,24:59,0.625,1.0,0.0,1.0,1.0,0.0,15.0,5.0,342
355,26.0,35:12,0.33299999999999996,0.0,6.0,2.0,2.0,0.0,8.0,-16.0,356
355,27.0,26:40,0.5,0.0,2.0,1.0,1.0,0.0,10.0,-12.0,381
355,28.0,33:08,0.313,0.2,6.0,2.0,0.0,1.0,14.0,-22.0,389
355,29.0,31:02,0.41700000000000004,0.16699999999999998,7.0,2.0,0.0,0.0,13.0,-17.0,400
355,30.0,26:16,0.364,0.25,4.0,1.0,0.0,0.0,10.0,-34.0,414
355,31.0,27:22,0.429,0.5,6.0,3.0,1.0,1.0,7.0,-16.0,431
355,32.0,32:11,0.5710000000000001,0.667,7.0,1.0,0.0,0.0,26.0,-6.0,446
355,33.0,29:13,0.5,0.5,6.0,4.0,0.0,0.0,21.0,17.0,469
355,34.0,31:07,0.6,0.4,12.0,2.0,0.0,0.0,23.0,-19.0,484
355,35.0,38:06,0.35700000000000004,0.33299999999999996,5.0,2.0,0.0,1.0,14.0,-3.0,503
355,36.0,34:52,0.385,0.25,7.0,0.0,2.0,2.0,17.0,13.0,514
355,37.0,29:59,0.643,0.4,5.0,2.0,0.0,0.0,22.0,2.0,528
355,38.0,30:39,0.625,0.375,2.0,1.0,1.0,0.0,25.0,4.0,543
355,39.0,38:07,0.43799999999999994,0.0,9.0,3.0,1.0,1.0,14.0,3.0,571
355,40.0,39:33,0.43799999999999994,0.33299999999999996,3.0,2.0,1.0,2.0,18.0,-9.0,584
355,41.0,33:36,0.5329999999999999,0.25,4.0,0.0,3.0,0.0,18.0,-19.0,596
355,42.0,34:01,0.33299999999999996,0.33299999999999996,2.0,1.0,0.0,0.0,13.0,-12.0,605
355,43.0,38:25,0.444,0.28600000000000003,7.0,3.0,0.0,1.0,23.0,8.0,617
355,44.0,26:50,0.583,0.667,5.0,0.0,1.0,0.0,19.0,12.0,638
355,45.0,39:43,0.5,0.25,9.0,5.0,0.0,0.0,18.0,0.0,656
355,46.0,25:50,0.636,0.33299999999999996,4.0,1.0,0.0,0.0,15.0,-3.0,674
355,47.0,27:52,0.636,,2.0,0.0,0.0,0.0,16.0,-17.0,710
355,48.0,29:47,0.5,0.0,4.0,0.0,0.0,1.0,15.0,2.0,727
355,49.0,27:35,0.6920000000000001,0.0,8.0,4.0,1.0,0.0,19.0,24.0,741
355,50.0,22:36,0.41700000000000004,0.5,3.0,1.0,1.0,0.0,14.0,-4.0,754
355,51.0,22:38,0.222,0.0,4.0,0.0,0.0,0.0,8.0,-9.0,763
355,52.0,27:14,0.3,0.0,8.0,1.0,0.0,0.0,9.0,-8.0,779
355,53.0,23:58,0.583,0.667,5.0,1.0,1.0,0.0,19.0,23.0,792
355,54.0,33:13,0.583,0.0,5.0,1.0,1.0,0.0,16.0,-7.0,807
355,55.0,31:02,0.6920000000000001,0.5,6.0,2.0,2.0,1.0,24.0,26.0,824
355,56.0,19:46,0.273,0.0,3.0,0.0,0.0,0.0,6.0,-14.0,830
355,57.0,24:01,0.5,1.0,4.0,1.0,0.0,0.0,13.0,1.0,845
355,58.0,37:10,0.529,0.5,7.0,4.0,0.0,1.0,25.0,19.0,1227
355,59.0,32:49,0.25,0.2,2.0,2.0,1.0,1.0,8.0,1.0,1255
355,60.0,23:12,0.41700000000000004,0.33299999999999996,2.0,1.0,0.0,0.0,11.0,23.0,1266
355,61.0,27:18,0.6,0.5,6.0,2.0,1.0,0.0,15.0,-15.0,861
355,62.0,32:03,0.5,0.5,9.0,1.0,2.0,1.0,20.0,19.0,880
355,63.0,28:01,0.5,0.5,8.0,3.0,1.0,0.0,13.0,14.0,899
355,64.0,26:41,0.529,0.4,5.0,1.0,0.0,0.0,22.0,-17.0,916
355,65.0,41:16,0.278,0.0,9.0,2.0,0.0,1.0,15.0,7.0,920
355,66.0,32:35,0.524,0.375,7.0,5.0,0.0,2.0,28.0,23.0,935
355,67.0,25:56,0.545,0.25,2.0,2.0,1.0,0.0,17.0,-17.0,959
355,68.0,30:12,0.625,,4.0,2.0,1.0,0.0,12.0,-8.0,968
355,69.0,33:04,0.5,0.0,7.0,0.0,1.0,0.0,14.0,-13.0,983
355,70.0,33:52,0.2,0.33299999999999996,4.0,0.0,0.0,1.0,8.0,11.0,998
355,71.0,36:23,0.667,0.0,5.0,1.0,2.0,3.0,24.0,0.0,1012
355,72.0,31:21,0.5,0.33299999999999996,4.0,3.0,1.0,0.0,14.0,-18.0,1021
355,73.0,25:35,0.375,0.33299999999999996,0.0,3.0,0.0,0.0,11.0,-21.0,1034
355,74.0,34:15,0.33299999999999996,0.0,4.0,1.0,1.0,0.0,12.0,-7.0,1058
355,75.0,29:38,0.5,0.5,6.0,2.0,2.0,0.0,19.0,11.0,1067
355,76.0,24:45,0.222,0.33299999999999996,6.0,3.0,1.0,1.0,8.0,9.0,1081
355,77.0,35:17,0.7140000000000001,0.5,7.0,3.0,1.0,0.0,23.0,12.0,1090
355,78.0,33:37,0.43799999999999994,0.28600000000000003,2.0,1.0,0.0,1.0,16.0,-7.0,1127
355,79.0,22:26,0.41700000000000004,0.75,6.0,2.0,1.0,0.0,17.0,10.0,1143
355,80.0,25:07,0.556,0.33299999999999996,3.0,2.0,2.0,0.0,12.0,3.0,1162
355,81.0,31:09,0.47100000000000003,0.5,5.0,2.0,2.0,0.0,22.0,-1.0,1169
355,82.0,29:47,0.273,0.25,6.0,2.0,2.0,0.0,7.0,11.0,1178
