Player_ID,G,MP,FG%,3P%,TRB,AST,STL,BLK,PTS,+/-,Game_ID
245,1.0,4:13,1.0,,1.0,1.0,0.0,0.0,2.0,4.0,10
245,2.0,1:25,,,0.0,0.0,0.0,0.0,0.0,1.0,37
245,3.0,9:53,0.5,,2.0,2.0,1.0,0.0,2.0,3.0,51
245,4.0,21:35,0.33299999999999996,0.0,3.0,1.0,0.0,0.0,4.0,-3.0,66
245,5.0,32:21,0.5710000000000001,,2.0,3.0,1.0,0.0,8.0,12.0,77
245,6.0,13:19,0.25,0.0,1.0,2.0,1.0,0.0,2.0,4.0,90
245,7.0,31:33,0.33299999999999996,0.0,4.0,4.0,0.0,0.0,4.0,-1.0,103
245,8.0,20:08,0.429,,2.0,2.0,1.0,0.0,8.0,0.0,118
245,9.0,31:02,0.33299999999999996,0.5,4.0,9.0,1.0,0.0,12.0,13.0,129
245,10.0,22:49,0.75,0.0,1.0,3.0,0.0,0.0,7.0,1.0,154
245,11.0,17:34,1.0,,1.0,4.0,2.0,0.0,4.0,-13.0,165
245,12.0,24:43,0.5,,2.0,4.0,0.0,0.0,8.0,12.0,182
245,13.0,16:09,1.0,1.0,4.0,2.0,0.0,0.0,6.0,2.0,196
245,14.0,11:44,0.0,0.0,3.0,0.0,1.0,0.0,0.0,-12.0,237
245,15.0,11:47,0.0,0.0,1.0,3.0,2.0,0.0,0.0,-4.0,251
245,16.0,12:45,0.0,0.0,1.0,1.0,0.0,0.0,0.0,1.0,264
245,17.0,11:42,0.33299999999999996,0.0,1.0,3.0,0.0,0.0,2.0,-9.0,280
245,no play,,,,,,,,,,299
245,18.0,3:33,0.0,,0.0,0.0,0.0,0.0,0.0,-5.0,316
245,no play,,,,,,,,,,325
245,no play,,,,,,,,,,332
245,no play,,,,,,,,,,346
245,no play,,,,,,,,,,363
245,no play,,,,,,,,,,375
245,19.0,5:49,,,0.0,2.0,0.0,0.0,0.0,1.0,389
245,20.0,7:31,,,0.0,2.0,0.0,0.0,0.0,2.0,406
245,21.0,7:19,0.0,0.0,2.0,0.0,1.0,0.0,0.0,2.0,413
245,no play,,,,,,,,,,432
245,22.0,8:09,1.0,,0.0,1.0,0.0,0.0,2.0,-2.0,447
245,no play,,,,,,,,,,466
245,no play,,,,,,,,,,481
245,23.0,12:06,0.0,0.0,0.0,1.0,1.0,0.0,0.0,7.0,498
245,no play,,,,,,,,,,523
245,no play,,,,,,,,,,529
245,no play,,,,,,,,,,549
245,no play,,,,,,,,,,565
245,no play,,,,,,,,,,576
245,no play,,,,,,,,,,588
245,24.0,21:04,0.0,,4.0,2.0,1.0,0.0,4.0,-2.0,609
245,25.0,19:25,0.5710000000000001,0.33299999999999996,10.0,3.0,1.0,0.0,10.0,7.0,619
245,26.0,13:41,1.0,,3.0,3.0,0.0,0.0,2.0,7.0,633
245,27.0,14:22,0.5,1.0,2.0,1.0,2.0,0.0,3.0,3.0,643
245,28.0,5:53,,,0.0,0.0,0.0,0.0,0.0,-10.0,656
245,no play,,,,,,,,,,670
245,29.0,13:30,1.0,,1.0,1.0,0.0,0.0,2.0,7.0,681
245,30.0,17:56,0.8,1.0,3.0,0.0,1.0,0.0,9.0,7.0,706
245,31.0,9:10,,,0.0,1.0,0.0,0.0,0.0,-9.0,719
245,32.0,11:02,0.4,,1.0,0.0,0.0,1.0,4.0,-4.0,730
245,33.0,9:22,0.5,1.0,3.0,2.0,0.0,0.0,3.0,-3.0,748
245,34.0,10:52,1.0,,0.0,3.0,0.0,1.0,4.0,9.0,761
245,35.0,11:40,0.0,,1.0,1.0,1.0,0.0,0.0,-7.0,775
245,36.0,15:28,0.5,,2.0,3.0,1.0,2.0,2.0,-5.0,790
245,37.0,13:22,0.5,,1.0,1.0,1.0,1.0,4.0,-6.0,811
245,38.0,16:35,0.0,0.0,1.0,2.0,0.0,0.0,0.0,-8.0,831
245,39.0,10:17,0.0,0.0,1.0,0.0,0.0,0.0,0.0,-6.0,854
245,no play,,,,,,,,,,1232
245,40.0,6:47,0.33299999999999996,,0.0,2.0,0.0,0.0,2.0,4.0,1253
245,41.0,10:42,0.0,,0.0,1.0,0.0,0.0,0.0,-7.0,1265
245,42.0,17:47,0.0,0.0,5.0,3.0,1.0,0.0,1.0,13.0,857
245,43.0,4:32,0.0,,2.0,0.0,0.0,0.0,0.0,-9.0,871
245,44.0,7:21,1.0,1.0,1.0,0.0,0.0,0.0,5.0,15.0,891
245,45.0,7:51,0.0,0.0,1.0,0.0,0.0,0.0,0.0,-4.0,908
245,46.0,4:39,0.5,1.0,0.0,0.0,1.0,0.0,3.0,-4.0,918
245,no play,,,,,,,,,,932
245,47.0,6:17,,,0.0,0.0,0.0,0.0,0.0,5.0,943
245,48.0,4:33,1.0,,0.0,0.0,0.0,0.0,2.0,4.0,955
245,49.0,6:00,1.0,,0.0,0.0,0.0,0.0,2.0,-9.0,964
245,no play,,,,,,,,,,981
245,50.0,5:16,,,1.0,1.0,0.0,0.0,0.0,5.0,990
245,51.0,7:32,0.0,,0.0,0.0,1.0,0.0,0.0,8.0,1007
245,no play,,,,,,,,,,1023
245,52.0,4:27,0.0,,0.0,1.0,0.0,1.0,0.0,-1.0,1032
245,53.0,0:57,1.0,,0.0,0.0,1.0,0.0,2.0,2.0,1043
245,no play,,,,,,,,,,1070
245,no play,,,,,,,,,,1079
245,no play,,,,,,,,,,1095
245,54.0,15:48,0.5,0.0,0.0,3.0,0.0,0.0,4.0,-12.0,1112
245,no play,,,,,,,,,,1116
245,no play,,,,,,,,,,1137
245,55.0,6:13,0.5,,1.0,0.0,0.0,0.0,2.0,0.0,1153
245,56.0,19:42,0.667,0.5,0.0,3.0,0.0,0.0,11.0,2.0,1169
245,57.0,30:02,0.14300000000000002,0.0,4.0,5.0,2.0,0.0,2.0,4.0,1182
