Player_ID,G,MP,FG%,3P%,TRB,AST,STL,BLK,PTS,+/-,Game_ID
501,1.0,26:28,0.444,0.5,3.0,4.0,0.0,0.0,9.0,-12.0,
501,2.0,25:14,0.0,0.0,0.0,2.0,1.0,0.0,4.0,-12.0,12
501,no play,,,,,,,,,,28
501,3.0,22:02,0.25,1.0,2.0,4.0,0.0,1.0,3.0,1.0,33
501,4.0,32:38,0.6,,3.0,6.0,0.0,0.0,6.0,-9.0,49
501,no play,,,,,,,,,,73
501,no play,,,,,,,,,,82
501,no play,,,,,,,,,,110
501,5.0,21:08,0.273,0.0,2.0,4.0,0.0,0.0,7.0,3.0,123
501,6.0,26:41,0.667,,1.0,3.0,0.0,0.0,16.0,-3.0,130
501,7.0,25:45,0.4,0.0,3.0,6.0,1.0,0.0,11.0,13.0,146
501,8.0,25:47,0.7,,3.0,7.0,1.0,0.0,14.0,30.0,164
501,9.0,27:28,0.6,1.0,2.0,7.0,0.0,0.0,16.0,16.0,178
501,no play,,,,,,,,,,202
501,10.0,28:38,0.3,0.25,1.0,3.0,1.0,0.0,11.0,8.0,209
501,11.0,23:46,0.429,,2.0,4.0,1.0,0.0,7.0,8.0,236
501,12.0,27:28,0.615,1.0,1.0,3.0,0.0,0.0,20.0,2.0,251
501,13.0,29:01,0.0,,2.0,3.0,1.0,0.0,2.0,-11.0,275
501,no play,,,,,,,,,,282
501,no play,,,,,,,,,,299
501,14.0,18:12,0.375,0.0,1.0,5.0,0.0,0.0,6.0,-6.0,319
501,no play,,,,,,,,,,329
501,15.0,24:17,0.4,0.0,1.0,5.0,0.0,0.0,8.0,-11.0,336
501,16.0,19:44,0.625,1.0,1.0,7.0,1.0,0.0,12.0,9.0,353
501,17.0,25:53,0.5329999999999999,0.0,2.0,7.0,0.0,0.0,16.0,2.0,383
501,18.0,25:53,0.5,0.33299999999999996,1.0,1.0,1.0,0.0,11.0,20.0,387
501,19.0,24:03,0.5,,4.0,6.0,0.0,0.0,12.0,19.0,412
501,20.0,24:23,0.429,1.0,2.0,1.0,1.0,0.0,8.0,-3.0,425
501,21.0,27:50,0.125,0.0,2.0,3.0,0.0,0.0,2.0,-6.0,441
501,no play,,,,,,,,,,454
501,22.0,28:12,0.4,0.5,3.0,7.0,1.0,0.0,13.0,19.0,463
501,23.0,28:57,0.625,0.0,1.0,3.0,0.0,0.0,20.0,17.0,487
501,24.0,22:21,0.467,1.0,2.0,5.0,0.0,0.0,18.0,-8.0,504
501,25.0,31:35,0.556,0.5,3.0,7.0,0.0,0.0,22.0,4.0,513
501,26.0,22:02,0.667,1.0,2.0,8.0,0.0,0.0,15.0,25.0,530
501,27.0,23:33,0.909,1.0,3.0,9.0,0.0,0.0,21.0,15.0,547
501,28.0,24:38,0.125,0.0,4.0,2.0,0.0,0.0,2.0,5.0,563
501,29.0,32:32,0.467,0.0,3.0,7.0,1.0,0.0,14.0,-5.0,580
501,30.0,21:19,0.6,,2.0,6.0,0.0,0.0,13.0,17.0,594
501,31.0,31:08,0.5,0.667,1.0,2.0,1.0,0.0,14.0,-9.0,608
501,32.0,28:35,0.462,,0.0,5.0,0.0,0.0,14.0,-3.0,630
501,no play,,,,,,,,,,644
501,no play,,,,,,,,,,662
501,no play,,,,,,,,,,671
501,no play,,,,,,,,,,679
501,33.0,22:11,0.28600000000000003,0.0,1.0,3.0,1.0,1.0,7.0,-1.0,705
501,34.0,22:42,0.667,,0.0,4.0,0.0,0.0,16.0,-13.0,722
501,35.0,25:20,0.0,0.0,6.0,4.0,1.0,0.0,3.0,8.0,733
501,36.0,25:39,0.0,,4.0,6.0,1.0,0.0,1.0,7.0,750
501,37.0,22:59,1.0,,0.0,4.0,3.0,0.0,18.0,20.0,768
501,38.0,29:20,0.429,,2.0,2.0,1.0,0.0,8.0,-17.0,783
501,39.0,30:25,0.583,1.0,1.0,5.0,0.0,0.0,18.0,7.0,788
501,40.0,31:26,0.25,0.0,1.0,12.0,0.0,0.0,2.0,9.0,807
501,41.0,31:21,0.0,0.0,1.0,4.0,0.0,0.0,0.0,4.0,823
501,42.0,29:04,0.5,,1.0,4.0,0.0,0.0,12.0,6.0,827
501,43.0,23:27,0.2,0.0,0.0,8.0,2.0,0.0,5.0,12.0,840
501,44.0,30:34,0.41700000000000004,0.5,2.0,3.0,2.0,0.0,17.0,7.0,1241
501,45.0,19:42,0.8,,3.0,9.0,0.0,0.0,8.0,9.0,1250
501,no play,,,,,,,,,,863
501,46.0,24:02,0.28600000000000003,,1.0,4.0,0.0,0.0,4.0,-6.0,878
501,47.0,16:55,0.2,0.33299999999999996,1.0,2.0,1.0,0.0,3.0,-2.0,886
501,48.0,27:42,0.5,0.5,5.0,3.0,0.0,0.0,19.0,11.0,902
501,49.0,15:43,1.0,,1.0,3.0,0.0,0.0,2.0,-17.0,917
501,no play,,,,,,,,,,922
501,no play,,,,,,,,,,940
501,no play,,,,,,,,,,954
501,no play,,,,,,,,,,971
501,50.0,24:30,0.25,0.0,1.0,2.0,0.0,0.0,4.0,-1.0,993
501,51.0,20:07,0.8,,3.0,7.0,0.0,0.0,16.0,8.0,1002
501,52.0,27:00,0.0,0.0,1.0,5.0,2.0,0.0,2.0,-7.0,1016
501,53.0,29:56,0.41700000000000004,0.33299999999999996,2.0,7.0,0.0,0.0,13.0,6.0,1030
501,54.0,21:59,0.41700000000000004,0.0,1.0,3.0,2.0,0.0,10.0,1.0,1045
501,55.0,19:50,0.33299999999999996,,1.0,1.0,0.0,0.0,2.0,13.0,1059
501,56.0,24:00,0.0,,0.0,2.0,2.0,0.0,0.0,-7.0,1078
501,57.0,23:24,0.364,0.0,1.0,2.0,0.0,0.0,8.0,-16.0,1094
501,58.0,29:50,0.467,,5.0,5.0,0.0,0.0,21.0,9.0,1106
501,59.0,30:31,0.5,1.0,1.0,7.0,2.0,0.0,10.0,2.0,1122
501,60.0,16:21,0.636,0.0,1.0,4.0,1.0,0.0,14.0,4.0,1131
501,no play,,,,,,,,,,1144
501,61.0,19:59,0.2,0.0,0.0,2.0,0.0,0.0,2.0,-10.0,1154
501,62.0,19:52,0.7140000000000001,,2.0,4.0,0.0,0.0,12.0,-4.0,1170
501,63.0,24:05,0.625,0.0,1.0,2.0,1.0,0.0,14.0,-1.0,1188
