Player_ID,G,MP,FG%,3P%,TRB,AST,STL,BLK,PTS,+/-,Game_ID
188,no play,,,,,,,,,,4
188,no play,,,,,,,,,,18
188,no play,,,,,,,,,,23
188,1.0,1:19,,,0.0,0.0,0.0,0.0,0.0,-2.0,52
188,no play,,,,,,,,,,68
188,2.0,14:10,0.5,0.5,2.0,0.0,0.0,0.0,3.0,5.0,91
188,no play,,,,,,,,,,104
188,3.0,24:24,0.5,,3.0,2.0,0.0,0.0,2.0,0.0,119
188,no play,,,,,,,,,,136
188,no play,,,,,,,,,,151
188,no play,,,,,,,,,,170
188,no play,,,,,,,,,,181
188,no play,,,,,,,,,,197
188,no play,,,,,,,,,,209
188,no play,,,,,,,,,,239
188,no play,,,,,,,,,,252
188,4.0,3:44,1.0,1.0,0.0,0.0,0.0,0.0,6.0,-3.0,268
188,5.0,4:22,,,1.0,0.0,0.0,0.0,0.0,-3.0,271
188,no play,,,,,,,,,,286
188,no play,,,,,,,,,,302
188,no play,,,,,,,,,,322
188,no play,,,,,,,,,,1192
188,6.0,5:11,0.5,0.0,1.0,0.0,0.0,0.0,4.0,-8.0,337
188,no play,,,,,,,,,,349
188,no play,,,,,,,,,,361
188,no play,,,,,,,,,,375
188,no play,,,,,,,,,,391
188,no play,,,,,,,,,,401
188,no play,,,,,,,,,,419
188,no play,,,,,,,,,,442
188,no play,,,,,,,,,,468
188,7.0,4:18,,,0.0,0.0,0.0,0.0,1.0,-9.0,482
188,no play,,,,,,,,,,491
188,8.0,1:59,1.0,1.0,0.0,1.0,0.0,0.0,3.0,3.0,509
188,no play,,,,,,,,,,522
188,9.0,1:26,,,0.0,0.0,0.0,0.0,0.0,0.0,534
188,no play,,,,,,,,,,543
188,10.0,8:37,,,0.0,2.0,0.0,0.0,0.0,5.0,563
188,11.0,3:45,,,1.0,0.0,0.0,0.0,0.0,-3.0,579
188,12.0,4:11,,,0.0,0.0,1.0,0.0,2.0,-2.0,597
188,no play,,,,,,,,,,623
188,13.0,3:06,0.0,,0.0,0.0,0.0,0.0,0.0,2.0,634
188,14.0,5:29,0.0,,3.0,0.0,0.0,0.0,0.0,3.0,647
188,no play,,,,,,,,,,657
188,no play,,,,,,,,,,670
188,no play,,,,,,,,,,692
188,no play,,,,,,,,,,703
188,no play,,,,,,,,,,709
188,15.0,6:25,0.0,,1.0,0.0,0.0,0.0,0.0,2.0,734
188,16.0,5:31,0.33299999999999996,1.0,1.0,0.0,1.0,0.0,5.0,9.0,747
188,17.0,2:59,,,0.0,0.0,0.0,0.0,0.0,-4.0,766
188,no play,,,,,,,,,,785
188,no play,,,,,,,,,,800
188,no play,,,,,,,,,,814
188,no play,,,,,,,,,,826
188,18.0,4:37,0.0,0.0,1.0,0.0,0.0,0.0,0.0,-3.0,843
188,no play,,,,,,,,,,1227
188,no play,,,,,,,,,,1242
188,19.0,6:59,,,1.0,0.0,0.0,0.0,0.0,6.0,1257
188,no play,,,,,,,,,,1270
188,20.0,1:38,,,0.0,0.0,0.0,0.0,0.0,0.0,868
188,no play,,,,,,,,,,884
188,no play,,,,,,,,,,901
188,no play,,,,,,,,,,911
188,21.0,7:21,0.5,,0.0,0.0,0.0,0.0,2.0,7.0,925
188,no play,,,,,,,,,,936
188,22.0,8:37,0.0,0.0,0.0,0.0,0.0,0.0,1.0,-16.0,951
188,23.0,8:51,0.0,,1.0,0.0,0.0,1.0,0.0,6.0,965
188,no play,,,,,,,,,,990
188,24.0,2:29,1.0,1.0,0.0,0.0,0.0,0.0,3.0,-4.0,1004
188,no play,,,,,,,,,,1019
188,no play,,,,,,,,,,1033
188,no play,,,,,,,,,,1047
188,no play,,,,,,,,,,1063
188,no play,,,,,,,,,,1074
188,no play,,,,,,,,,,1087
188,no play,,,,,,,,,,1103
188,no play,,,,,,,,,,1116
188,no play,,,,,,,,,,1126
188,25.0,6:19,1.0,1.0,2.0,0.0,0.0,0.0,3.0,-4.0,1150
188,26.0,15:54,0.8,1.0,0.0,0.0,2.0,0.0,12.0,-10.0,1168
188,27.0,25:28,0.5,0.0,4.0,1.0,2.0,0.0,10.0,-15.0,1173
