Player_ID,G,MP,FG%,3P%,TRB,AST,STL,BLK,PTS,+/-,Game_ID
262,1.0,17:55,0.33299999999999996,0.5,2.0,2.0,0.0,0.0,5.0,-11.0,
262,2.0,17:50,0.25,0.25,2.0,0.0,0.0,0.0,6.0,-16.0,20
262,3.0,18:53,0.375,0.25,5.0,1.0,0.0,0.0,7.0,-7.0,31
262,4.0,28:51,0.4,0.28600000000000003,7.0,3.0,0.0,2.0,15.0,23.0,49
262,5.0,22:45,0.0,0.0,4.0,1.0,0.0,0.0,0.0,-3.0,58
262,6.0,29:08,0.125,0.25,7.0,2.0,1.0,1.0,6.0,-12.0,73
262,7.0,20:37,0.33299999999999996,0.25,2.0,1.0,0.0,1.0,5.0,-4.0,83
262,8.0,30:32,0.222,0.33299999999999996,1.0,3.0,1.0,1.0,7.0,29.0,89
262,9.0,18:21,0.5,0.0,6.0,1.0,0.0,0.0,10.0,-8.0,104
262,10.0,20:30,0.429,0.4,4.0,2.0,1.0,0.0,8.0,-6.0,120
262,11.0,20:13,0.28600000000000003,0.0,5.0,0.0,1.0,1.0,4.0,11.0,132
262,12.0,32:08,0.5,0.16699999999999998,5.0,2.0,2.0,0.0,18.0,-9.0,147
262,13.0,20:34,0.364,0.0,6.0,0.0,1.0,0.0,11.0,0.0,169
262,14.0,32:45,0.667,0.5,5.0,0.0,0.0,0.0,21.0,-4.0,180
262,15.0,21:11,0.375,0.5,6.0,1.0,0.0,0.0,8.0,-19.0,193
262,16.0,14:39,0.5,0.0,7.0,2.0,0.0,0.0,5.0,15.0,217
262,17.0,27:24,0.429,0.16699999999999998,10.0,2.0,0.0,0.0,13.0,17.0,242
262,18.0,21:20,0.75,0.33299999999999996,1.0,1.0,1.0,0.0,13.0,-14.0,269
262,19.0,23:55,0.625,0.667,4.0,1.0,0.0,0.0,13.0,9.0,276
262,20.0,24:40,0.625,1.0,1.0,1.0,1.0,1.0,14.0,-4.0,290
262,21.0,20:14,0.444,0.4,4.0,1.0,0.0,1.0,12.0,5.0,307
262,22.0,24:34,0.4,0.33299999999999996,2.0,1.0,1.0,2.0,9.0,-13.0,323
262,23.0,13:18,0.0,0.0,3.0,3.0,0.0,0.0,0.0,5.0,330
262,24.0,22:37,0.308,0.16699999999999998,6.0,2.0,1.0,0.0,9.0,7.0,335
262,25.0,19:26,0.28600000000000003,0.375,5.0,1.0,1.0,0.0,14.0,20.0,354
262,26.0,14:09,0.25,0.0,3.0,0.0,0.0,0.0,2.0,-1.0,382
262,27.0,18:08,0.75,0.5,4.0,3.0,0.0,1.0,13.0,4.0,398
262,28.0,10:28,0.0,0.0,2.0,0.0,0.0,1.0,0.0,-8.0,408
262,29.0,24:12,0.2,0.5,3.0,1.0,0.0,0.0,11.0,-21.0,427
262,30.0,16:18,0.375,0.25,3.0,0.0,1.0,1.0,7.0,-11.0,434
262,31.0,30:04,0.462,0.667,7.0,1.0,0.0,0.0,19.0,9.0,452
262,32.0,12:53,1.0,1.0,6.0,2.0,0.0,0.0,3.0,-2.0,480
262,33.0,18:48,0.5710000000000001,0.6,2.0,1.0,2.0,1.0,11.0,22.0,494
262,34.0,17:38,0.2,0.0,4.0,2.0,0.0,0.0,3.0,1.0,511
262,35.0,12:29,0.0,0.0,2.0,0.0,0.0,0.0,0.0,-4.0,520
262,36.0,5:59,0.0,0.0,0.0,3.0,1.0,0.0,0.0,4.0,527
262,37.0,11:43,0.5,0.75,2.0,0.0,0.0,0.0,9.0,-2.0,542
262,38.0,19:48,0.667,0.5,3.0,1.0,0.0,0.0,13.0,0.0,561
262,39.0,11:50,0.75,1.0,2.0,1.0,1.0,0.0,11.0,7.0,568
262,40.0,17:28,0.364,0.28600000000000003,5.0,1.0,0.0,1.0,12.0,4.0,581
262,41.0,16:43,0.4,0.0,5.0,2.0,1.0,1.0,4.0,1.0,605
262,42.0,13:47,0.2,0.0,1.0,1.0,1.0,0.0,2.0,-8.0,610
262,43.0,5:56,,,3.0,0.0,0.0,0.0,1.0,-10.0,625
262,44.0,16:10,0.25,0.0,4.0,1.0,1.0,0.0,3.0,4.0,653
262,45.0,11:38,0.125,0.0,2.0,3.0,2.0,0.0,2.0,10.0,664
262,46.0,17:16,0.33299999999999996,0.667,4.0,0.0,1.0,1.0,9.0,14.0,678
262,47.0,20:47,0.5,0.5,5.0,1.0,0.0,0.0,6.0,-3.0,683
262,48.0,18:30,0.28600000000000003,0.33299999999999996,3.0,1.0,0.0,0.0,7.0,14.0,698
262,49.0,20:43,0.0,0.0,1.0,2.0,1.0,0.0,0.0,-2.0,713
262,50.0,15:13,0.5,0.5,3.0,1.0,0.0,0.0,7.0,-5.0,744
262,51.0,11:00,0.0,0.0,5.0,0.0,0.0,0.0,1.0,0.0,766
262,52.0,10:46,0.429,0.33299999999999996,4.0,0.0,0.0,0.0,7.0,3.0,778
262,53.0,13:54,0.429,0.5,1.0,0.0,0.0,0.0,8.0,2.0,795
262,54.0,6:56,,,0.0,1.0,0.0,0.0,0.0,-2.0,803
262,55.0,22:05,0.273,0.2,6.0,1.0,0.0,0.0,8.0,-2.0,821
262,56.0,13:29,0.0,0.0,7.0,0.0,0.0,0.0,2.0,5.0,834
262,57.0,2:18,,,0.0,1.0,0.0,0.0,0.0,-3.0,849
262,no play,,,,,,,,,,1236
262,no play,,,,,,,,,,1253
262,no play,,,,,,,,,,1269
262,58.0,20:16,0.16699999999999998,0.0,0.0,1.0,0.0,0.0,3.0,-11.0,864
262,59.0,13:40,0.0,0.0,3.0,1.0,1.0,2.0,0.0,-10.0,876
262,60.0,2:24,,,1.0,0.0,0.0,0.0,0.0,-5.0,892
262,61.0,3:53,0.0,,0.0,0.0,0.0,0.0,0.0,-4.0,904
262,no play,,,,,,,,,,914
262,62.0,26:23,0.4,0.4,6.0,1.0,1.0,1.0,10.0,8.0,933
262,no play,,,,,,,,,,956
262,no play,,,,,,,,,,968
262,63.0,11:16,0.33299999999999996,1.0,4.0,0.0,0.0,0.0,3.0,3.0,974
262,no play,,,,,,,,,,992
262,64.0,3:43,0.0,,1.0,0.0,0.0,0.0,0.0,2.0,1006
262,65.0,3:27,0.0,0.0,1.0,0.0,0.0,0.0,0.0,2.0,1026
262,66.0,2:31,,,0.0,0.0,0.0,0.0,0.0,7.0,1042
262,67.0,3:48,0.0,0.0,0.0,0.0,0.0,0.0,2.0,-1.0,1062
262,68.0,5:49,0.33299999999999996,0.0,1.0,1.0,0.0,0.0,2.0,2.0,1080
262,no play,,,,,,,,,,1095
262,no play,,,,,,,,,,1106
262,69.0,2:55,0.0,0.0,1.0,0.0,0.0,0.0,0.0,3.0,1123
262,no play,,,,,,,,,,1146
262,70.0,5:55,0.33299999999999996,1.0,2.0,0.0,0.0,0.0,5.0,0.0,1155
262,no play,,,,,,,,,,1172
262,71.0,8:56,0.0,,3.0,0.0,0.0,0.0,1.0,0.0,1188
