Player_ID,G,MP,FG%,3P%,TRB,AST,STL,BLK,PTS,+/-,Game_ID
113,1.0,22:25,0.0,,6.0,0.0,0.0,0.0,0.0,17.0,
113,2.0,36:28,1.0,,10.0,1.0,0.0,2.0,11.0,4.0,14
113,3.0,27:14,0.25,,12.0,1.0,1.0,1.0,2.0,11.0,25
113,4.0,26:34,1.0,,10.0,3.0,0.0,1.0,4.0,-3.0,42
113,5.0,31:04,0.857,,14.0,1.0,1.0,3.0,15.0,10.0,64
113,6.0,29:35,0.5,,13.0,0.0,0.0,2.0,7.0,0.0,76
113,7.0,24:57,,,2.0,0.0,1.0,0.0,0.0,-15.0,96
113,8.0,23:00,0.25,,7.0,1.0,1.0,3.0,2.0,10.0,118
113,9.0,29:41,0.5,,12.0,0.0,0.0,2.0,4.0,-10.0,136
113,10.0,29:47,0.875,,11.0,0.0,0.0,1.0,15.0,8.0,149
113,11.0,27:33,0.5,,12.0,3.0,0.0,1.0,2.0,0.0,156
113,12.0,29:41,0.375,0.0,14.0,2.0,0.0,4.0,8.0,24.0,172
113,13.0,27:21,0.667,,6.0,1.0,0.0,0.0,6.0,15.0,211
113,14.0,28:38,0.8,,12.0,1.0,1.0,0.0,11.0,28.0,238
113,15.0,36:29,0.625,,12.0,0.0,0.0,2.0,12.0,5.0,256
113,16.0,30:21,0.5,,5.0,2.0,2.0,3.0,8.0,-11.0,273
113,17.0,34:28,0.33299999999999996,,8.0,0.0,1.0,1.0,3.0,-20.0,289
113,18.0,26:54,1.0,,6.0,1.0,0.0,0.0,11.0,-11.0,296
113,19.0,28:56,0.6,,14.0,1.0,0.0,2.0,6.0,7.0,315
113,20.0,34:17,0.0,,20.0,1.0,2.0,1.0,3.0,27.0,1198
113,21.0,27:42,0.5,,8.0,0.0,0.0,1.0,2.0,11.0,338
113,22.0,27:54,1.0,,12.0,0.0,1.0,0.0,13.0,8.0,349
113,23.0,30:26,0.5,,7.0,0.0,0.0,1.0,6.0,23.0,368
113,24.0,28:28,0.4,,11.0,0.0,1.0,0.0,7.0,-12.0,379
113,25.0,27:14,0.429,,6.0,1.0,0.0,0.0,6.0,-2.0,402
113,26.0,25:54,0.5710000000000001,,12.0,0.0,1.0,1.0,10.0,-3.0,423
113,27.0,26:22,0.33299999999999996,,13.0,1.0,0.0,4.0,5.0,9.0,429
113,28.0,25:50,0.875,,11.0,1.0,1.0,1.0,16.0,29.0,444
113,29.0,27:47,0.4,,8.0,0.0,1.0,0.0,8.0,-8.0,462
113,30.0,26:17,0.5,,10.0,1.0,0.0,1.0,7.0,-2.0,469
113,31.0,32:27,0.556,0.0,9.0,1.0,0.0,0.0,11.0,17.0,493
113,32.0,29:01,0.8,,6.0,0.0,1.0,0.0,11.0,14.0,509
113,33.0,28:05,0.5,,9.0,0.0,0.0,1.0,2.0,-17.0,519
113,34.0,32:47,0.2,,11.0,0.0,2.0,0.0,2.0,-2.0,537
113,35.0,30:24,1.0,,9.0,2.0,3.0,2.0,10.0,19.0,552
113,36.0,28:15,0.5,,10.0,1.0,0.0,0.0,8.0,-6.0,569
113,37.0,34:41,0.625,,12.0,1.0,0.0,0.0,12.0,2.0,581
113,38.0,27:31,0.667,,10.0,2.0,0.0,1.0,9.0,-6.0,590
113,39.0,25:42,0.5,0.0,4.0,0.0,2.0,2.0,9.0,14.0,604
113,40.0,29:39,0.667,,5.0,0.0,0.0,3.0,6.0,-28.0,624
113,41.0,19:36,0.16699999999999998,,6.0,1.0,0.0,2.0,2.0,3.0,641
113,42.0,38:41,0.5379999999999999,,12.0,1.0,0.0,1.0,14.0,14.0,662
113,43.0,27:51,0.2,,7.0,0.0,0.0,1.0,2.0,-2.0,676
113,44.0,31:56,0.667,,8.0,1.0,0.0,1.0,6.0,-4.0,685
113,45.0,28:02,1.0,,10.0,2.0,0.0,1.0,10.0,12.0,700
113,46.0,33:35,0.467,,11.0,1.0,4.0,4.0,19.0,26.0,717
113,47.0,25:30,,,8.0,0.0,0.0,0.0,0.0,-22.0,728
113,48.0,38:42,0.636,,14.0,1.0,1.0,2.0,18.0,18.0,737
113,49.0,32:29,0.75,,5.0,1.0,0.0,0.0,12.0,-7.0,765
113,50.0,41:21,0.769,,12.0,2.0,0.0,0.0,22.0,6.0,775
113,51.0,35:29,1.0,,10.0,2.0,0.0,1.0,6.0,19.0,789
113,52.0,32:20,0.429,,5.0,1.0,1.0,1.0,10.0,-12.0,802
113,53.0,35:34,0.556,,13.0,1.0,1.0,1.0,13.0,10.0,817
113,54.0,35:08,0.857,,11.0,1.0,0.0,0.0,14.0,-2.0,838
113,55.0,36:34,0.545,,12.0,1.0,1.0,0.0,12.0,5.0,841
113,56.0,31:16,0.7140000000000001,,12.0,2.0,0.0,4.0,10.0,6.0,1229
113,57.0,31:40,0.4,,9.0,5.0,0.0,0.0,4.0,-10.0,1247
113,58.0,34:16,0.5,,8.0,1.0,0.0,1.0,8.0,8.0,1260
113,59.0,34:40,0.364,,13.0,2.0,0.0,0.0,9.0,-6.0,862
113,60.0,31:14,0.667,,5.0,1.0,0.0,1.0,4.0,-6.0,873
113,61.0,27:47,0.444,,6.0,3.0,0.0,0.0,10.0,-17.0,882
113,62.0,35:32,1.0,,13.0,1.0,0.0,2.0,8.0,1.0,897
113,63.0,25:58,0.4,,4.0,4.0,1.0,0.0,4.0,-22.0,920
113,64.0,27:44,0.667,,13.0,1.0,0.0,2.0,14.0,-2.0,937
113,65.0,33:05,1.0,,8.0,1.0,0.0,3.0,8.0,-23.0,949
113,66.0,26:23,0.5,,9.0,2.0,1.0,2.0,4.0,20.0,959
113,67.0,28:16,0.25,,8.0,0.0,0.0,1.0,2.0,0.0,974
113,68.0,30:48,0.833,,6.0,0.0,1.0,0.0,11.0,-14.0,991
113,69.0,25:46,1.0,,10.0,1.0,0.0,1.0,4.0,3.0,1003
113,70.0,27:26,0.75,,4.0,2.0,0.0,1.0,6.0,-7.0,1024
113,71.0,26:34,0.75,,7.0,0.0,0.0,0.0,8.0,2.0,1033
113,72.0,26:53,1.0,,4.0,4.0,2.0,1.0,9.0,-15.0,1043
113,73.0,26:01,0.8,,7.0,0.0,0.0,1.0,11.0,-26.0,1059
113,74.0,35:49,0.7,,9.0,0.0,1.0,0.0,15.0,-5.0,1082
113,75.0,29:24,0.429,,11.0,0.0,0.0,1.0,7.0,17.0,1088
113,76.0,42:35,0.7140000000000001,,9.0,0.0,1.0,0.0,12.0,-3.0,1111
113,77.0,28:10,0.33299999999999996,,3.0,1.0,0.0,1.0,2.0,27.0,1117
113,no play,,,,,,,,,,1130
113,no play,,,,,,,,,,1140
113,no play,,,,,,,,,,1158
113,no play,,,,,,,,,,1166
113,78.0,18:28,0.833,,4.0,0.0,1.0,0.0,10.0,-17.0,1179
