Player_ID,G,MP,FG%,3P%,TRB,AST,STL,BLK,PTS,+/-,Game_ID
50,no play,,,,,,,,,,5
50,1.0,9:16,0.5,0.5,0.0,1.0,2.0,0.0,3.0,10.0,24
50,2.0,0:36,,,0.0,0.0,0.0,0.0,0.0,-3.0,37
50,3.0,29:46,0.5710000000000001,0.0,2.0,1.0,1.0,1.0,14.0,-19.0,48
50,no play,,,,,,,,,,56
50,4.0,5:40,,,0.0,0.0,0.0,0.0,0.0,7.0,70
50,no play,,,,,,,,,,84
50,5.0,4:08,0.0,0.0,0.0,0.0,0.0,0.0,0.0,-2.0,98
50,no play,,,,,,,,,,133
50,no play,,,,,,,,,,147
50,6.0,8:40,1.0,,0.0,1.0,1.0,0.0,2.0,-1.0,163
50,7.0,1:47,,,0.0,0.0,0.0,0.0,0.0,-5.0,176
50,8.0,2:20,1.0,,0.0,0.0,0.0,0.0,2.0,3.0,186
50,9.0,4:11,0.0,0.0,0.0,0.0,0.0,0.0,0.0,-7.0,197
50,no play,,,,,,,,,,208
50,10.0,20:29,0.5,1.0,6.0,0.0,1.0,1.0,9.0,6.0,244
50,11.0,35:13,0.5,0.4,3.0,2.0,0.0,0.0,18.0,4.0,254
50,12.0,31:10,0.444,0.0,2.0,3.0,2.0,0.0,9.0,-19.0,268
50,13.0,27:45,0.364,0.0,0.0,2.0,3.0,0.0,10.0,-1.0,278
50,14.0,35:21,0.154,0.16699999999999998,2.0,1.0,3.0,2.0,5.0,-13.0,288
50,15.0,35:11,0.375,0.33299999999999996,6.0,2.0,3.0,0.0,7.0,0.0,305
50,16.0,19:30,0.556,0.33299999999999996,4.0,1.0,1.0,0.0,11.0,-7.0,320
50,17.0,31:22,0.667,0.0,3.0,1.0,2.0,1.0,8.0,-11.0,328
50,18.0,19:36,0.0,0.0,5.0,0.0,2.0,1.0,0.0,-5.0,333
50,19.0,19:28,0.5710000000000001,0.33299999999999996,2.0,2.0,0.0,2.0,11.0,10.0,351
50,20.0,36:06,0.375,0.25,6.0,1.0,0.0,0.0,13.0,-10.0,368
50,21.0,19:19,0.25,0.5,2.0,1.0,2.0,0.0,3.0,-3.0,379
50,22.0,15:31,0.33299999999999996,,2.0,0.0,0.0,1.0,2.0,-1.0,394
50,23.0,4:58,,,0.0,0.0,1.0,0.0,0.0,5.0,408
50,no play,,,,,,,,,,424
50,24.0,0:36,,,0.0,0.0,0.0,0.0,0.0,-1.0,431
50,no play,,,,,,,,,,448
50,no play,,,,,,,,,,467
50,no play,,,,,,,,,,477
50,no play,,,,,,,,,,492
50,no play,,,,,,,,,,507
50,no play,,,,,,,,,,533
50,no play,,,,,,,,,,538
50,no play,,,,,,,,,,555
50,no play,,,,,,,,,,568
50,no play,,,,,,,,,,586
50,no play,,,,,,,,,,600
50,no play,,,,,,,,,,616
50,no play,,,,,,,,,,633
50,no play,,,,,,,,,,649
50,no play,,,,,,,,,,661
50,no play,,,,,,,,,,690
50,no play,,,,,,,,,,708
50,no play,,,,,,,,,,713
50,no play,,,,,,,,,,926
50,no play,,,,,,,,,,949
50,no play,,,,,,,,,,970
50,no play,,,,,,,,,,984
50,no play,,,,,,,,,,994
50,no play,,,,,,,,,,1008
50,no play,,,,,,,,,,1039
50,no play,,,,,,,,,,1051
50,no play,,,,,,,,,,1068
50,no play,,,,,,,,,,1085
50,no play,,,,,,,,,,1096
50,25.0,38:35,0.583,0.667,5.0,3.0,1.0,0.0,21.0,11.0,1113
50,26.0,15:08,0.33299999999999996,0.0,3.0,0.0,1.0,0.0,4.0,-4.0,1129
50,27.0,21:42,0.4,0.0,2.0,0.0,1.0,0.0,4.0,7.0,1143
50,28.0,36:13,0.556,0.25,9.0,2.0,0.0,0.0,12.0,4.0,1161
50,29.0,24:18,0.5,0.25,5.0,1.0,0.0,1.0,15.0,-24.0,1171
50,30.0,2:44,0.5,,0.0,0.0,0.0,0.0,2.0,-4.0,1185
