Player_ID,G,MP,FG%,3P%,TRB,AST,STL,BLK,PTS,+/-,Game_ID
456,no play,,,,,,,,,,6
456,no play,,,,,,,,,,21
456,no play,,,,,,,,,,28
456,no play,,,,,,,,,,47
456,no play,,,,,,,,,,56
456,no play,,,,,,,,,,71
456,no play,,,,,,,,,,95
456,no play,,,,,,,,,,101
456,no play,,,,,,,,,,113
456,no play,,,,,,,,,,125
456,no play,,,,,,,,,,144
456,no play,,,,,,,,,,155
456,no play,,,,,,,,,,173
456,no play,,,,,,,,,,181
456,no play,,,,,,,,,,205
456,no play,,,,,,,,,,218
456,no play,,,,,,,,,,248
456,no play,,,,,,,,,,261
456,no play,,,,,,,,,,274
456,no play,,,,,,,,,,297
456,no play,,,,,,,,,,311
456,no play,,,,,,,,,,320
456,no play,,,,,,,,,,334
456,no play,,,,,,,,,,355
456,no play,,,,,,,,,,359
456,no play,,,,,,,,,,371
456,1.0,11:05,0.667,0.5,3.0,2.0,0.0,0.0,7.0,-6.0,385
456,no play,,,,,,,,,,395
456,2.0,15:21,0.222,0.0,6.0,3.0,0.0,0.0,4.0,4.0,412
456,no play,,,,,,,,,,418
456,3.0,14:40,0.33299999999999996,0.5,1.0,3.0,0.0,0.0,6.0,-13.0,433
456,4.0,14:47,0.14300000000000002,0.5,5.0,5.0,1.0,0.0,7.0,7.0,449
456,5.0,11:28,0.25,0.0,0.0,1.0,0.0,0.0,2.0,-8.0,471
456,6.0,16:06,0.556,0.5,5.0,5.0,0.0,0.0,12.0,4.0,486
456,7.0,18:20,0.455,0.4,5.0,4.0,0.0,0.0,16.0,-5.0,500
456,8.0,18:33,0.222,0.0,3.0,5.0,1.0,0.0,4.0,-20.0,519
456,9.0,12:36,0.5,0.5,2.0,3.0,0.0,0.0,7.0,4.0,544
456,10.0,19:59,0.16699999999999998,0.0,3.0,6.0,1.0,2.0,4.0,-1.0,558
456,11.0,21:02,0.556,0.4,2.0,4.0,0.0,0.0,12.0,-1.0,573
456,12.0,27:48,0.667,0.5,4.0,3.0,4.0,1.0,29.0,8.0,592
456,13.0,22:23,0.4,0.0,1.0,6.0,1.0,0.0,14.0,0.0,607
456,14.0,23:16,0.385,0.0,5.0,4.0,2.0,0.0,12.0,-8.0,621
456,15.0,19:56,0.5,0.667,4.0,5.0,3.0,0.0,18.0,22.0,636
456,16.0,13:08,0.2,0.0,4.0,0.0,2.0,0.0,8.0,-19.0,650
456,17.0,11:35,0.375,0.33299999999999996,2.0,4.0,0.0,0.0,9.0,-2.0,676
456,18.0,21:48,0.455,0.33299999999999996,5.0,9.0,1.0,0.0,14.0,0.0,691
456,19.0,21:29,0.455,0.33299999999999996,2.0,4.0,1.0,0.0,11.0,20.0,705
456,20.0,17:44,0.33299999999999996,0.0,2.0,2.0,0.0,0.0,2.0,-12.0,719
456,no play,,,,,,,,,,731
456,21.0,18:20,0.429,0.0,0.0,1.0,0.0,0.0,9.0,-22.0,741
456,22.0,27:09,0.375,0.667,6.0,2.0,1.0,0.0,15.0,-14.0,761
456,23.0,8:03,0.0,0.0,4.0,1.0,0.0,0.0,0.0,-5.0,780
456,no play,,,,,,,,,,795
456,no play,,,,,,,,,,810
456,24.0,15:09,0.33299999999999996,0.0,3.0,1.0,2.0,0.0,7.0,-1.0,825
456,25.0,24:57,0.545,0.0,4.0,4.0,1.0,0.0,15.0,2.0,835
456,26.0,26:54,0.28600000000000003,0.0,5.0,4.0,2.0,1.0,4.0,-7.0,846
456,27.0,26:02,0.5,0.5,4.0,3.0,1.0,0.0,15.0,18.0,1231
456,28.0,22:10,0.4,0.0,5.0,5.0,0.0,2.0,11.0,-13.0,1242
456,29.0,24:56,0.41700000000000004,1.0,5.0,1.0,1.0,1.0,13.0,-13.0,1264
456,30.0,19:41,0.5,0.6,5.0,0.0,0.0,1.0,15.0,1.0,866
456,no play,,,,,,,,,,892
456,31.0,21:22,0.455,0.5,6.0,2.0,1.0,0.0,12.0,-7.0,903
456,32.0,28:31,0.6920000000000001,0.75,2.0,4.0,2.0,0.0,26.0,-9.0,917
456,no play,,,,,,,,,,932
456,33.0,23:30,0.4,0.4,3.0,2.0,1.0,1.0,16.0,-5.0,944
456,no play,,,,,,,,,,957
456,34.0,14:22,0.0,0.0,2.0,3.0,1.0,0.0,0.0,1.0,972
456,no play,,,,,,,,,,988
456,no play,,,,,,,,,,1002
456,35.0,20:33,0.5710000000000001,0.667,3.0,2.0,0.0,0.0,18.0,-12.0,1025
456,no play,,,,,,,,,,1041
456,36.0,20:43,0.25,0.33299999999999996,4.0,1.0,0.0,0.0,8.0,-22.0,1049
456,no play,,,,,,,,,,1061
456,37.0,24:53,0.33299999999999996,0.2,3.0,1.0,2.0,0.0,9.0,-16.0,1080
456,38.0,19:20,0.33299999999999996,0.5,2.0,2.0,1.0,0.0,11.0,2.0,1092
456,no play,,,,,,,,,,1100
456,39.0,28:21,0.222,0.0,4.0,5.0,1.0,0.0,6.0,3.0,1125
456,40.0,20:03,0.25,0.0,3.0,2.0,1.0,0.0,3.0,-4.0,1148
456,no play,,,,,,,,,,1161
456,no play,,,,,,,,,,1189
