Player_ID,G,MP,FG%,3P%,TRB,AST,STL,BLK,PTS,+/-,Game_ID
204,no play,,,,,,,,,,0
204,no play,,,,,,,,,,18
204,no play,,,,,,,,,,33
204,no play,,,,,,,,,,45
204,no play,,,,,,,,,,67
204,no play,,,,,,,,,,93
204,no play,,,,,,,,,,114
204,no play,,,,,,,,,,132
204,no play,,,,,,,,,,146
204,no play,,,,,,,,,,150
204,no play,,,,,,,,,,166
204,no play,,,,,,,,,,182
204,no play,,,,,,,,,,195
204,no play,,,,,,,,,,214
204,no play,,,,,,,,,,244
204,no play,,,,,,,,,,254
204,1.0,26:41,0.444,0.2,2.0,2.0,0.0,0.0,9.0,1.0,267
204,2.0,31:44,0.5710000000000001,0.556,2.0,2.0,4.0,0.0,22.0,9.0,283
204,3.0,33:32,0.667,0.6,0.0,0.0,1.0,0.0,17.0,-5.0,290
204,4.0,38:40,0.385,0.125,2.0,3.0,0.0,0.0,12.0,5.0,308
204,5.0,32:57,0.35700000000000004,0.364,2.0,3.0,1.0,0.0,14.0,5.0,326
204,6.0,40:39,0.467,0.444,3.0,2.0,0.0,0.0,19.0,-14.0,1195
204,7.0,33:10,0.33299999999999996,0.222,1.0,2.0,0.0,0.0,10.0,-23.0,338
204,8.0,24:38,0.429,0.33299999999999996,3.0,2.0,0.0,0.0,7.0,-6.0,350
204,9.0,33:07,0.273,0.222,2.0,5.0,2.0,1.0,11.0,13.0,363
204,10.0,20:46,0.3,0.25,3.0,1.0,1.0,0.0,8.0,1.0,377
204,11.0,22:44,0.667,0.25,2.0,0.0,0.0,0.0,13.0,-6.0,397
204,no play,,,,,,,,,,411
204,no play,,,,,,,,,,422
204,no play,,,,,,,,,,440
204,no play,,,,,,,,,,449
204,12.0,13:25,0.0,0.0,0.0,0.0,1.0,0.0,0.0,-6.0,478
204,13.0,17:25,0.4,0.444,2.0,1.0,0.0,0.0,12.0,4.0,491
204,14.0,30:17,0.545,0.28600000000000003,1.0,2.0,0.0,0.0,14.0,-6.0,499
204,15.0,37:15,0.467,0.5,4.0,3.0,0.0,0.0,18.0,0.0,514
204,16.0,37:20,0.33299999999999996,0.16699999999999998,1.0,1.0,1.0,0.0,12.0,-12.0,532
204,17.0,24:01,0.5,0.8,0.0,0.0,1.0,1.0,13.0,-14.0,540
204,18.0,16:19,0.0,0.0,2.0,1.0,0.0,0.0,2.0,-9.0,554
204,19.0,20:05,0.14300000000000002,0.0,0.0,1.0,0.0,0.0,4.0,-17.0,566
204,20.0,6:58,0.0,0.0,0.0,0.0,0.0,0.0,3.0,-9.0,583
204,21.0,14:29,0.429,0.33299999999999996,3.0,1.0,0.0,0.0,7.0,3.0,599
204,22.0,28:20,0.545,0.556,4.0,1.0,1.0,0.0,18.0,17.0,628
204,23.0,19:22,0.0,0.0,2.0,0.0,1.0,0.0,0.0,-5.0,642
204,24.0,35:27,0.5,0.33299999999999996,5.0,0.0,1.0,0.0,15.0,13.0,660
204,25.0,32:45,0.25,0.25,2.0,3.0,4.0,0.0,9.0,0.0,673
204,26.0,36:25,0.5329999999999999,0.5710000000000001,4.0,1.0,0.0,0.0,22.0,15.0,687
204,27.0,27:22,0.375,0.25,4.0,2.0,2.0,1.0,14.0,2.0,704
204,28.0,33:36,0.7,0.7140000000000001,0.0,2.0,1.0,0.0,19.0,26.0,710
204,29.0,18:27,0.4,0.0,0.0,0.0,0.0,0.0,4.0,-1.0,725
204,30.0,26:01,0.182,0.16699999999999998,2.0,3.0,0.0,0.0,7.0,6.0,740
204,31.0,15:58,0.5710000000000001,0.5,2.0,0.0,1.0,0.0,11.0,7.0,764
204,32.0,15:27,0.5,1.0,2.0,0.0,0.0,0.0,6.0,0.0,781
204,33.0,28:28,0.545,0.625,2.0,1.0,0.0,0.0,17.0,24.0,793
204,34.0,24:39,0.33299999999999996,0.375,4.0,2.0,1.0,0.0,9.0,-2.0,805
204,35.0,35:45,0.28600000000000003,0.3,5.0,2.0,1.0,0.0,16.0,-6.0,816
204,36.0,20:37,0.28600000000000003,0.33299999999999996,0.0,0.0,0.0,0.0,6.0,0.0,829
204,37.0,15:09,0.4,0.33299999999999996,1.0,1.0,0.0,0.0,5.0,3.0,847
204,38.0,22:16,0.273,0.33299999999999996,1.0,0.0,0.0,0.0,9.0,0.0,1239
204,39.0,21:23,0.4,0.4,4.0,0.0,0.0,0.0,7.0,7.0,1245
204,40.0,17:21,0.33299999999999996,0.33299999999999996,2.0,2.0,0.0,1.0,6.0,-3.0,1262
204,41.0,25:20,0.667,0.667,3.0,0.0,0.0,0.0,18.0,16.0,859
204,42.0,20:19,0.6,0.33299999999999996,2.0,0.0,1.0,0.0,14.0,3.0,872
204,43.0,24:11,0.444,0.5710000000000001,4.0,0.0,1.0,0.0,12.0,10.0,882
204,44.0,31:57,0.5,0.5,4.0,4.0,0.0,0.0,18.0,11.0,897
204,45.0,22:12,0.3,0.375,1.0,0.0,1.0,0.0,9.0,9.0,911
204,46.0,18:40,0.375,0.375,3.0,0.0,1.0,0.0,11.0,1.0,939
204,47.0,27:25,0.5379999999999999,0.455,1.0,2.0,0.0,0.0,19.0,10.0,947
204,48.0,21:49,0.7,0.625,2.0,1.0,1.0,0.0,19.0,-2.0,967
204,49.0,17:32,0.375,0.16699999999999998,2.0,1.0,0.0,0.0,7.0,-10.0,985
204,50.0,22:58,0.3,0.3,5.0,0.0,0.0,0.0,9.0,-5.0,1001
204,51.0,26:34,0.5,0.5,1.0,2.0,1.0,0.0,11.0,19.0,1013
204,52.0,13:25,0.0,0.0,2.0,0.0,0.0,0.0,0.0,-14.0,1028
204,53.0,18:01,0.25,0.33299999999999996,1.0,0.0,0.0,0.0,3.0,7.0,1053
204,54.0,17:21,0.25,0.0,2.0,0.0,0.0,0.0,2.0,0.0,1067
204,55.0,19:16,0.33299999999999996,0.5,2.0,1.0,0.0,0.0,8.0,0.0,1075
204,56.0,21:46,0.3,0.28600000000000003,2.0,0.0,0.0,0.0,8.0,-4.0,1093
204,57.0,13:27,0.375,0.2,1.0,0.0,0.0,0.0,7.0,6.0,1110
204,58.0,12:43,0.25,0.25,2.0,3.0,0.0,0.0,3.0,-3.0,1126
204,59.0,20:22,0.8,0.8,1.0,1.0,1.0,0.0,12.0,-1.0,1141
204,60.0,19:32,0.5,0.4,1.0,1.0,2.0,0.0,10.0,0.0,1153
204,61.0,23:19,0.5,0.5710000000000001,2.0,1.0,1.0,0.0,12.0,16.0,1166
204,62.0,30:33,0.3,0.33299999999999996,7.0,1.0,0.0,0.0,9.0,5.0,1182
