Player_ID,G,MP,FG%,3P%,TRB,AST,STL,BLK,PTS,+/-,Game_ID
356,1.0,11:31,0.5,0.0,2.0,0.0,0.0,1.0,3.0,18.0,13
356,2.0,18:43,0.25,0.33299999999999996,6.0,2.0,0.0,2.0,3.0,-1.0,31
356,3.0,16:30,0.33299999999999996,0.33299999999999996,5.0,0.0,0.0,0.0,3.0,0.0,41
356,4.0,0:33,,,0.0,0.0,0.0,0.0,0.0,-5.0,60
356,5.0,12:29,0.33299999999999996,0.0,0.0,0.0,2.0,1.0,2.0,3.0,70
356,6.0,18:34,0.25,0.0,4.0,1.0,0.0,0.0,2.0,2.0,82
356,7.0,18:18,0.375,0.4,5.0,0.0,0.0,1.0,8.0,4.0,94
356,8.0,18:59,0.33299999999999996,0.25,7.0,0.0,1.0,1.0,5.0,0.0,111
356,9.0,11:06,0.2,0.33299999999999996,5.0,0.0,1.0,1.0,3.0,-1.0,122
356,no play,,,,,,,,,,131
356,no play,,,,,,,,,,148
356,no play,,,,,,,,,,163
356,no play,,,,,,,,,,179
356,no play,,,,,,,,,,188
356,10.0,11:59,0.0,0.0,3.0,0.0,0.0,0.0,0.0,-1.0,203
356,11.0,14:41,0.4,0.0,4.0,1.0,0.0,1.0,4.0,11.0,216
356,12.0,11:55,1.0,1.0,3.0,0.0,0.0,1.0,3.0,-4.0,241
356,13.0,9:49,0.33299999999999996,0.0,2.0,0.0,0.0,0.0,2.0,-5.0,260
356,14.0,12:23,0.5,0.33299999999999996,1.0,1.0,1.0,1.0,5.0,1.0,272
356,no play,,,,,,,,,,289
356,15.0,2:34,0.0,0.0,0.0,1.0,0.0,0.0,0.0,-1.0,297
356,16.0,3:10,,,0.0,0.0,0.0,0.0,0.0,-7.0,313
356,17.0,15:29,0.25,0.5,4.0,1.0,0.0,0.0,7.0,-7.0,1201
356,18.0,21:38,0.667,0.5,6.0,0.0,1.0,0.0,10.0,14.0,355
356,19.0,8:07,0.5,0.5,1.0,0.0,0.0,1.0,3.0,1.0,366
356,20.0,14:36,0.33299999999999996,0.0,5.0,1.0,2.0,1.0,2.0,6.0,376
356,21.0,8:09,1.0,,4.0,0.0,0.0,0.0,2.0,7.0,397
356,22.0,9:39,0.5,0.0,2.0,1.0,1.0,0.0,2.0,-2.0,406
356,23.0,13:38,0.25,0.0,1.0,0.0,1.0,0.0,2.0,-12.0,426
356,24.0,26:51,0.3,0.28600000000000003,9.0,2.0,0.0,1.0,8.0,10.0,441
356,25.0,4:41,,,0.0,0.0,1.0,0.0,0.0,-2.0,455
356,26.0,24:23,0.2,0.0,5.0,2.0,0.0,2.0,2.0,-1.0,465
356,27.0,19:38,0.4,0.25,2.0,4.0,0.0,2.0,7.0,-2.0,475
356,28.0,18:34,0.14300000000000002,0.0,8.0,0.0,0.0,0.0,2.0,-3.0,486
356,29.0,23:53,0.429,0.4,5.0,1.0,3.0,0.0,10.0,-2.0,501
356,30.0,2:04,0.0,,1.0,0.0,0.0,0.0,0.0,-5.0,512
356,31.0,14:59,0.5,0.5,2.0,0.0,0.0,2.0,3.0,2.0,524
356,32.0,6:27,1.0,,1.0,0.0,0.0,0.0,2.0,-3.0,538
356,33.0,16:44,0.33299999999999996,0.0,4.0,0.0,0.0,2.0,2.0,2.0,556
356,34.0,13:30,0.0,0.0,6.0,0.0,1.0,0.0,1.0,-12.0,566
356,35.0,17:57,0.5,0.5,3.0,1.0,2.0,0.0,5.0,-5.0,589
356,36.0,13:40,0.5,1.0,4.0,0.0,0.0,1.0,3.0,-1.0,606
356,no play,,,,,,,,,,626
356,37.0,10:34,0.0,0.0,1.0,0.0,2.0,0.0,0.0,1.0,645
356,38.0,24:42,0.25,0.0,7.0,0.0,0.0,0.0,2.0,-14.0,663
356,39.0,18:58,0.5710000000000001,0.5,8.0,2.0,1.0,0.0,9.0,10.0,672
356,40.0,12:11,1.0,,5.0,0.0,0.0,0.0,2.0,-3.0,680
356,41.0,10:16,0.25,0.33299999999999996,2.0,0.0,0.0,0.0,3.0,-10.0,712
356,42.0,10:32,1.0,,0.0,0.0,0.0,0.0,2.0,-4.0,745
356,43.0,6:34,0.0,,0.0,0.0,1.0,0.0,0.0,2.0,751
356,44.0,10:42,0.75,0.5,2.0,0.0,0.0,0.0,7.0,0.0,772
356,45.0,5:37,0.0,0.0,0.0,0.0,1.0,0.0,0.0,-1.0,777
356,46.0,8:43,0.667,0.0,2.0,0.0,1.0,0.0,4.0,-1.0,797
356,47.0,9:43,0.33299999999999996,0.0,2.0,0.0,0.0,1.0,2.0,7.0,814
356,48.0,10:06,0.0,0.0,2.0,0.0,1.0,1.0,1.0,-4.0,834
356,49.0,19:28,0.5,0.6,4.0,0.0,3.0,1.0,11.0,-3.0,852
356,50.0,5:38,0.5,0.0,3.0,0.0,0.0,0.0,2.0,9.0,1230
356,no play,,,,,,,,,,1241
356,51.0,5:04,0.0,0.0,2.0,0.0,0.0,0.0,0.0,-8.0,1257
356,52.0,4:38,0.0,0.0,2.0,0.0,0.0,0.0,0.0,8.0,865
356,53.0,3:47,0.5,0.5,0.0,0.0,0.0,0.0,3.0,7.0,874
356,54.0,13:31,0.5,0.0,1.0,0.0,0.0,1.0,2.0,-1.0,883
356,55.0,16:19,0.5,0.0,2.0,0.0,1.0,0.0,2.0,2.0,905
356,56.0,7:13,,,1.0,0.0,0.0,0.0,0.0,3.0,915
356,57.0,10:17,0.4,0.0,1.0,0.0,0.0,0.0,4.0,-7.0,921
356,58.0,8:55,1.0,1.0,0.0,0.0,0.0,0.0,3.0,3.0,934
356,59.0,11:24,0.0,0.0,1.0,0.0,1.0,0.0,0.0,-4.0,956
356,60.0,10:31,0.5,,0.0,0.0,0.0,1.0,2.0,-1.0,973
356,61.0,13:56,0.33299999999999996,0.25,2.0,1.0,0.0,0.0,5.0,-26.0,978
356,62.0,6:44,,,1.0,0.0,0.0,1.0,0.0,2.0,991
356,63.0,4:02,0.0,0.0,1.0,0.0,0.0,0.0,0.0,-9.0,1010
356,64.0,6:04,0.0,0.0,3.0,0.0,0.0,0.0,0.0,-1.0,1018
356,no play,,,,,,,,,,1029
356,no play,,,,,,,,,,1042
356,65.0,1:59,,,0.0,0.0,0.0,0.0,0.0,-11.0,1049
356,no play,,,,,,,,,,1079
356,no play,,,,,,,,,,1084
356,no play,,,,,,,,,,1097
356,no play,,,,,,,,,,1133
356,66.0,12:36,0.0,0.0,3.0,0.0,0.0,2.0,0.0,4.0,1154
356,67.0,15:42,0.33299999999999996,0.0,2.0,1.0,0.0,0.0,2.0,-4.0,1171
356,68.0,5:51,0.5,0.0,1.0,0.0,0.0,0.0,2.0,-2.0,1189
