Player_ID,G,MP,FG%,3P%,TRB,AST,STL,BLK,PTS,+/-,Game_ID
189,1.0,9:26,0.667,,1.0,0.0,0.0,0.0,4.0,-3.0,
189,2.0,7:51,0.667,,2.0,0.0,0.0,0.0,4.0,-10.0,24
189,3.0,5:03,,,1.0,0.0,1.0,0.0,0.0,-2.0,46
189,no play,,,,,,,,,,54
189,no play,,,,,,,,,,69
189,no play,,,,,,,,,,83
189,4.0,14:51,0.857,,6.0,0.0,1.0,2.0,14.0,15.0,102
189,5.0,23:32,0.308,,12.0,3.0,2.0,1.0,8.0,-24.0,121
189,6.0,4:05,,,1.0,0.0,0.0,0.0,0.0,-5.0,127
189,7.0,13:19,0.33299999999999996,,6.0,0.0,1.0,0.0,4.0,4.0,142
189,8.0,3:56,0.5,,2.0,0.0,0.0,0.0,2.0,-7.0,158
189,9.0,10:15,1.0,,1.0,0.0,0.0,1.0,5.0,-1.0,165
189,10.0,29:20,0.75,,8.0,1.0,0.0,0.0,7.0,10.0,189
189,11.0,20:42,0.8,,4.0,0.0,0.0,0.0,9.0,9.0,204
189,12.0,19:44,0.6,,9.0,2.0,0.0,1.0,6.0,16.0,239
189,13.0,16:58,0.8,,8.0,1.0,0.0,1.0,8.0,-8.0,252
189,14.0,14:27,0.6,,2.0,3.0,2.0,0.0,8.0,-3.0,266
189,15.0,8:19,1.0,,2.0,1.0,0.0,0.0,6.0,-7.0,281
189,16.0,16:39,0.5,,4.0,1.0,0.0,0.0,6.0,-12.0,295
189,17.0,11:58,1.0,,4.0,3.0,0.0,1.0,4.0,12.0,312
189,18.0,3:23,,,2.0,0.0,0.0,1.0,0.0,-1.0,326
189,19.0,14:59,0.4,1.0,7.0,0.0,1.0,0.0,9.0,-1.0,1198
189,no play,,,,,,,,,,345
189,20.0,19:54,0.375,0.0,12.0,1.0,1.0,2.0,6.0,3.0,360
189,no play,,,,,,,,,,372
189,21.0,20:47,0.5,,10.0,2.0,0.0,1.0,8.0,9.0,388
189,22.0,28:13,0.625,,9.0,2.0,0.0,2.0,17.0,7.0,404
189,23.0,2:22,,,0.0,0.0,0.0,0.0,0.0,-4.0,421
189,24.0,21:19,0.636,0.33299999999999996,5.0,0.0,0.0,0.0,15.0,1.0,439
189,25.0,3:28,,,0.0,0.0,0.0,0.0,0.0,-10.0,461
189,26.0,9:42,0.0,,2.0,1.0,0.0,0.0,0.0,-1.0,483
189,27.0,6:34,1.0,,2.0,0.0,0.0,0.0,2.0,-6.0,500
189,28.0,19:29,0.2,0.0,10.0,0.0,0.0,1.0,3.0,4.0,510
189,29.0,15:48,0.667,,3.0,2.0,0.0,0.0,4.0,-1.0,521
189,30.0,2:43,0.0,,1.0,0.0,0.0,0.0,0.0,1.0,536
189,no play,,,,,,,,,,553
189,31.0,18:29,0.33299999999999996,0.33299999999999996,4.0,0.0,0.0,2.0,8.0,3.0,557
189,32.0,13:16,0.75,,4.0,3.0,0.0,0.0,6.0,8.0,573
189,33.0,2:54,,,0.0,0.0,0.0,0.0,0.0,2.0,585
189,34.0,6:48,,,0.0,0.0,0.0,0.0,0.0,1.0,593
189,35.0,20:52,0.429,0.0,14.0,0.0,0.0,1.0,8.0,-2.0,612
189,no play,,,,,,,,,,618
189,36.0,19:35,0.615,,11.0,1.0,0.0,0.0,17.0,9.0,635
189,no play,,,,,,,,,,643
189,37.0,13:55,0.5,,8.0,1.0,0.0,0.0,6.0,13.0,659
189,38.0,24:23,0.625,,10.0,2.0,1.0,2.0,14.0,12.0,677
189,39.0,24:18,0.444,,16.0,0.0,3.0,0.0,8.0,0.0,693
189,40.0,15:10,0.4,,7.0,3.0,0.0,0.0,4.0,-3.0,703
189,41.0,3:12,0.0,,0.0,0.0,0.0,0.0,0.0,-8.0,716
189,42.0,31:30,0.41700000000000004,,14.0,4.0,0.0,0.0,15.0,-18.0,730
189,43.0,25:08,0.583,,16.0,2.0,2.0,1.0,16.0,9.0,739
189,44.0,35:44,0.7,0.0,5.0,5.0,0.0,2.0,16.0,-4.0,765
189,45.0,24:18,0.33299999999999996,,13.0,1.0,2.0,1.0,8.0,7.0,774
189,46.0,20:00,0.0,,9.0,4.0,0.0,0.0,5.0,3.0,797
189,47.0,8:34,0.857,,4.0,0.0,0.0,0.0,12.0,-6.0,806
189,48.0,29:02,0.75,,9.0,1.0,3.0,0.0,12.0,-2.0,823
189,49.0,32:16,0.5,,10.0,1.0,2.0,3.0,8.0,-12.0,851
189,50.0,27:22,0.4,0.0,11.0,3.0,0.0,2.0,11.0,-5.0,1229
189,51.0,23:06,0.667,,9.0,1.0,0.0,2.0,11.0,1.0,1244
189,52.0,33:30,0.667,,9.0,2.0,1.0,0.0,8.0,1.0,1258
189,no play,,,,,,,,,,856
189,no play,,,,,,,,,,870
189,53.0,13:58,0.8,,5.0,0.0,0.0,0.0,8.0,-17.0,889
189,54.0,17:49,0.7,,8.0,3.0,0.0,0.0,14.0,4.0,896
189,55.0,27:35,0.6,,12.0,1.0,2.0,1.0,13.0,0.0,912
189,56.0,27:19,0.583,,9.0,3.0,1.0,0.0,14.0,-17.0,935
189,57.0,17:00,0.375,0.0,10.0,1.0,0.0,1.0,6.0,-3.0,946
189,58.0,31:12,0.5,,16.0,4.0,3.0,1.0,13.0,7.0,961
189,59.0,19:03,0.28600000000000003,,6.0,0.0,1.0,0.0,4.0,-18.0,976
189,60.0,16:34,0.273,,9.0,0.0,0.0,0.0,8.0,-12.0,1010
189,61.0,17:21,0.5,,11.0,1.0,2.0,0.0,9.0,3.0,1026
189,62.0,20:42,0.5,,8.0,2.0,0.0,2.0,10.0,-10.0,1031
189,63.0,36:00,0.688,,13.0,1.0,1.0,1.0,24.0,-2.0,1045
189,64.0,26:32,0.667,,5.0,2.0,1.0,0.0,15.0,17.0,1058
189,65.0,22:33,0.4,0.0,9.0,1.0,0.0,0.0,12.0,-6.0,1075
189,66.0,29:22,0.33299999999999996,,11.0,2.0,0.0,0.0,10.0,4.0,1093
189,67.0,19:01,0.667,,3.0,3.0,2.0,0.0,12.0,-17.0,1102
189,68.0,21:22,0.364,,9.0,3.0,0.0,0.0,8.0,14.0,1121
189,69.0,30:38,0.33299999999999996,,8.0,1.0,0.0,0.0,13.0,-4.0,1137
189,70.0,29:18,0.5710000000000001,,10.0,3.0,2.0,0.0,11.0,12.0,1142
189,71.0,30:31,0.6,1.0,11.0,5.0,3.0,0.0,24.0,-5.0,1157
189,72.0,18:08,0.5,,10.0,3.0,0.0,0.0,7.0,-4.0,1181
