Player_ID,G,MP,FG%,3P%,TRB,AST,STL,BLK,PTS,+/-,Game_ID
251,1.0,34:46,0.583,0.667,5.0,2.0,0.0,0.0,22.0,-3.0,6
251,2.0,40:57,0.308,0.0,6.0,3.0,0.0,1.0,16.0,1.0,29
251,3.0,29:48,0.7140000000000001,1.0,4.0,3.0,0.0,1.0,16.0,3.0,38
251,no play,,,,,,,,,,63
251,no play,,,,,,,,,,78
251,no play,,,,,,,,,,87
251,no play,,,,,,,,,,98
251,no play,,,,,,,,,,115
251,no play,,,,,,,,,,134
251,no play,,,,,,,,,,140
251,no play,,,,,,,,,,162
251,no play,,,,,,,,,,177
251,4.0,19:02,0.375,0.33299999999999996,2.0,1.0,0.0,0.0,7.0,1.0,193
251,5.0,26:27,0.231,0.5,3.0,2.0,0.0,0.0,10.0,-4.0,206
251,6.0,17:05,0.0,0.0,5.0,0.0,0.0,0.0,1.0,-16.0,217
251,no play,,,,,,,,,,246
251,no play,,,,,,,,,,257
251,no play,,,,,,,,,,283
251,7.0,33:29,0.43799999999999994,0.25,7.0,5.0,1.0,0.0,17.0,-23.0,300
251,8.0,33:43,0.5329999999999999,0.75,5.0,4.0,2.0,1.0,20.0,6.0,307
251,9.0,35:48,0.529,0.33299999999999996,8.0,3.0,2.0,2.0,22.0,5.0,314
251,10.0,39:13,0.4,0.111,9.0,2.0,2.0,1.0,15.0,-3.0,1194
251,11.0,42:46,0.385,0.16699999999999998,2.0,3.0,3.0,0.0,11.0,-2.0,332
251,12.0,24:26,0.625,,4.0,2.0,0.0,0.0,16.0,3.0,347
251,13.0,32:48,0.16699999999999998,0.33299999999999996,3.0,1.0,1.0,0.0,5.0,-25.0,365
251,14.0,23:01,0.375,0.5,1.0,2.0,1.0,1.0,15.0,1.0,386
251,15.0,31:52,0.6,0.667,8.0,2.0,2.0,1.0,17.0,-5.0,404
251,16.0,23:57,0.5710000000000001,0.33299999999999996,2.0,3.0,0.0,0.0,11.0,-14.0,417
251,17.0,32:27,0.6,0.4,5.0,2.0,2.0,0.0,22.0,10.0,426
251,18.0,34:05,0.444,0.33299999999999996,5.0,5.0,0.0,1.0,12.0,-6.0,451
251,19.0,32:03,0.5710000000000001,0.5,8.0,6.0,0.0,0.0,23.0,7.0,475
251,20.0,19:14,0.5,0.0,0.0,2.0,1.0,0.0,6.0,1.0,488
251,21.0,28:06,0.308,0.33299999999999996,5.0,4.0,1.0,1.0,11.0,3.0,505
251,22.0,26:46,0.545,0.4,7.0,4.0,0.0,0.0,14.0,4.0,525
251,23.0,16:01,0.33299999999999996,1.0,4.0,0.0,1.0,0.0,3.0,-7.0,531
251,24.0,14:40,0.33299999999999996,0.0,1.0,2.0,3.0,0.0,7.0,-5.0,547
251,25.0,28:19,0.545,0.6,7.0,1.0,1.0,0.0,21.0,-23.0,560
251,26.0,24:10,0.3,0.5,7.0,3.0,1.0,0.0,9.0,2.0,591
251,27.0,23:47,0.556,0.33299999999999996,0.0,3.0,1.0,0.0,11.0,-13.0,622
251,28.0,35:08,0.563,1.0,4.0,8.0,0.0,0.0,26.0,21.0,631
251,29.0,35:35,0.41700000000000004,0.2,3.0,7.0,0.0,2.0,18.0,-16.0,644
251,30.0,28:39,0.615,0.5,3.0,3.0,1.0,0.0,18.0,16.0,663
251,31.0,25:40,0.0,,2.0,6.0,1.0,1.0,1.0,0.0,669
251,32.0,21:33,0.14300000000000002,0.25,4.0,2.0,0.0,1.0,5.0,4.0,683
251,33.0,25:23,0.857,1.0,2.0,4.0,0.0,0.0,16.0,-7.0,697
251,34.0,20:19,0.4,0.0,5.0,3.0,1.0,0.0,6.0,-1.0,714
251,no play,,,,,,,,,,735
251,no play,,,,,,,,,,743
251,35.0,25:22,0.3,0.25,2.0,4.0,2.0,0.0,9.0,-7.0,758
251,36.0,24:42,0.33299999999999996,0.0,3.0,5.0,1.0,0.0,6.0,-18.0,768
251,37.0,36:50,0.667,0.7140000000000001,8.0,5.0,0.0,2.0,31.0,15.0,782
251,38.0,38:16,0.316,0.0,7.0,7.0,3.0,2.0,17.0,-7.0,791
251,39.0,34:08,0.4,0.25,10.0,4.0,0.0,2.0,15.0,-7.0,806
251,40.0,22:33,0.273,0.5,3.0,4.0,1.0,0.0,12.0,1.0,817
251,41.0,41:03,0.474,0.5,10.0,7.0,1.0,0.0,24.0,25.0,833
251,42.0,38:19,0.467,0.0,9.0,2.0,0.0,1.0,18.0,-7.0,848
251,43.0,32:13,0.467,0.4,2.0,5.0,0.0,1.0,16.0,-27.0,1231
251,44.0,29:47,0.33299999999999996,0.0,5.0,6.0,0.0,0.0,11.0,10.0,1240
251,45.0,24:53,0.4,0.33299999999999996,2.0,3.0,1.0,0.0,6.0,-16.0,1252
251,46.0,29:04,0.467,0.2,8.0,3.0,3.0,0.0,15.0,14.0,1267
251,47.0,20:08,0.455,0.0,4.0,2.0,0.0,0.0,13.0,-7.0,860
251,48.0,31:02,0.273,0.25,4.0,4.0,0.0,1.0,9.0,-2.0,884
251,49.0,26:58,0.33299999999999996,0.33299999999999996,2.0,2.0,1.0,0.0,9.0,-5.0,903
251,50.0,25:36,0.33299999999999996,0.25,2.0,5.0,1.0,0.0,8.0,0.0,918
251,51.0,20:11,0.429,0.33299999999999996,3.0,4.0,0.0,1.0,7.0,11.0,930
251,52.0,15:34,0.16699999999999998,0.0,3.0,1.0,0.0,1.0,2.0,5.0,944
251,53.0,30:24,0.583,0.667,2.0,6.0,1.0,1.0,22.0,28.0,958
251,54.0,35:36,0.667,0.7,5.0,3.0,1.0,0.0,35.0,16.0,978
251,55.0,33:28,0.154,0.111,1.0,4.0,0.0,0.0,10.0,1.0,994
251,56.0,30:21,0.615,0.8,7.0,8.0,1.0,1.0,24.0,3.0,1008
251,57.0,32:43,0.5710000000000001,0.5,4.0,2.0,2.0,0.0,20.0,11.0,1024
251,58.0,23:36,0.364,0.0,4.0,2.0,1.0,0.0,10.0,5.0,1035
251,59.0,21:26,0.33299999999999996,0.0,2.0,4.0,0.0,0.0,8.0,-23.0,1055
251,60.0,19:48,0.429,0.0,1.0,1.0,0.0,1.0,13.0,-15.0,1069
251,no play,,,,,,,,,,1087
251,no play,,,,,,,,,,1110
251,no play,,,,,,,,,,1119
251,no play,,,,,,,,,,1129
251,no play,,,,,,,,,,1145
251,no play,,,,,,,,,,1159
251,no play,,,,,,,,,,1175
251,no play,,,,,,,,,,1186
