Player_ID,G,MP,FG%,3P%,TRB,AST,STL,BLK,PTS,+/-,Game_ID
253,1.0,30:13,0.33299999999999996,0.16699999999999998,7.0,1.0,0.0,0.0,12.0,5.0,6
253,2.0,30:16,0.455,0.33299999999999996,7.0,1.0,0.0,0.0,11.0,-1.0,29
253,3.0,31:17,0.28600000000000003,0.2,3.0,1.0,0.0,1.0,9.0,-2.0,38
253,4.0,27:29,0.667,0.0,6.0,0.0,1.0,0.0,19.0,1.0,63
253,5.0,31:29,0.5,0.25,9.0,0.0,0.0,0.0,21.0,-9.0,78
253,6.0,25:20,0.5710000000000001,0.5,5.0,2.0,1.0,0.0,22.0,28.0,87
253,no play,,,,,,,,,,98
253,no play,,,,,,,,,,115
253,7.0,29:59,0.25,0.0,10.0,2.0,1.0,0.0,6.0,-9.0,134
253,8.0,27:09,0.583,0.0,7.0,1.0,1.0,0.0,18.0,-2.0,140
253,9.0,35:03,0.5,0.667,11.0,5.0,1.0,1.0,28.0,8.0,162
253,10.0,35:47,0.529,0.6,10.0,2.0,0.0,0.0,25.0,3.0,177
253,11.0,24:05,0.7,0.5,4.0,1.0,1.0,0.0,17.0,6.0,193
253,12.0,33:15,0.304,0.25,9.0,3.0,1.0,1.0,16.0,13.0,206
253,13.0,24:52,0.364,0.33299999999999996,9.0,0.0,0.0,0.0,13.0,-17.0,217
253,14.0,37:08,0.56,0.4,11.0,4.0,0.0,1.0,32.0,-16.0,246
253,15.0,39:08,0.47100000000000003,0.5,8.0,2.0,3.0,0.0,25.0,3.0,257
253,16.0,28:47,0.47100000000000003,0.25,7.0,0.0,1.0,0.0,17.0,-1.0,283
253,17.0,29:17,0.526,0.429,5.0,2.0,1.0,0.0,24.0,-8.0,300
253,18.0,40:32,0.5,0.5,5.0,3.0,2.0,0.0,20.0,4.0,307
253,19.0,26:01,0.429,0.667,4.0,2.0,1.0,0.0,10.0,7.0,314
253,20.0,35:22,0.41700000000000004,0.545,16.0,0.0,1.0,0.0,27.0,8.0,1194
253,21.0,32:12,0.125,0.125,8.0,2.0,1.0,0.0,5.0,-24.0,332
253,no play,,,,,,,,,,347
253,22.0,23:00,0.33299999999999996,0.0,1.0,1.0,0.0,0.0,2.0,-19.0,365
253,23.0,35:14,0.375,0.28600000000000003,8.0,3.0,1.0,0.0,17.0,0.0,386
253,24.0,27:16,0.35700000000000004,0.28600000000000003,1.0,3.0,1.0,0.0,12.0,10.0,404
253,25.0,37:40,0.5379999999999999,0.0,8.0,4.0,0.0,0.0,17.0,11.0,417
253,26.0,28:09,0.385,0.25,4.0,3.0,0.0,0.0,13.0,-26.0,426
253,27.0,27:26,0.529,0.25,11.0,2.0,1.0,0.0,19.0,-4.0,451
253,28.0,29:16,0.25,0.0,4.0,3.0,0.0,0.0,2.0,-7.0,475
253,29.0,37:03,0.353,0.33299999999999996,7.0,2.0,1.0,1.0,17.0,2.0,488
253,30.0,35:49,0.5,0.33299999999999996,9.0,3.0,0.0,0.0,10.0,-13.0,505
253,31.0,37:15,0.5,0.375,4.0,2.0,2.0,1.0,21.0,-4.0,525
253,32.0,30:28,0.3,0.28600000000000003,3.0,2.0,1.0,0.0,10.0,-21.0,531
253,33.0,24:27,0.5,0.25,7.0,2.0,0.0,1.0,11.0,-10.0,547
253,34.0,31:53,0.556,0.5,8.0,2.0,0.0,2.0,24.0,0.0,560
253,35.0,31:40,0.615,0.4,7.0,3.0,2.0,0.0,21.0,22.0,591
253,36.0,20:38,0.33299999999999996,0.16699999999999998,8.0,3.0,1.0,0.0,9.0,-10.0,622
253,37.0,26:20,0.455,0.0,6.0,1.0,0.0,3.0,14.0,-12.0,631
253,no play,,,,,,,,,,644
253,38.0,22:30,0.667,1.0,7.0,1.0,1.0,0.0,18.0,21.0,663
253,39.0,34:22,0.545,0.5,6.0,0.0,1.0,1.0,17.0,-5.0,669
253,40.0,19:46,0.25,0.33299999999999996,3.0,2.0,1.0,0.0,3.0,2.0,683
253,41.0,30:54,0.33299999999999996,1.0,9.0,5.0,0.0,0.0,9.0,0.0,697
253,42.0,23:15,0.2,0.0,3.0,0.0,1.0,0.0,6.0,-1.0,714
253,43.0,35:42,0.5,0.667,9.0,4.0,2.0,1.0,26.0,9.0,735
253,44.0,25:01,0.33299999999999996,0.0,3.0,4.0,1.0,1.0,4.0,-19.0,743
253,45.0,41:10,0.35700000000000004,0.0,8.0,3.0,2.0,4.0,23.0,11.0,758
253,46.0,25:47,0.364,0.33299999999999996,2.0,1.0,1.0,0.0,10.0,-17.0,768
253,47.0,40:29,0.545,0.0,10.0,4.0,1.0,1.0,14.0,19.0,782
253,48.0,36:10,0.529,0.5710000000000001,8.0,2.0,2.0,0.0,24.0,-11.0,791
253,49.0,36:33,0.643,0.5,4.0,3.0,2.0,2.0,19.0,11.0,806
253,50.0,34:01,0.4,0.0,6.0,1.0,0.0,0.0,13.0,-12.0,817
253,no play,,,,,,,,,,833
253,no play,,,,,,,,,,848
253,51.0,28:51,0.5379999999999999,0.429,10.0,1.0,0.0,0.0,18.0,-19.0,1231
253,52.0,28:55,0.524,0.33299999999999996,3.0,1.0,0.0,0.0,24.0,19.0,1240
253,53.0,35:44,0.33299999999999996,0.28600000000000003,9.0,6.0,1.0,0.0,14.0,-2.0,1252
253,54.0,28:42,0.462,0.2,3.0,1.0,0.0,1.0,20.0,16.0,1267
253,55.0,35:54,0.5,0.4,5.0,0.0,1.0,0.0,13.0,8.0,860
253,56.0,22:14,0.125,0.2,4.0,3.0,0.0,0.0,6.0,7.0,884
253,57.0,42:30,0.565,0.5,11.0,4.0,2.0,1.0,36.0,9.0,903
253,58.0,34:24,0.625,0.2,3.0,3.0,2.0,0.0,21.0,-8.0,918
253,59.0,34:12,0.5,0.375,9.0,1.0,0.0,1.0,23.0,12.0,930
253,60.0,28:41,0.231,0.0,4.0,1.0,0.0,0.0,6.0,4.0,944
253,no play,,,,,,,,,,958
253,no play,,,,,,,,,,978
253,no play,,,,,,,,,,994
253,no play,,,,,,,,,,1008
253,61.0,40:35,0.5710000000000001,0.25,5.0,3.0,1.0,0.0,18.0,21.0,1024
253,62.0,34:50,0.625,0.6,4.0,2.0,0.0,2.0,24.0,1.0,1035
253,63.0,24:52,0.25,0.0,2.0,2.0,0.0,0.0,4.0,-13.0,1055
253,64.0,36:22,0.5379999999999999,0.33299999999999996,9.0,1.0,0.0,1.0,17.0,-8.0,1069
253,65.0,19:42,0.25,0.25,1.0,1.0,0.0,0.0,5.0,-8.0,1087
253,66.0,31:02,0.615,0.33299999999999996,9.0,2.0,0.0,1.0,19.0,4.0,1110
253,67.0,25:26,0.545,0.4,7.0,2.0,0.0,0.0,18.0,-8.0,1119
253,68.0,34:10,0.33299999999999996,0.2,5.0,0.0,0.0,0.0,16.0,-8.0,1129
253,69.0,29:09,0.5,0.25,7.0,2.0,2.0,0.0,7.0,15.0,1145
253,70.0,41:51,0.545,0.5,10.0,2.0,0.0,1.0,17.0,-2.0,1159
253,71.0,14:39,0.5,0.5,5.0,0.0,0.0,0.0,9.0,2.0,1175
253,no play,,,,,,,,,,1186
