Player_ID,G,MP,FG%,3P%,TRB,AST,STL,BLK,PTS,+/-,Game_ID
420,1.0,14:02,0.667,1.0,1.0,3.0,1.0,0.0,5.0,-5.0,102
420,2.0,12:35,0.33299999999999996,0.0,1.0,2.0,0.0,1.0,2.0,1.0,135
420,3.0,25:38,0.455,0.4,1.0,5.0,0.0,0.0,13.0,2.0,148
420,4.0,18:40,0.6,0.667,1.0,4.0,0.0,0.0,11.0,7.0,153
420,5.0,19:04,0.2,0.0,4.0,1.0,0.0,0.0,6.0,-7.0,174
420,6.0,11:47,0.0,0.0,0.0,1.0,0.0,0.0,0.0,-8.0,190
420,7.0,7:57,0.0,0.0,1.0,0.0,0.0,0.0,0.0,-8.0,213
420,8.0,21:25,0.33299999999999996,0.33299999999999996,2.0,0.0,1.0,0.0,10.0,-11.0,245
420,9.0,16:46,0.33299999999999996,0.25,1.0,1.0,0.0,1.0,5.0,-16.0,258
420,no play,,,,,,,,,,272
420,10.0,3:26,1.0,,0.0,0.0,0.0,0.0,2.0,3.0,287
420,no play,,,,,,,,,,301
420,no play,,,,,,,,,,316
420,no play,,,,,,,,,,1194
420,11.0,35:36,0.33299999999999996,0.25,2.0,7.0,2.0,0.0,9.0,12.0,722
420,12.0,37:37,0.467,0.5,5.0,3.0,4.0,0.0,19.0,10.0,728
420,13.0,37:43,0.231,0.0,3.0,5.0,1.0,1.0,11.0,2.0,742
420,14.0,39:05,0.647,0.818,2.0,5.0,0.0,0.0,32.0,3.0,760
420,15.0,35:04,0.364,0.4,2.0,5.0,2.0,1.0,15.0,-32.0,782
420,16.0,34:53,0.444,0.25,2.0,2.0,1.0,0.0,12.0,7.0,787
420,17.0,25:46,0.375,0.25,4.0,5.0,3.0,0.0,9.0,-6.0,803
420,18.0,31:43,0.5,0.667,3.0,6.0,0.0,0.0,10.0,21.0,819
420,19.0,32:39,0.727,0.5,2.0,5.0,0.0,0.0,20.0,-14.0,832
420,20.0,20:21,0.25,0.33299999999999996,5.0,3.0,2.0,0.0,5.0,-4.0,845
420,21.0,29:59,0.222,0.16699999999999998,3.0,4.0,1.0,0.0,5.0,-5.0,1238
420,22.0,29:27,0.33299999999999996,0.2,5.0,7.0,0.0,0.0,7.0,8.0,1246
420,23.0,29:28,0.222,0.5,5.0,5.0,1.0,0.0,6.0,-2.0,1262
420,24.0,32:20,0.5,0.33299999999999996,2.0,9.0,0.0,0.0,11.0,-12.0,858
420,25.0,28:43,0.5,0.0,2.0,5.0,1.0,0.0,17.0,1.0,875
420,26.0,31:48,0.375,0.33299999999999996,2.0,3.0,0.0,0.0,7.0,22.0,893
420,27.0,32:22,0.667,0.5,2.0,7.0,0.0,0.0,16.0,18.0,907
420,28.0,34:01,0.41700000000000004,0.6,2.0,2.0,1.0,0.0,17.0,2.0,931
420,29.0,27:14,0.429,0.33299999999999996,0.0,1.0,1.0,0.0,13.0,-6.0,942
420,30.0,30:53,0.14300000000000002,0.0,3.0,6.0,1.0,0.0,5.0,-8.0,952
420,31.0,24:44,0.28600000000000003,0.5,1.0,3.0,0.0,0.0,9.0,11.0,964
420,32.0,22:59,0.4,,5.0,3.0,1.0,1.0,4.0,-24.0,980
420,33.0,21:54,0.4,0.0,2.0,5.0,3.0,1.0,8.0,1.0,996
420,34.0,26:37,0.4,0.667,1.0,4.0,2.0,0.0,12.0,-21.0,1015
420,35.0,16:24,0.5,0.5,2.0,1.0,2.0,0.0,5.0,0.0,1029
420,36.0,17:47,0.4,0.5,4.0,4.0,1.0,0.0,10.0,14.0,1044
420,37.0,31:59,0.5,0.75,4.0,5.0,3.0,0.0,13.0,-15.0,1060
420,38.0,23:54,0.5,0.667,3.0,1.0,1.0,1.0,15.0,0.0,1077
420,39.0,16:35,0.25,0.33299999999999996,1.0,1.0,1.0,0.0,3.0,-7.0,1091
420,40.0,30:32,0.5,0.5,5.0,5.0,1.0,0.0,13.0,-11.0,1105
420,41.0,24:36,0.33299999999999996,0.16699999999999998,0.0,5.0,0.0,1.0,7.0,0.0,1125
420,42.0,26:32,0.41700000000000004,0.25,3.0,6.0,2.0,0.0,14.0,-8.0,1133
420,43.0,29:32,0.308,0.2,2.0,5.0,0.0,0.0,11.0,-4.0,1144
420,44.0,32:12,0.5,0.5,4.0,4.0,0.0,0.0,21.0,-14.0,1160
420,45.0,34:34,0.33299999999999996,0.2,5.0,3.0,1.0,0.0,10.0,-9.0,1175
420,46.0,28:14,0.222,0.25,1.0,5.0,1.0,1.0,7.0,-5.0,1184
