Player_ID,G,MP,FG%,3P%,TRB,AST,STL,BLK,PTS,+/-,Game_ID
412,1.0,24:33,0.583,0.5,11.0,1.0,0.0,0.0,19.0,-1.0,5
412,2.0,21:07,0.35700000000000004,1.0,9.0,2.0,0.0,0.0,13.0,8.0,24
412,3.0,25:26,0.625,0.0,8.0,1.0,3.0,0.0,22.0,-7.0,37
412,4.0,10:04,0.16699999999999998,0.0,2.0,0.0,0.0,0.0,2.0,-22.0,48
412,5.0,19:35,0.278,0.0,11.0,0.0,0.0,0.0,10.0,-12.0,56
412,6.0,28:22,0.545,0.0,9.0,2.0,0.0,0.0,15.0,3.0,70
412,7.0,19:57,0.545,1.0,7.0,2.0,0.0,0.0,15.0,3.0,84
412,8.0,22:34,0.615,,8.0,0.0,0.0,0.0,16.0,-6.0,98
412,9.0,22:58,0.462,0.0,7.0,1.0,3.0,0.0,12.0,-8.0,133
412,10.0,22:47,0.5379999999999999,,10.0,0.0,0.0,0.0,18.0,7.0,147
412,11.0,26:27,0.5379999999999999,,7.0,1.0,0.0,0.0,18.0,7.0,163
412,12.0,21:42,0.33299999999999996,0.0,8.0,3.0,0.0,0.0,10.0,3.0,176
412,13.0,20:55,0.636,0.5,7.0,0.0,0.0,0.0,18.0,9.0,186
412,14.0,20:49,0.5,,8.0,1.0,0.0,0.0,14.0,0.0,197
412,15.0,27:08,0.35700000000000004,0.0,6.0,1.0,1.0,2.0,11.0,1.0,208
412,no play,,,,,,,,,,244
412,no play,,,,,,,,,,254
412,no play,,,,,,,,,,268
412,no play,,,,,,,,,,278
412,no play,,,,,,,,,,288
412,no play,,,,,,,,,,305
412,no play,,,,,,,,,,320
412,16.0,21:54,0.313,,14.0,1.0,0.0,0.0,12.0,6.0,328
412,17.0,16:56,0.2,0.0,9.0,2.0,0.0,0.0,7.0,-17.0,333
412,18.0,20:30,0.545,0.5,7.0,1.0,0.0,0.0,14.0,-4.0,351
412,19.0,31:15,0.6,0.0,5.0,2.0,2.0,1.0,18.0,-23.0,368
412,20.0,19:29,0.182,0.0,7.0,4.0,0.0,0.0,6.0,-5.0,379
412,21.0,27:04,0.444,,9.0,5.0,0.0,0.0,10.0,4.0,394
412,22.0,23:03,0.385,0.0,11.0,1.0,1.0,0.0,12.0,4.0,408
412,23.0,20:58,0.28600000000000003,0.0,5.0,2.0,0.0,1.0,9.0,8.0,424
412,24.0,19:17,0.231,0.0,4.0,4.0,1.0,0.0,6.0,9.0,431
412,25.0,19:48,0.727,,5.0,4.0,1.0,0.0,16.0,18.0,448
412,26.0,23:09,0.4,0.33299999999999996,5.0,3.0,1.0,1.0,13.0,2.0,467
412,27.0,28:30,0.462,0.0,10.0,2.0,1.0,0.0,16.0,-6.0,477
412,28.0,24:42,0.588,0.33299999999999996,8.0,2.0,0.0,0.0,21.0,21.0,492
412,29.0,24:12,0.43799999999999994,0.0,6.0,3.0,0.0,0.0,14.0,19.0,507
412,30.0,27:42,0.25,0.5,9.0,1.0,1.0,0.0,11.0,2.0,533
412,31.0,18:51,0.5,,3.0,0.0,0.0,0.0,13.0,-2.0,538
412,32.0,35:00,0.706,1.0,11.0,6.0,0.0,0.0,27.0,24.0,555
412,33.0,27:18,0.375,0.0,11.0,1.0,3.0,1.0,13.0,8.0,568
412,34.0,26:47,0.462,,9.0,1.0,0.0,0.0,14.0,-5.0,586
412,35.0,23:23,0.43799999999999994,0.5,12.0,2.0,2.0,0.0,16.0,11.0,600
412,36.0,32:33,0.368,1.0,16.0,2.0,0.0,0.0,15.0,8.0,616
412,37.0,20:25,0.214,0.0,9.0,0.0,0.0,0.0,6.0,-4.0,633
412,38.0,23:50,0.5,0.667,10.0,2.0,0.0,0.0,20.0,23.0,649
412,39.0,24:11,0.364,0.0,8.0,1.0,0.0,0.0,11.0,-9.0,661
412,40.0,38:25,0.7,0.5,8.0,3.0,0.0,0.0,16.0,-5.0,690
412,41.0,30:35,0.727,0.0,13.0,3.0,1.0,0.0,17.0,3.0,708
412,42.0,33:39,0.6,0.0,9.0,1.0,1.0,0.0,28.0,8.0,713
412,43.0,23:23,0.615,0.667,5.0,0.0,1.0,0.0,18.0,10.0,729
412,44.0,21:26,0.583,0.0,6.0,2.0,0.0,0.0,14.0,13.0,743
412,45.0,29:17,0.429,0.0,10.0,3.0,1.0,0.0,16.0,-19.0,756
412,46.0,31:03,0.2,0.0,10.0,2.0,1.0,1.0,9.0,7.0,769
412,47.0,23:24,0.462,,6.0,0.0,0.0,0.0,15.0,-2.0,783
412,no play,,,,,,,,,,794
412,48.0,24:42,0.556,0.0,13.0,1.0,0.0,0.0,17.0,-12.0,809
412,49.0,18:46,0.25,0.0,3.0,1.0,1.0,0.0,7.0,9.0,828
412,50.0,25:23,0.455,0.0,9.0,0.0,1.0,0.0,16.0,-6.0,846
412,51.0,25:51,0.308,0.0,8.0,0.0,0.0,1.0,11.0,-7.0,1233
412,52.0,26:08,0.5,0.0,11.0,2.0,0.0,0.0,20.0,13.0,1252
412,53.0,26:35,0.667,0.33299999999999996,8.0,2.0,1.0,0.0,23.0,19.0,1268
412,54.0,29:03,0.7859999999999999,0.0,10.0,2.0,1.0,0.0,24.0,-3.0,875
412,55.0,23:39,0.33299999999999996,0.5,6.0,1.0,0.0,0.0,8.0,-6.0,885
412,56.0,15:56,0.33299999999999996,,7.0,3.0,0.0,0.0,10.0,1.0,900
412,57.0,25:05,0.5329999999999999,1.0,11.0,0.0,1.0,1.0,18.0,-15.0,921
412,58.0,18:21,0.5710000000000001,0.0,2.0,1.0,0.0,0.0,9.0,-3.0,941
412,59.0,21:22,0.462,,7.0,1.0,0.0,0.0,14.0,10.0,953
412,60.0,24:54,0.28600000000000003,,9.0,3.0,0.0,0.0,8.0,-5.0,969
412,61.0,17:53,0.308,0.0,5.0,1.0,0.0,0.0,8.0,-6.0,977
412,62.0,26:22,0.583,1.0,7.0,2.0,0.0,0.0,18.0,15.0,993
412,63.0,19:10,0.182,0.0,9.0,1.0,0.0,0.0,4.0,-7.0,1014
412,64.0,27:35,0.28600000000000003,0.0,7.0,2.0,0.0,0.0,8.0,8.0,1030
412,65.0,29:09,0.467,0.0,5.0,3.0,2.0,0.0,15.0,-8.0,1054
412,66.0,31:39,0.278,0.0,15.0,2.0,0.0,1.0,17.0,-6.0,1061
412,67.0,24:44,0.5329999999999999,0.0,6.0,3.0,1.0,0.0,17.0,-2.0,1076
412,68.0,31:30,0.5710000000000001,,12.0,3.0,1.0,0.0,22.0,8.0,1091
412,69.0,30:06,0.375,0.0,6.0,1.0,1.0,0.0,13.0,-13.0,1104
412,70.0,35:14,0.33299999999999996,0.0,16.0,2.0,2.0,0.0,18.0,8.0,1122
412,71.0,26:23,0.5329999999999999,1.0,9.0,1.0,1.0,0.0,20.0,-8.0,1128
412,72.0,14:48,0.125,,4.0,1.0,0.0,0.0,2.0,3.0,1142
412,no play,,,,,,,,,,1162
412,73.0,19:34,0.5,0.0,5.0,2.0,0.0,0.0,15.0,-5.0,1184
